,filename,class,height,width,xmax,xmin,ymax,ymin
0,img/img_00000014.jpg,upper-body clothes,141,106,205,99,227,86
1,img/img_00000022.jpg,upper-body clothes,94,47,68,21,144,50
2,img/img_00000025.jpg,upper-body clothes,89,281,281,0,89,0
3,img/img_00000026.jpg,upper-body clothes,262,80,177,97,407,145
4,img/img_00000030.jpg,upper-body clothes,436,283,304,21,473,37
5,img/img_00000033.jpg,upper-body clothes,288,127,231,104,446,158
6,img/img_00000041.jpg,lower-body clothes,238,104,341,237,457,219
7,img/img_00000047.jpg,lower-body clothes,225,171,241,70,403,178
8,img/img_00000069.jpg,upper-body clothes,257,193,306,113,399,142
9,img/img_00000071.jpg,upper-body clothes,278,183,183,0,278,0
10,img/img_00000077.jpg,upper-body clothes,95,138,241,103,213,118
11,img/img_00000081.jpg,upper-body clothes,273,232,285,53,447,174
12,img/img_00000086.jpg,upper-body clothes,241,91,223,132,355,114
13,img/img_00000088.jpg,upper-body clothes,158,115,237,122,305,147
14,img/img_00000092.jpg,upper-body clothes,107,79,154,75,173,66
15,img/img_00000097.jpg,upper-body clothes,269,216,291,75,443,174
16,img/img_00000103.jpg,upper-body clothes,109,88,148,60,171,62
17,img/img_00000105.jpg,upper-body clothes,269,203,307,104,410,141
18,img/img_00000108.jpg,upper-body clothes,201,118,260,142,315,114
19,img/img_00000110.jpg,full-body clothes,368,286,286,0,368,0
20,img/img_00000113.jpg,full-body clothes,337,92,228,136,410,73
21,img/img_00000118.jpg,full-body clothes,202,61,207,146,348,146
22,img/img_00000125.jpg,full-body clothes,327,90,224,134,446,119
23,img/img_00000128.jpg,full-body clothes,118,34,129,95,151,33
24,img/img_00000132.jpg,full-body clothes,236,173,173,0,236,0
25,img/img_00000139.jpg,upper-body clothes,225,162,182,20,248,23
26,img/img_00000152.jpg,full-body clothes,221,73,124,51,303,82
27,img/img_00000159.jpg,upper-body clothes,277,92,182,90,403,126
28,img/img_00000160.jpg,upper-body clothes,294,186,207,21,416,122
29,img/img_00000172.jpg,lower-body clothes,404,99,231,132,423,19
30,img/img_00000190.jpg,full-body clothes,385,137,204,67,494,109
31,img/img_00000195.jpg,full-body clothes,373,134,246,112,494,121
32,img/img_00000196.jpg,full-body clothes,290,266,266,0,290,0
33,img/img_00000200.jpg,full-body clothes,414,69,231,162,497,83
34,img/img_00000201.jpg,full-body clothes,318,291,291,0,318,0
35,img/img_00000203.jpg,full-body clothes,173,209,209,0,173,0
36,img/img_00000209.jpg,upper-body clothes,208,125,240,115,352,144
37,img/img_00000210.jpg,upper-body clothes,318,195,195,0,318,0
38,img/img_00000212.jpg,upper-body clothes,203,176,243,67,356,153
39,img/img_00000218.jpg,upper-body clothes,179,96,164,68,269,90
40,img/img_00000226.jpg,upper-body clothes,255,284,284,0,255,0
41,img/img_00000228.jpg,full-body clothes,202,211,211,0,202,0
42,img/img_00000229.jpg,full-body clothes,363,170,261,91,472,109
43,img/img_00000230.jpg,full-body clothes,371,75,209,134,490,119
44,img/img_00000242.jpg,full-body clothes,218,102,166,64,271,53
45,img/img_00000250.jpg,full-body clothes,387,191,355,164,491,104
46,img/img_00000252.jpg,full-body clothes,369,161,187,26,482,113
47,img/img_00000254.jpg,full-body clothes,240,121,156,35,320,80
48,img/img_00000262.jpg,upper-body clothes,234,242,305,63,415,181
49,img/img_00000265.jpg,lower-body clothes,385,211,211,0,385,0
50,img/img_00000275.jpg,lower-body clothes,180,155,284,129,479,299
51,img/img_00000281.jpg,full-body clothes,187,172,172,0,187,0
52,img/img_00000282.jpg,full-body clothes,439,293,293,0,439,0
53,img/img_00000286.jpg,full-body clothes,88,97,97,0,88,0
54,img/img_00000299.jpg,lower-body clothes,222,69,183,114,417,195
55,img/img_00000302.jpg,lower-body clothes,108,108,258,150,267,159
56,img/img_00000311.jpg,full-body clothes,205,94,181,87,290,85
57,img/img_00000312.jpg,full-body clothes,142,72,154,82,209,67
58,img/img_00000320.jpg,lower-body clothes,7,349,349,0,7,0
59,img/img_00000338.jpg,upper-body clothes,115,127,239,112,210,95
60,img/img_00000339.jpg,upper-body clothes,60,44,112,68,110,50
61,img/img_00000341.jpg,upper-body clothes,250,116,247,131,387,137
62,img/img_00000342.jpg,upper-body clothes,157,130,221,91,272,115
63,img/img_00000344.jpg,upper-body clothes,243,86,176,90,407,164
64,img/img_00000360.jpg,upper-body clothes,66,78,120,42,136,70
65,img/img_00000363.jpg,upper-body clothes,126,56,126,70,198,72
66,img/img_00000365.jpg,upper-body clothes,228,130,233,103,360,132
67,img/img_00000367.jpg,upper-body clothes,178,89,221,132,289,111
68,img/img_00000377.jpg,upper-body clothes,236,120,244,124,384,148
69,img/img_00000383.jpg,full-body clothes,348,191,275,84,479,131
70,img/img_00000396.jpg,full-body clothes,245,68,179,111,297,52
71,img/img_00000401.jpg,full-body clothes,397,92,308,216,489,92
72,img/img_00000406.jpg,full-body clothes,285,122,149,27,352,67
73,img/img_00000417.jpg,full-body clothes,316,268,268,0,316,0
74,img/img_00000437.jpg,full-body clothes,300,114,225,111,392,92
75,img/img_00000445.jpg,full-body clothes,358,309,309,0,358,0
76,img/img_00000446.jpg,full-body clothes,273,88,264,176,357,84
77,img/img_00000448.jpg,full-body clothes,252,160,322,162,336,84
78,img/img_00000453.jpg,upper-body clothes,132,62,113,51,213,81
79,img/img_00000454.jpg,upper-body clothes,283,152,266,114,411,128
80,img/img_00000457.jpg,upper-body clothes,136,94,197,103,268,132
81,img/img_00000467.jpg,upper-body clothes,301,57,172,115,409,108
82,img/img_00000471.jpg,upper-body clothes,149,70,139,69,217,68
83,img/img_00000475.jpg,upper-body clothes,302,83,179,96,397,95
84,img/img_00000478.jpg,upper-body clothes,151,79,114,35,208,57
85,img/img_00000482.jpg,upper-body clothes,118,74,119,45,182,64
86,img/img_00000492.jpg,upper-body clothes,159,50,112,62,224,65
87,img/img_00000496.jpg,upper-body clothes,225,113,113,0,225,0
88,img/img_00000497.jpg,lower-body clothes,155,75,165,90,187,32
89,img/img_00000498.jpg,lower-body clothes,274,67,264,197,307,33
90,img/img_00000499.jpg,lower-body clothes,333,135,226,91,368,35
91,img/img_00000520.jpg,lower-body clothes,105,128,216,88,390,285
92,img/img_00000523.jpg,lower-body clothes,268,295,304,9,340,72
93,img/img_00000524.jpg,lower-body clothes,153,93,228,135,336,183
94,img/img_00000531.jpg,upper-body clothes,236,141,248,107,369,133
95,img/img_00000533.jpg,upper-body clothes,116,46,127,81,180,64
96,img/img_00000549.jpg,upper-body clothes,328,38,218,180,458,130
97,img/img_00000568.jpg,upper-body clothes,113,101,185,84,195,82
98,img/img_00000572.jpg,upper-body clothes,98,64,219,155,167,69
99,img/img_00000581.jpg,lower-body clothes,60,75,204,129,232,172
100,img/img_00000606.jpg,full-body clothes,436,241,249,8,493,57
101,img/img_00000612.jpg,upper-body clothes,359,278,278,0,359,0
102,img/img_00000616.jpg,upper-body clothes,148,118,153,35,250,102
103,img/img_00000633.jpg,upper-body clothes,119,47,130,83,191,72
104,img/img_00000642.jpg,upper-body clothes,150,92,147,55,218,68
105,img/img_00000655.jpg,lower-body clothes,314,51,141,90,344,30
106,img/img_00000669.jpg,upper-body clothes,226,187,187,0,226,0
107,img/img_00000671.jpg,upper-body clothes,117,57,221,164,203,86
108,img/img_00000676.jpg,upper-body clothes,278,115,244,129,418,140
109,img/img_00000679.jpg,upper-body clothes,112,66,217,151,291,179
110,img/img_00000680.jpg,upper-body clothes,241,55,205,150,394,153
111,img/img_00000693.jpg,upper-body clothes,310,165,256,91,445,135
112,img/img_00000698.jpg,upper-body clothes,374,73,231,158,474,100
113,img/img_00000715.jpg,upper-body clothes,405,83,199,116,483,78
114,img/img_00000722.jpg,upper-body clothes,308,137,291,154,423,115
115,img/img_00000727.jpg,upper-body clothes,325,82,296,214,419,94
116,img/img_00000730.jpg,upper-body clothes,194,93,284,191,274,80
117,img/img_00000733.jpg,full-body clothes,201,50,139,89,247,46
118,img/img_00000737.jpg,full-body clothes,154,73,153,80,202,48
119,img/img_00000741.jpg,full-body clothes,352,77,210,133,495,143
120,img/img_00000744.jpg,full-body clothes,330,60,217,157,389,59
121,img/img_00000747.jpg,full-body clothes,302,78,188,110,358,56
122,img/img_00000753.jpg,full-body clothes,239,392,392,0,239,0
123,img/img_00000754.jpg,full-body clothes,422,112,215,103,498,76
124,img/img_00000756.jpg,full-body clothes,185,312,312,0,185,0
125,img/img_00000762.jpg,full-body clothes,381,64,212,148,464,83
126,img/img_00000782.jpg,full-body clothes,353,89,189,100,420,67
127,img/img_00000784.jpg,full-body clothes,329,347,347,0,329,0
128,img/img_00000787.jpg,full-body clothes,264,80,238,158,344,80
129,img/img_00000800.jpg,upper-body clothes,310,230,230,0,310,0
130,img/img_00000801.jpg,upper-body clothes,256,96,188,92,361,105
131,img/img_00000804.jpg,upper-body clothes,307,368,368,0,307,0
132,img/img_00000806.jpg,upper-body clothes,261,86,189,103,393,132
133,img/img_00000813.jpg,upper-body clothes,157,102,159,57,226,69
134,img/img_00000836.jpg,upper-body clothes,178,108,226,118,281,103
135,img/img_00000844.jpg,full-body clothes,309,47,201,154,409,100
136,img/img_00000851.jpg,lower-body clothes,264,102,237,135,460,196
137,img/img_00000856.jpg,lower-body clothes,231,91,185,94,355,124
138,img/img_00000857.jpg,lower-body clothes,247,85,190,105,263,16
139,img/img_00000865.jpg,lower-body clothes,433,127,237,110,466,33
140,img/img_00000868.jpg,upper-body clothes,99,66,84,18,100,1
141,img/img_00000870.jpg,upper-body clothes,275,202,256,54,413,138
142,img/img_00000895.jpg,upper-body clothes,176,79,221,142,259,83
143,img/img_00000899.jpg,upper-body clothes,99,49,108,59,156,57
144,img/img_00000902.jpg,upper-body clothes,220,80,154,74,302,82
145,img/img_00000904.jpg,upper-body clothes,159,116,169,53,239,80
146,img/img_00000907.jpg,upper-body clothes,87,58,186,128,138,51
147,img/img_00000914.jpg,upper-body clothes,222,183,288,105,417,195
148,img/img_00000915.jpg,upper-body clothes,160,136,266,130,235,75
149,img/img_00000927.jpg,upper-body clothes,106,123,123,0,106,0
150,img/img_00000936.jpg,upper-body clothes,201,51,127,76,274,73
151,img/img_00000961.jpg,lower-body clothes,367,130,289,159,391,24
152,img/img_00000964.jpg,lower-body clothes,307,102,211,109,320,13
153,img/img_00000969.jpg,lower-body clothes,242,74,162,88,295,53
154,img/img_00000972.jpg,lower-body clothes,218,137,235,98,429,211
155,img/img_00000974.jpg,lower-body clothes,179,62,176,114,320,141
156,img/img_00000983.jpg,upper-body clothes,159,135,227,92,308,149
157,img/img_00000989.jpg,upper-body clothes,274,212,301,89,462,188
158,img/img_00000990.jpg,upper-body clothes,245,210,271,61,469,224
159,img/img_00000996.jpg,upper-body clothes,204,172,219,47,364,160
160,img/img_00001002.jpg,upper-body clothes,341,159,236,77,386,45
161,img/img_00001024.jpg,lower-body clothes,239,66,92,26,459,220
162,img/img_00001027.jpg,lower-body clothes,167,70,126,56,207,40
163,img/img_00001030.jpg,upper-body clothes,85,88,295,207,229,144
164,img/img_00001035.jpg,upper-body clothes,196,111,210,99,343,147
165,img/img_00001040.jpg,upper-body clothes,192,133,133,0,192,0
166,img/img_00001044.jpg,upper-body clothes,168,93,131,38,236,68
167,img/img_00001045.jpg,upper-body clothes,348,312,312,0,348,0
168,img/img_00001047.jpg,upper-body clothes,52,167,167,0,52,0
169,img/img_00001049.jpg,upper-body clothes,318,232,278,46,380,62
170,img/img_00001052.jpg,full-body clothes,408,146,191,45,478,70
171,img/img_00001055.jpg,full-body clothes,358,329,329,0,358,0
172,img/img_00001064.jpg,full-body clothes,405,160,317,157,490,85
173,img/img_00001069.jpg,full-body clothes,226,67,161,94,275,49
174,img/img_00001072.jpg,full-body clothes,405,162,266,104,483,78
175,img/img_00001075.jpg,upper-body clothes,13,83,83,0,13,0
176,img/img_00001080.jpg,upper-body clothes,464,236,236,0,464,0
177,img/img_00001082.jpg,upper-body clothes,223,115,202,87,229,6
178,img/img_00001090.jpg,upper-body clothes,232,91,161,70,351,119
179,img/img_00001092.jpg,upper-body clothes,143,143,248,105,283,140
180,img/img_00001099.jpg,upper-body clothes,292,147,147,0,292,0
181,img/img_00001105.jpg,full-body clothes,372,59,203,144,478,106
182,img/img_00001107.jpg,full-body clothes,180,71,145,74,233,53
183,img/img_00001110.jpg,full-body clothes,278,193,262,69,379,101
184,img/img_00001123.jpg,full-body clothes,302,214,214,0,302,0
185,img/img_00001126.jpg,full-body clothes,188,80,203,123,263,75
186,img/img_00001137.jpg,full-body clothes,275,229,283,54,383,108
187,img/img_00001153.jpg,upper-body clothes,275,133,248,115,403,128
188,img/img_00001178.jpg,full-body clothes,250,82,186,104,329,79
189,img/img_00001180.jpg,full-body clothes,230,342,342,0,230,0
190,img/img_00001185.jpg,full-body clothes,330,138,219,81,462,132
191,img/img_00001187.jpg,full-body clothes,283,90,293,203,375,92
192,img/img_00001188.jpg,full-body clothes,194,71,104,33,252,58
193,img/img_00001191.jpg,full-body clothes,360,141,246,105,489,129
194,img/img_00001193.jpg,full-body clothes,409,186,258,72,474,65
195,img/img_00001195.jpg,full-body clothes,169,70,226,156,300,131
196,img/img_00001200.jpg,upper-body clothes,81,64,118,54,133,52
197,img/img_00001203.jpg,upper-body clothes,316,208,373,165,454,138
198,img/img_00001208.jpg,upper-body clothes,231,161,223,62,342,111
199,img/img_00001210.jpg,upper-body clothes,316,133,232,99,428,112
200,img/img_00001218.jpg,upper-body clothes,187,121,262,141,247,60
201,img/img_00001219.jpg,upper-body clothes,298,162,294,132,462,164
202,img/img_00001228.jpg,full-body clothes,395,40,224,184,467,72
203,img/img_00001234.jpg,upper-body clothes,302,319,319,0,302,0
204,img/img_00001237.jpg,upper-body clothes,300,48,155,107,442,142
205,img/img_00001244.jpg,upper-body clothes,211,93,184,91,322,111
206,img/img_00001245.jpg,upper-body clothes,117,45,112,67,189,72
207,img/img_00001252.jpg,full-body clothes,368,292,292,0,368,0
208,img/img_00001256.jpg,full-body clothes,353,209,280,71,473,120
209,img/img_00001270.jpg,upper-body clothes,318,64,200,136,452,134
210,img/img_00001290.jpg,full-body clothes,285,164,258,94,411,126
211,img/img_00001291.jpg,full-body clothes,173,78,96,18,182,9
212,img/img_00001292.jpg,full-body clothes,226,97,301,204,306,80
213,img/img_00001304.jpg,upper-body clothes,261,166,247,81,396,135
214,img/img_00001316.jpg,upper-body clothes,105,284,284,0,105,0
215,img/img_00001322.jpg,lower-body clothes,51,267,267,0,51,0
216,img/img_00001323.jpg,lower-body clothes,396,165,450,285,431,35
217,img/img_00001327.jpg,lower-body clothes,377,129,392,263,433,56
218,img/img_00001346.jpg,lower-body clothes,370,154,246,92,444,74
219,img/img_00001348.jpg,lower-body clothes,415,143,252,109,446,31
220,img/img_00001362.jpg,lower-body clothes,205,85,138,53,213,8
221,img/img_00001365.jpg,lower-body clothes,30,379,379,0,30,0
222,img/img_00001369.jpg,lower-body clothes,166,58,111,53,174,8
223,img/img_00001370.jpg,lower-body clothes,221,102,233,131,446,225
224,img/img_00001371.jpg,lower-body clothes,405,239,319,80,416,11
225,img/img_00001376.jpg,lower-body clothes,389,125,322,197,428,39
226,img/img_00001378.jpg,lower-body clothes,340,135,221,86,361,21
227,img/img_00001384.jpg,lower-body clothes,149,79,294,215,203,54
228,img/img_00001390.jpg,upper-body clothes,375,336,336,0,375,0
229,img/img_00001396.jpg,upper-body clothes,350,115,323,208,460,110
230,img/img_00001397.jpg,upper-body clothes,465,490,490,0,465,0
231,img/img_00001399.jpg,lower-body clothes,231,108,185,77,474,243
232,img/img_00001400.jpg,lower-body clothes,166,98,202,104,354,188
233,img/img_00001406.jpg,upper-body clothes,94,60,124,64,168,74
234,img/img_00001414.jpg,upper-body clothes,290,95,218,123,412,122
235,img/img_00001416.jpg,upper-body clothes,169,84,176,92,240,71
236,img/img_00001417.jpg,upper-body clothes,265,69,201,132,383,118
237,img/img_00001418.jpg,upper-body clothes,326,94,186,92,458,132
238,img/img_00001426.jpg,upper-body clothes,274,49,197,148,394,120
239,img/img_00001433.jpg,upper-body clothes,198,152,220,68,315,117
240,img/img_00001434.jpg,upper-body clothes,277,57,201,144,396,119
241,img/img_00001435.jpg,upper-body clothes,218,133,275,142,358,140
242,img/img_00001440.jpg,upper-body clothes,126,37,131,94,186,60
243,img/img_00001442.jpg,upper-body clothes,339,85,285,200,492,153
244,img/img_00001443.jpg,upper-body clothes,161,106,209,103,256,95
245,img/img_00001444.jpg,upper-body clothes,187,86,135,49,281,94
246,img/img_00001446.jpg,upper-body clothes,161,103,154,51,254,93
247,img/img_00001457.jpg,upper-body clothes,294,127,203,76,442,148
248,img/img_00001462.jpg,upper-body clothes,227,128,224,96,349,122
249,img/img_00001463.jpg,upper-body clothes,208,152,319,167,306,98
250,img/img_00001483.jpg,upper-body clothes,142,114,218,104,232,90
251,img/img_00001485.jpg,upper-body clothes,407,169,169,0,407,0
252,img/img_00001487.jpg,upper-body clothes,291,241,241,0,291,0
253,img/img_00001488.jpg,upper-body clothes,335,134,218,84,367,32
254,img/img_00001495.jpg,upper-body clothes,262,150,188,38,388,126
255,img/img_00001497.jpg,upper-body clothes,300,195,378,183,480,180
256,img/img_00001500.jpg,upper-body clothes,248,98,244,146,408,160
257,img/img_00001513.jpg,upper-body clothes,349,280,280,0,349,0
258,img/img_00001519.jpg,upper-body clothes,422,275,275,0,422,0
259,img/img_00001520.jpg,upper-body clothes,161,336,336,0,161,0
260,img/img_00001522.jpg,upper-body clothes,167,109,247,138,266,99
261,img/img_00001523.jpg,upper-body clothes,48,45,157,112,96,48
262,img/img_00001540.jpg,upper-body clothes,116,152,152,0,116,0
263,img/img_00001546.jpg,upper-body clothes,307,143,274,131,382,75
264,img/img_00001547.jpg,lower-body clothes,62,81,145,64,223,161
265,img/img_00001552.jpg,lower-body clothes,132,66,148,82,288,156
266,img/img_00001555.jpg,lower-body clothes,208,52,203,151,425,217
267,img/img_00001567.jpg,upper-body clothes,283,111,203,92,298,15
268,img/img_00001571.jpg,upper-body clothes,365,229,273,44,503,138
269,img/img_00001587.jpg,full-body clothes,286,175,238,63,414,128
270,img/img_00001588.jpg,full-body clothes,170,64,130,66,232,62
271,img/img_00001589.jpg,full-body clothes,234,114,189,75,354,120
272,img/img_00001597.jpg,full-body clothes,355,44,207,163,464,109
273,img/img_00001600.jpg,upper-body clothes,234,126,258,132,409,175
274,img/img_00001604.jpg,upper-body clothes,279,107,221,114,442,163
275,img/img_00001606.jpg,upper-body clothes,335,128,128,0,335,0
276,img/img_00001608.jpg,upper-body clothes,157,217,217,0,157,0
277,img/img_00001611.jpg,upper-body clothes,314,281,281,0,314,0
278,img/img_00001621.jpg,upper-body clothes,154,94,155,61,233,79
279,img/img_00001622.jpg,upper-body clothes,167,81,169,88,236,69
280,img/img_00001626.jpg,upper-body clothes,239,142,240,98,352,113
281,img/img_00001628.jpg,upper-body clothes,249,71,167,96,365,116
282,img/img_00001638.jpg,full-body clothes,352,112,197,85,472,120
283,img/img_00001640.jpg,full-body clothes,355,178,254,76,469,114
284,img/img_00001644.jpg,upper-body clothes,428,60,172,112,482,54
285,img/img_00001646.jpg,upper-body clothes,282,187,278,91,433,151
286,img/img_00001654.jpg,full-body clothes,311,94,227,133,389,78
287,img/img_00001655.jpg,full-body clothes,311,80,232,152,397,86
288,img/img_00001664.jpg,full-body clothes,154,53,143,90,207,53
289,img/img_00001665.jpg,full-body clothes,410,128,329,201,494,84
290,img/img_00001668.jpg,upper-body clothes,216,183,268,85,387,171
291,img/img_00001679.jpg,upper-body clothes,314,54,147,93,397,83
292,img/img_00001689.jpg,lower-body clothes,232,71,189,118,397,165
293,img/img_00001690.jpg,lower-body clothes,170,65,151,86,301,131
294,img/img_00001692.jpg,lower-body clothes,165,58,154,96,318,153
295,img/img_00001694.jpg,lower-body clothes,237,81,168,87,405,168
296,img/img_00001698.jpg,lower-body clothes,196,124,124,0,196,0
297,img/img_00001700.jpg,lower-body clothes,307,97,172,75,327,20
298,img/img_00001702.jpg,lower-body clothes,193,81,227,146,417,224
299,img/img_00001704.jpg,lower-body clothes,128,53,119,66,233,105
300,img/img_00001721.jpg,full-body clothes,297,71,165,94,390,93
301,img/img_00001723.jpg,full-body clothes,357,132,220,88,449,92
302,img/img_00001724.jpg,full-body clothes,380,93,237,144,468,88
303,img/img_00001732.jpg,upper-body clothes,111,60,124,64,183,72
304,img/img_00001733.jpg,upper-body clothes,288,221,221,0,288,0
305,img/img_00001735.jpg,upper-body clothes,266,330,330,0,266,0
306,img/img_00001737.jpg,upper-body clothes,187,71,191,120,258,71
307,img/img_00001741.jpg,upper-body clothes,152,154,187,33,263,111
308,img/img_00001747.jpg,upper-body clothes,270,88,261,173,415,145
309,img/img_00001748.jpg,upper-body clothes,401,124,282,158,431,30
310,img/img_00001750.jpg,upper-body clothes,224,223,223,0,224,0
311,img/img_00001762.jpg,upper-body clothes,212,88,163,75,319,107
312,img/img_00001775.jpg,upper-body clothes,283,250,308,58,469,186
313,img/img_00001776.jpg,upper-body clothes,93,79,142,63,170,77
314,img/img_00001781.jpg,lower-body clothes,319,94,202,108,489,170
315,img/img_00001782.jpg,lower-body clothes,372,93,141,48,394,22
316,img/img_00001785.jpg,lower-body clothes,209,77,144,67,217,8
317,img/img_00001786.jpg,lower-body clothes,162,63,141,78,194,32
318,img/img_00001790.jpg,lower-body clothes,256,99,215,116,464,208
319,img/img_00001793.jpg,lower-body clothes,219,205,205,0,219,0
320,img/img_00001794.jpg,lower-body clothes,262,86,235,149,431,169
321,img/img_00001798.jpg,lower-body clothes,336,272,272,0,336,0
322,img/img_00001801.jpg,lower-body clothes,165,143,143,0,165,0
323,img/img_00001804.jpg,lower-body clothes,192,98,272,174,277,85
324,img/img_00001806.jpg,full-body clothes,319,75,181,106,408,89
325,img/img_00001823.jpg,upper-body clothes,293,62,200,138,382,89
326,img/img_00001830.jpg,upper-body clothes,349,258,258,0,349,0
327,img/img_00001848.jpg,full-body clothes,294,168,232,64,296,2
328,img/img_00001852.jpg,full-body clothes,382,89,194,105,391,9
329,img/img_00001854.jpg,upper-body clothes,312,240,370,130,418,106
330,img/img_00001859.jpg,upper-body clothes,162,105,169,64,227,65
331,img/img_00001864.jpg,upper-body clothes,241,121,153,32,343,102
332,img/img_00001881.jpg,upper-body clothes,182,81,192,111,316,134
333,img/img_00001884.jpg,upper-body clothes,176,53,171,118,275,99
334,img/img_00001889.jpg,upper-body clothes,502,324,324,0,502,0
335,img/img_00001892.jpg,upper-body clothes,218,62,267,205,339,121
336,img/img_00001898.jpg,lower-body clothes,203,222,338,116,229,26
337,img/img_00001900.jpg,lower-body clothes,49,93,93,0,49,0
338,img/img_00001903.jpg,lower-body clothes,330,219,219,0,330,0
339,img/img_00001914.jpg,lower-body clothes,75,96,241,145,273,198
340,img/img_00001921.jpg,lower-body clothes,75,105,276,171,267,192
341,img/img_00001922.jpg,lower-body clothes,100,151,238,87,398,298
342,img/img_00001927.jpg,lower-body clothes,98,103,190,87,283,185
343,img/img_00001929.jpg,lower-body clothes,75,88,138,50,76,1
344,img/img_00001935.jpg,full-body clothes,387,40,228,188,489,102
345,img/img_00001937.jpg,full-body clothes,381,44,221,177,486,105
346,img/img_00001940.jpg,full-body clothes,373,219,219,0,373,0
347,img/img_00001950.jpg,full-body clothes,342,243,347,104,459,117
348,img/img_00001961.jpg,lower-body clothes,114,89,193,104,331,217
349,img/img_00001962.jpg,lower-body clothes,150,163,267,104,450,300
350,img/img_00001964.jpg,lower-body clothes,61,96,175,79,261,200
351,img/img_00001966.jpg,upper-body clothes,237,82,198,116,359,122
352,img/img_00001979.jpg,full-body clothes,419,373,390,17,463,44
353,img/img_00001983.jpg,full-body clothes,82,121,121,0,82,0
354,img/img_00001984.jpg,full-body clothes,72,124,124,0,72,0
355,img/img_00001991.jpg,lower-body clothes,40,83,205,122,174,134
356,img/img_00002000.jpg,lower-body clothes,87,124,181,57,273,186
357,img/img_00002002.jpg,full-body clothes,443,491,501,10,448,5
358,img/img_00002007.jpg,full-body clothes,263,111,216,105,348,85
359,img/img_00002019.jpg,full-body clothes,377,81,141,60,456,79
360,img/img_00002021.jpg,full-body clothes,255,118,197,79,346,91
361,img/img_00002024.jpg,full-body clothes,249,79,151,72,314,65
362,img/img_00002040.jpg,lower-body clothes,61,97,97,0,61,0
363,img/img_00002044.jpg,upper-body clothes,151,56,137,81,205,54
364,img/img_00002051.jpg,upper-body clothes,283,220,220,0,283,0
365,img/img_00002063.jpg,full-body clothes,264,259,259,0,264,0
366,img/img_00002088.jpg,upper-body clothes,151,80,181,101,236,85
367,img/img_00002094.jpg,upper-body clothes,258,109,310,201,266,8
368,img/img_00002104.jpg,upper-body clothes,201,233,305,72,394,193
369,img/img_00002107.jpg,upper-body clothes,229,142,142,0,229,0
370,img/img_00002111.jpg,upper-body clothes,141,111,158,47,214,73
371,img/img_00002127.jpg,upper-body clothes,156,78,192,114,224,68
372,img/img_00002128.jpg,upper-body clothes,289,155,240,85,440,151
373,img/img_00002132.jpg,upper-body clothes,242,78,78,0,242,0
374,img/img_00002184.jpg,upper-body clothes,165,430,430,0,165,0
375,img/img_00002205.jpg,full-body clothes,305,320,320,0,305,0
376,img/img_00002207.jpg,full-body clothes,147,102,181,79,203,56
377,img/img_00002215.jpg,full-body clothes,360,45,136,91,467,107
378,img/img_00002221.jpg,lower-body clothes,242,90,220,130,445,203
379,img/img_00002231.jpg,lower-body clothes,211,65,179,114,389,178
380,img/img_00002248.jpg,upper-body clothes,156,118,221,103,248,92
381,img/img_00002249.jpg,upper-body clothes,259,110,238,128,377,118
382,img/img_00002259.jpg,upper-body clothes,149,106,192,86,246,97
383,img/img_00002261.jpg,upper-body clothes,99,87,142,55,183,84
384,img/img_00002273.jpg,lower-body clothes,255,86,215,129,460,205
385,img/img_00002279.jpg,lower-body clothes,64,38,38,0,64,0
386,img/img_00002280.jpg,lower-body clothes,218,139,139,0,218,0
387,img/img_00002282.jpg,lower-body clothes,262,71,193,122,463,201
388,img/img_00002285.jpg,lower-body clothes,416,215,215,0,416,0
389,img/img_00002286.jpg,lower-body clothes,233,69,137,68,261,28
390,img/img_00002287.jpg,lower-body clothes,255,82,213,131,464,209
391,img/img_00002295.jpg,full-body clothes,372,117,254,137,472,100
392,img/img_00002303.jpg,full-body clothes,239,188,254,66,294,55
393,img/img_00002307.jpg,upper-body clothes,103,63,127,64,179,76
394,img/img_00002312.jpg,upper-body clothes,139,53,169,116,228,89
395,img/img_00002317.jpg,upper-body clothes,168,95,285,190,319,151
396,img/img_00002331.jpg,upper-body clothes,212,163,253,90,374,162
397,img/img_00002336.jpg,upper-body clothes,223,131,291,160,323,100
398,img/img_00002340.jpg,upper-body clothes,170,131,219,88,252,82
399,img/img_00002343.jpg,upper-body clothes,223,131,182,51,354,131
400,img/img_00002345.jpg,upper-body clothes,244,18,130,112,411,167
401,img/img_00002354.jpg,upper-body clothes,250,238,283,45,391,141
402,img/img_00002361.jpg,lower-body clothes,161,181,394,213,374,213
403,img/img_00002364.jpg,lower-body clothes,325,234,234,0,325,0
404,img/img_00002382.jpg,lower-body clothes,245,85,238,153,446,201
405,img/img_00002388.jpg,lower-body clothes,299,223,223,0,299,0
406,img/img_00002401.jpg,upper-body clothes,186,57,197,140,320,134
407,img/img_00002404.jpg,upper-body clothes,292,194,241,47,442,150
408,img/img_00002407.jpg,full-body clothes,371,123,214,91,461,90
409,img/img_00002408.jpg,full-body clothes,272,71,138,67,360,88
410,img/img_00002412.jpg,full-body clothes,322,174,261,87,439,117
411,img/img_00002431.jpg,upper-body clothes,268,308,308,0,268,0
412,img/img_00002438.jpg,upper-body clothes,116,141,212,71,246,130
413,img/img_00002440.jpg,upper-body clothes,66,51,139,88,140,74
414,img/img_00002452.jpg,upper-body clothes,107,95,157,62,189,82
415,img/img_00002458.jpg,upper-body clothes,190,158,158,0,190,0
416,img/img_00002459.jpg,upper-body clothes,270,105,177,72,415,145
417,img/img_00002468.jpg,lower-body clothes,104,86,141,55,117,13
418,img/img_00002469.jpg,lower-body clothes,242,218,270,52,257,15
419,img/img_00002501.jpg,upper-body clothes,284,117,197,80,415,131
420,img/img_00002513.jpg,upper-body clothes,268,165,240,75,420,152
421,img/img_00002523.jpg,upper-body clothes,353,246,246,0,353,0
422,img/img_00002526.jpg,upper-body clothes,80,85,151,66,136,56
423,img/img_00002535.jpg,upper-body clothes,337,123,292,169,471,134
424,img/img_00002536.jpg,upper-body clothes,319,270,270,0,319,0
425,img/img_00002537.jpg,upper-body clothes,228,252,478,226,448,220
426,img/img_00002542.jpg,upper-body clothes,115,114,230,116,212,97
427,img/img_00002546.jpg,full-body clothes,258,147,292,145,340,82
428,img/img_00002551.jpg,full-body clothes,253,214,214,0,253,0
429,img/img_00002559.jpg,full-body clothes,191,58,116,58,235,44
430,img/img_00002561.jpg,full-body clothes,417,30,244,214,507,90
431,img/img_00002565.jpg,full-body clothes,404,86,127,41,484,80
432,img/img_00002574.jpg,full-body clothes,368,134,146,12,462,94
433,img/img_00002595.jpg,full-body clothes,452,275,275,0,452,0
434,img/img_00002607.jpg,full-body clothes,154,77,151,74,215,61
435,img/img_00002623.jpg,upper-body clothes,274,203,290,87,395,121
436,img/img_00002625.jpg,upper-body clothes,119,108,218,110,210,91
437,img/img_00002628.jpg,upper-body clothes,123,46,143,97,202,79
438,img/img_00002637.jpg,full-body clothes,209,82,194,112,280,71
439,img/img_00002641.jpg,full-body clothes,344,182,262,80,480,136
440,img/img_00002642.jpg,full-body clothes,328,42,170,128,453,125
441,img/img_00002646.jpg,full-body clothes,384,132,242,110,475,91
442,img/img_00002654.jpg,full-body clothes,396,130,215,85,476,80
443,img/img_00002665.jpg,lower-body clothes,284,114,244,130,337,53
444,img/img_00002667.jpg,lower-body clothes,98,25,56,31,163,65
445,img/img_00002669.jpg,lower-body clothes,200,65,203,138,391,191
446,img/img_00002681.jpg,upper-body clothes,152,79,134,55,245,93
447,img/img_00002685.jpg,lower-body clothes,251,140,219,79,276,25
448,img/img_00002688.jpg,lower-body clothes,84,141,475,334,101,17
449,img/img_00002694.jpg,lower-body clothes,75,69,180,111,221,146
450,img/img_00002696.jpg,lower-body clothes,142,137,250,113,156,14
451,img/img_00002698.jpg,lower-body clothes,99,81,141,60,103,4
452,img/img_00002707.jpg,lower-body clothes,106,166,224,58,231,125
453,img/img_00002708.jpg,lower-body clothes,117,80,141,61,132,15
454,img/img_00002714.jpg,upper-body clothes,265,75,183,108,384,119
455,img/img_00002723.jpg,upper-body clothes,184,285,285,0,184,0
456,img/img_00002729.jpg,full-body clothes,315,185,268,83,453,138
457,img/img_00002731.jpg,full-body clothes,292,112,231,119,357,65
458,img/img_00002739.jpg,lower-body clothes,17,110,110,0,17,0
459,img/img_00002744.jpg,lower-body clothes,434,428,428,0,434,0
460,img/img_00002752.jpg,upper-body clothes,274,126,280,154,441,167
461,img/img_00002755.jpg,upper-body clothes,312,72,184,112,387,75
462,img/img_00002756.jpg,upper-body clothes,51,39,105,66,97,46
463,img/img_00002761.jpg,upper-body clothes,104,75,202,127,114,10
464,img/img_00002766.jpg,full-body clothes,124,55,130,75,141,17
465,img/img_00002785.jpg,upper-body clothes,505,423,423,0,505,0
466,img/img_00002790.jpg,upper-body clothes,462,398,450,52,504,42
467,img/img_00002799.jpg,full-body clothes,187,129,167,38,258,71
468,img/img_00002803.jpg,full-body clothes,377,114,225,111,459,82
469,img/img_00002809.jpg,lower-body clothes,71,90,90,0,71,0
470,img/img_00002818.jpg,lower-body clothes,222,231,231,0,222,0
471,img/img_00002821.jpg,upper-body clothes,110,74,250,176,186,76
472,img/img_00002822.jpg,upper-body clothes,269,107,261,154,326,57
473,img/img_00002826.jpg,upper-body clothes,242,102,231,129,385,143
474,img/img_00002827.jpg,upper-body clothes,320,140,234,94,485,165
475,img/img_00002839.jpg,upper-body clothes,258,298,298,0,258,0
476,img/img_00002845.jpg,upper-body clothes,164,112,160,48,238,74
477,img/img_00002848.jpg,upper-body clothes,158,150,191,41,235,77
478,img/img_00002858.jpg,upper-body clothes,132,135,135,0,132,0
479,img/img_00002859.jpg,upper-body clothes,227,279,279,0,227,0
480,img/img_00002863.jpg,upper-body clothes,342,176,176,0,342,0
481,img/img_00002881.jpg,lower-body clothes,63,109,254,145,282,219
482,img/img_00002888.jpg,lower-body clothes,214,181,263,82,252,38
483,img/img_00002914.jpg,full-body clothes,262,82,194,112,339,77
484,img/img_00002918.jpg,full-body clothes,384,78,232,154,464,80
485,img/img_00002926.jpg,upper-body clothes,304,124,240,116,461,157
486,img/img_00002936.jpg,upper-body clothes,201,240,240,0,201,0
487,img/img_00002939.jpg,upper-body clothes,261,100,225,125,390,129
488,img/img_00002950.jpg,upper-body clothes,314,62,173,111,393,79
489,img/img_00002968.jpg,upper-body clothes,224,146,318,172,371,147
490,img/img_00002972.jpg,lower-body clothes,139,169,256,87,418,279
491,img/img_00002973.jpg,lower-body clothes,124,115,238,123,398,274
492,img/img_00002988.jpg,lower-body clothes,238,77,190,113,449,211
493,img/img_00002989.jpg,lower-body clothes,247,126,209,83,422,175
494,img/img_00002991.jpg,lower-body clothes,280,241,241,0,280,0
495,img/img_00002995.jpg,lower-body clothes,235,74,200,126,433,198
496,img/img_00003004.jpg,lower-body clothes,130,169,253,84,454,324
497,img/img_00003005.jpg,lower-body clothes,60,47,119,72,169,109
498,img/img_00003009.jpg,lower-body clothes,127,164,242,78,448,321
499,img/img_00003013.jpg,lower-body clothes,118,166,275,109,130,12
500,img/img_00003027.jpg,full-body clothes,225,120,161,41,305,80
501,img/img_00003029.jpg,full-body clothes,211,108,136,28,278,67
502,img/img_00003030.jpg,full-body clothes,175,85,120,35,226,51
503,img/img_00003032.jpg,full-body clothes,216,121,165,44,306,90
504,img/img_00003033.jpg,full-body clothes,209,202,202,0,209,0
505,img/img_00003037.jpg,full-body clothes,492,247,247,0,492,0
506,img/img_00003039.jpg,full-body clothes,159,95,140,45,216,57
507,img/img_00003041.jpg,full-body clothes,168,71,195,124,219,51
508,img/img_00003042.jpg,full-body clothes,126,51,124,73,163,37
509,img/img_00003049.jpg,full-body clothes,360,131,213,82,477,117
510,img/img_00003057.jpg,full-body clothes,142,90,145,55,202,60
511,img/img_00003059.jpg,full-body clothes,171,51,100,49,220,49
512,img/img_00003064.jpg,upper-body clothes,250,57,191,134,345,95
513,img/img_00003076.jpg,upper-body clothes,343,85,225,140,477,134
514,img/img_00003077.jpg,upper-body clothes,131,88,210,122,219,88
515,img/img_00003084.jpg,full-body clothes,163,104,154,50,229,66
516,img/img_00003094.jpg,full-body clothes,225,106,255,149,311,86
517,img/img_00003099.jpg,full-body clothes,210,128,215,87,291,81
518,img/img_00003103.jpg,full-body clothes,275,229,229,0,275,0
519,img/img_00003114.jpg,upper-body clothes,130,43,138,95,213,83
520,img/img_00003117.jpg,upper-body clothes,112,62,111,49,192,80
521,img/img_00003119.jpg,upper-body clothes,161,73,185,112,333,172
522,img/img_00003123.jpg,lower-body clothes,384,112,228,116,428,44
523,img/img_00003127.jpg,lower-body clothes,180,63,125,62,202,22
524,img/img_00003131.jpg,lower-body clothes,163,59,148,89,298,135
525,img/img_00003137.jpg,lower-body clothes,319,114,207,93,341,22
526,img/img_00003138.jpg,lower-body clothes,241,81,214,133,441,200
527,img/img_00003139.jpg,upper-body clothes,291,31,177,146,391,100
528,img/img_00003141.jpg,upper-body clothes,216,109,227,118,354,138
529,img/img_00003144.jpg,upper-body clothes,127,88,209,121,219,92
530,img/img_00003157.jpg,upper-body clothes,190,46,174,128,254,64
531,img/img_00003169.jpg,upper-body clothes,430,330,330,0,430,0
532,img/img_00003170.jpg,upper-body clothes,173,116,213,97,254,81
533,img/img_00003193.jpg,upper-body clothes,210,138,184,46,408,198
534,img/img_00003198.jpg,full-body clothes,360,91,298,207,500,140
535,img/img_00003200.jpg,full-body clothes,372,134,260,126,501,129
536,img/img_00003208.jpg,full-body clothes,242,101,253,152,346,104
537,img/img_00003215.jpg,lower-body clothes,117,151,268,117,423,306
538,img/img_00003226.jpg,upper-body clothes,157,92,137,45,223,66
539,img/img_00003228.jpg,upper-body clothes,240,301,301,0,240,0
540,img/img_00003246.jpg,upper-body clothes,220,125,251,126,374,154
541,img/img_00003247.jpg,upper-body clothes,236,109,221,112,329,93
542,img/img_00003253.jpg,upper-body clothes,219,58,208,150,322,103
543,img/img_00003260.jpg,upper-body clothes,321,184,262,78,455,134
544,img/img_00003261.jpg,upper-body clothes,134,67,112,45,206,72
545,img/img_00003265.jpg,upper-body clothes,217,125,253,128,361,144
546,img/img_00003273.jpg,upper-body clothes,75,36,118,82,136,61
547,img/img_00003280.jpg,upper-body clothes,105,74,218,144,202,97
548,img/img_00003283.jpg,upper-body clothes,123,102,233,131,223,100
549,img/img_00003304.jpg,upper-body clothes,236,107,218,111,376,140
550,img/img_00003325.jpg,upper-body clothes,255,189,219,30,295,40
551,img/img_00003329.jpg,upper-body clothes,255,165,247,82,369,114
552,img/img_00003332.jpg,upper-body clothes,125,66,225,159,238,113
553,img/img_00003343.jpg,upper-body clothes,289,340,340,0,289,0
554,img/img_00003345.jpg,upper-body clothes,236,147,259,112,346,110
555,img/img_00003348.jpg,lower-body clothes,342,215,215,0,342,0
556,img/img_00003352.jpg,lower-body clothes,61,116,446,330,264,203
557,img/img_00003356.jpg,lower-body clothes,98,164,259,95,428,330
558,img/img_00003365.jpg,upper-body clothes,108,86,200,114,225,117
559,img/img_00003379.jpg,upper-body clothes,122,70,137,67,193,71
560,img/img_00003386.jpg,upper-body clothes,130,59,123,64,191,61
561,img/img_00003395.jpg,full-body clothes,354,110,214,104,475,121
562,img/img_00003396.jpg,full-body clothes,421,27,100,73,507,86
563,img/img_00003397.jpg,full-body clothes,402,137,245,108,493,91
564,img/img_00003401.jpg,full-body clothes,283,95,222,127,352,69
565,img/img_00003411.jpg,full-body clothes,232,66,190,124,277,45
566,img/img_00003414.jpg,full-body clothes,328,127,242,115,466,138
567,img/img_00003416.jpg,full-body clothes,260,137,249,112,371,111
568,img/img_00003430.jpg,full-body clothes,211,173,173,0,211,0
569,img/img_00003440.jpg,full-body clothes,217,63,139,76,262,45
570,img/img_00003456.jpg,upper-body clothes,257,150,286,136,397,140
571,img/img_00003469.jpg,upper-body clothes,170,191,228,37,303,133
572,img/img_00003472.jpg,full-body clothes,386,70,111,41,471,85
573,img/img_00003474.jpg,full-body clothes,379,141,238,97,457,78
574,img/img_00003498.jpg,lower-body clothes,307,120,277,157,333,26
575,img/img_00003501.jpg,lower-body clothes,378,133,229,96,385,7
576,img/img_00003508.jpg,lower-body clothes,79,103,201,98,268,189
577,img/img_00003527.jpg,lower-body clothes,383,273,273,0,383,0
578,img/img_00003532.jpg,lower-body clothes,106,100,174,74,138,32
579,img/img_00003539.jpg,lower-body clothes,229,167,167,0,229,0
580,img/img_00003543.jpg,upper-body clothes,244,153,220,67,349,105
581,img/img_00003547.jpg,upper-body clothes,183,64,151,87,300,117
582,img/img_00003550.jpg,upper-body clothes,281,144,251,107,429,148
583,img/img_00003572.jpg,lower-body clothes,475,148,246,98,496,21
584,img/img_00003586.jpg,lower-body clothes,278,157,157,0,278,0
585,img/img_00003590.jpg,lower-body clothes,82,123,181,58,310,228
586,img/img_00003599.jpg,upper-body clothes,249,97,250,153,385,136
587,img/img_00003617.jpg,full-body clothes,338,255,255,0,338,0
588,img/img_00003625.jpg,upper-body clothes,232,60,157,97,363,131
589,img/img_00003628.jpg,upper-body clothes,145,88,128,40,210,65
590,img/img_00003633.jpg,upper-body clothes,241,121,233,112,358,117
591,img/img_00003634.jpg,upper-body clothes,154,100,149,49,235,81
592,img/img_00003635.jpg,upper-body clothes,295,168,287,119,440,145
593,img/img_00003638.jpg,lower-body clothes,100,125,223,98,193,93
594,img/img_00003649.jpg,lower-body clothes,375,277,316,39,390,15
595,img/img_00003657.jpg,lower-body clothes,61,43,174,131,274,213
596,img/img_00003666.jpg,lower-body clothes,63,68,113,45,79,16
597,img/img_00003693.jpg,upper-body clothes,285,68,252,184,386,101
598,img/img_00003696.jpg,full-body clothes,244,96,169,73,327,83
599,img/img_00003699.jpg,full-body clothes,224,84,163,79,313,89
600,img/img_00003703.jpg,full-body clothes,348,118,258,140,457,109
601,img/img_00003707.jpg,full-body clothes,151,57,126,69,203,52
602,img/img_00003709.jpg,full-body clothes,132,64,150,86,197,65
603,img/img_00003722.jpg,upper-body clothes,252,114,199,85,371,119
604,img/img_00003725.jpg,upper-body clothes,194,160,160,0,194,0
605,img/img_00003729.jpg,upper-body clothes,188,131,188,57,305,117
606,img/img_00003732.jpg,upper-body clothes,332,261,261,0,332,0
607,img/img_00003736.jpg,upper-body clothes,260,101,221,120,477,217
608,img/img_00003742.jpg,upper-body clothes,286,42,211,169,453,167
609,img/img_00003743.jpg,upper-body clothes,257,82,206,124,407,150
610,img/img_00003754.jpg,upper-body clothes,295,229,271,42,459,164
611,img/img_00003763.jpg,lower-body clothes,187,76,149,73,212,25
612,img/img_00003772.jpg,lower-body clothes,269,152,231,79,299,30
613,img/img_00003780.jpg,upper-body clothes,334,97,182,85,451,117
614,img/img_00003795.jpg,upper-body clothes,264,179,251,72,417,153
615,img/img_00003798.jpg,upper-body clothes,206,92,174,82,331,125
616,img/img_00003799.jpg,upper-body clothes,260,147,263,116,393,133
617,img/img_00003802.jpg,upper-body clothes,338,413,413,0,338,0
618,img/img_00003805.jpg,upper-body clothes,156,84,155,71,256,100
619,img/img_00003813.jpg,upper-body clothes,175,115,184,69,285,110
620,img/img_00003814.jpg,upper-body clothes,171,158,226,68,338,167
621,img/img_00003815.jpg,upper-body clothes,133,92,135,43,204,71
622,img/img_00003820.jpg,full-body clothes,391,105,227,122,473,82
623,img/img_00003830.jpg,full-body clothes,314,98,226,128,425,111
624,img/img_00003831.jpg,full-body clothes,382,135,220,85,476,94
625,img/img_00003832.jpg,full-body clothes,418,134,504,370,436,18
626,img/img_00003836.jpg,full-body clothes,392,72,216,144,495,103
627,img/img_00003839.jpg,upper-body clothes,196,92,323,231,299,103
628,img/img_00003844.jpg,upper-body clothes,55,52,134,82,95,40
629,img/img_00003846.jpg,upper-body clothes,263,158,207,49,426,163
630,img/img_00003850.jpg,upper-body clothes,246,185,344,159,394,148
631,img/img_00003862.jpg,upper-body clothes,130,63,200,137,237,107
632,img/img_00003864.jpg,upper-body clothes,250,70,177,107,354,104
633,img/img_00003870.jpg,upper-body clothes,172,93,152,59,222,50
634,img/img_00003877.jpg,upper-body clothes,462,281,281,0,462,0
635,img/img_00003878.jpg,upper-body clothes,157,123,213,90,197,40
636,img/img_00003881.jpg,upper-body clothes,386,329,329,0,386,0
637,img/img_00003889.jpg,upper-body clothes,366,219,219,0,366,0
638,img/img_00003900.jpg,upper-body clothes,294,297,315,18,475,181
639,img/img_00003901.jpg,upper-body clothes,175,231,231,0,175,0
640,img/img_00003911.jpg,upper-body clothes,415,387,448,61,463,48
641,img/img_00003929.jpg,upper-body clothes,343,221,322,101,392,49
642,img/img_00003930.jpg,upper-body clothes,93,51,216,165,155,62
643,img/img_00003938.jpg,upper-body clothes,291,198,224,26,378,87
644,img/img_00003948.jpg,upper-body clothes,311,230,230,0,311,0
645,img/img_00003952.jpg,upper-body clothes,174,117,174,57,258,84
646,img/img_00003960.jpg,upper-body clothes,184,233,233,0,184,0
647,img/img_00003961.jpg,upper-body clothes,191,89,226,137,453,262
648,img/img_00003973.jpg,lower-body clothes,148,142,204,62,300,152
649,img/img_00003982.jpg,upper-body clothes,293,114,240,126,404,111
650,img/img_00003987.jpg,upper-body clothes,268,120,207,87,382,114
651,img/img_00003992.jpg,upper-body clothes,228,67,173,106,294,66
652,img/img_00003995.jpg,upper-body clothes,159,71,163,92,236,77
653,img/img_00004005.jpg,full-body clothes,240,159,289,130,338,98
654,img/img_00004008.jpg,full-body clothes,192,168,263,95,271,79
655,img/img_00004018.jpg,full-body clothes,207,95,186,91,277,70
656,img/img_00004019.jpg,full-body clothes,400,296,296,0,400,0
657,img/img_00004031.jpg,full-body clothes,232,114,169,55,322,90
658,img/img_00004035.jpg,full-body clothes,356,50,152,102,461,105
659,img/img_00004046.jpg,full-body clothes,363,89,188,99,466,103
660,img/img_00004050.jpg,full-body clothes,234,85,212,127,320,86
661,img/img_00004061.jpg,upper-body clothes,123,68,136,68,198,75
662,img/img_00004064.jpg,upper-body clothes,144,102,139,37,234,90
663,img/img_00004066.jpg,upper-body clothes,273,142,226,84,378,105
664,img/img_00004067.jpg,upper-body clothes,284,114,202,88,416,132
665,img/img_00004075.jpg,full-body clothes,360,76,334,258,489,129
666,img/img_00004085.jpg,full-body clothes,369,129,261,132,483,114
667,img/img_00004086.jpg,full-body clothes,262,107,214,107,337,75
668,img/img_00004095.jpg,full-body clothes,367,107,204,97,482,115
669,img/img_00004097.jpg,full-body clothes,363,90,193,103,459,96
670,img/img_00004100.jpg,full-body clothes,315,118,228,110,440,125
671,img/img_00004110.jpg,full-body clothes,312,266,266,0,312,0
672,img/img_00004124.jpg,full-body clothes,201,108,201,93,281,80
673,img/img_00004131.jpg,full-body clothes,358,129,216,87,493,135
674,img/img_00004144.jpg,full-body clothes,216,42,138,96,274,58
675,img/img_00004148.jpg,full-body clothes,265,170,220,50,403,138
676,img/img_00004155.jpg,upper-body clothes,112,93,208,115,261,149
677,img/img_00004160.jpg,upper-body clothes,130,59,206,147,228,98
678,img/img_00004168.jpg,full-body clothes,222,96,219,123,311,89
679,img/img_00004173.jpg,full-body clothes,339,72,232,160,428,89
680,img/img_00004180.jpg,full-body clothes,244,57,179,122,320,76
681,img/img_00004182.jpg,full-body clothes,205,88,218,130,274,69
682,img/img_00004193.jpg,upper-body clothes,155,59,193,134,298,143
683,img/img_00004203.jpg,upper-body clothes,223,153,153,0,223,0
684,img/img_00004205.jpg,upper-body clothes,232,258,258,0,232,0
685,img/img_00004217.jpg,upper-body clothes,90,86,167,81,166,76
686,img/img_00004219.jpg,upper-body clothes,122,71,166,95,206,84
687,img/img_00004221.jpg,upper-body clothes,260,145,316,171,410,150
688,img/img_00004224.jpg,upper-body clothes,233,237,237,0,233,0
689,img/img_00004229.jpg,upper-body clothes,309,167,246,79,455,146
690,img/img_00004230.jpg,upper-body clothes,295,138,181,43,414,119
691,img/img_00004252.jpg,full-body clothes,327,287,309,22,459,132
692,img/img_00004253.jpg,full-body clothes,220,113,218,105,382,162
693,img/img_00004254.jpg,full-body clothes,189,109,109,0,189,0
694,img/img_00004255.jpg,full-body clothes,341,74,230,156,469,128
695,img/img_00004258.jpg,full-body clothes,208,130,231,101,281,73
696,img/img_00004260.jpg,full-body clothes,339,157,157,0,339,0
697,img/img_00004265.jpg,full-body clothes,248,145,145,0,248,0
698,img/img_00004276.jpg,full-body clothes,302,132,205,73,408,106
699,img/img_00004284.jpg,upper-body clothes,232,105,193,88,370,138
700,img/img_00004287.jpg,upper-body clothes,206,93,263,170,340,134
701,img/img_00004299.jpg,lower-body clothes,428,22,178,156,464,36
702,img/img_00004305.jpg,full-body clothes,344,222,341,119,468,124
703,img/img_00004315.jpg,full-body clothes,321,154,265,111,477,156
704,img/img_00004318.jpg,upper-body clothes,129,301,301,0,129,0
705,img/img_00004319.jpg,upper-body clothes,392,169,292,123,465,73
706,img/img_00004320.jpg,upper-body clothes,246,112,223,111,382,136
707,img/img_00004322.jpg,upper-body clothes,87,35,121,86,139,52
708,img/img_00004342.jpg,upper-body clothes,130,176,496,320,252,122
709,img/img_00004351.jpg,upper-body clothes,89,60,209,149,230,141
710,img/img_00004355.jpg,upper-body clothes,106,69,272,203,196,90
711,img/img_00004359.jpg,upper-body clothes,188,154,357,203,417,229
712,img/img_00004361.jpg,upper-body clothes,230,412,412,0,230,0
713,img/img_00004362.jpg,upper-body clothes,286,203,233,30,436,150
714,img/img_00004375.jpg,full-body clothes,193,50,196,146,283,90
715,img/img_00004389.jpg,upper-body clothes,314,162,293,131,479,165
716,img/img_00004390.jpg,upper-body clothes,498,73,73,0,498,0
717,img/img_00004393.jpg,upper-body clothes,187,151,151,0,187,0
718,img/img_00004395.jpg,lower-body clothes,254,117,185,68,323,69
719,img/img_00004412.jpg,lower-body clothes,364,94,223,129,412,48
720,img/img_00004414.jpg,lower-body clothes,401,191,483,292,454,53
721,img/img_00004436.jpg,upper-body clothes,438,391,452,61,476,38
722,img/img_00004447.jpg,full-body clothes,304,310,310,0,304,0
723,img/img_00004473.jpg,full-body clothes,254,139,265,126,406,152
724,img/img_00004489.jpg,full-body clothes,280,86,247,161,404,124
725,img/img_00004509.jpg,full-body clothes,261,176,176,0,261,0
726,img/img_00004510.jpg,full-body clothes,290,98,325,227,435,145
727,img/img_00004512.jpg,full-body clothes,315,109,307,198,367,52
728,img/img_00004519.jpg,full-body clothes,381,49,206,157,487,106
729,img/img_00004526.jpg,full-body clothes,331,120,200,80,373,42
730,img/img_00004527.jpg,full-body clothes,413,145,238,93,500,87
731,img/img_00004537.jpg,full-body clothes,400,148,246,98,484,84
732,img/img_00004549.jpg,full-body clothes,130,63,128,65,228,98
733,img/img_00004552.jpg,full-body clothes,135,162,232,70,236,101
734,img/img_00004573.jpg,full-body clothes,265,226,226,0,265,0
735,img/img_00004574.jpg,full-body clothes,323,432,432,0,323,0
736,img/img_00004579.jpg,full-body clothes,360,319,319,0,360,0
737,img/img_00004582.jpg,full-body clothes,285,72,201,129,384,99
738,img/img_00004588.jpg,full-body clothes,132,221,221,0,132,0
739,img/img_00004591.jpg,full-body clothes,146,180,180,0,146,0
740,img/img_00004594.jpg,full-body clothes,273,96,265,169,391,118
741,img/img_00004598.jpg,full-body clothes,329,59,208,149,450,121
742,img/img_00004600.jpg,full-body clothes,417,246,301,55,471,54
743,img/img_00004604.jpg,full-body clothes,288,97,234,137,440,152
744,img/img_00004611.jpg,full-body clothes,202,105,179,74,294,92
745,img/img_00004618.jpg,full-body clothes,329,144,230,86,472,143
746,img/img_00004626.jpg,full-body clothes,196,213,213,0,196,0
747,img/img_00004629.jpg,full-body clothes,276,178,252,74,410,134
748,img/img_00004633.jpg,full-body clothes,258,218,218,0,258,0
749,img/img_00004635.jpg,full-body clothes,284,72,72,0,284,0
750,img/img_00004636.jpg,full-body clothes,329,101,219,118,426,97
751,img/img_00004640.jpg,full-body clothes,316,233,233,0,316,0
752,img/img_00004641.jpg,full-body clothes,195,188,188,0,195,0
753,img/img_00004644.jpg,full-body clothes,201,91,165,74,338,137
754,img/img_00004662.jpg,full-body clothes,182,80,208,128,295,113
755,img/img_00004664.jpg,full-body clothes,276,118,273,155,451,175
756,img/img_00004672.jpg,full-body clothes,140,123,123,0,140,0
757,img/img_00004678.jpg,full-body clothes,454,262,262,0,454,0
758,img/img_00004680.jpg,full-body clothes,223,49,173,124,294,71
759,img/img_00004684.jpg,full-body clothes,348,112,217,105,477,129
760,img/img_00004686.jpg,full-body clothes,348,94,299,205,459,111
761,img/img_00004688.jpg,full-body clothes,255,108,244,136,330,75
762,img/img_00004701.jpg,full-body clothes,494,301,301,0,494,0
763,img/img_00004703.jpg,full-body clothes,328,84,220,136,447,119
764,img/img_00004707.jpg,full-body clothes,242,52,301,249,323,81
765,img/img_00004710.jpg,full-body clothes,245,157,246,89,423,178
766,img/img_00004716.jpg,full-body clothes,173,235,235,0,173,0
767,img/img_00004718.jpg,full-body clothes,150,174,174,0,150,0
768,img/img_00004724.jpg,full-body clothes,400,43,231,188,505,105
769,img/img_00004726.jpg,full-body clothes,493,337,337,0,493,0
770,img/img_00004727.jpg,full-body clothes,162,182,182,0,162,0
771,img/img_00004738.jpg,full-body clothes,267,201,297,96,470,203
772,img/img_00004749.jpg,full-body clothes,291,245,266,21,449,158
773,img/img_00004755.jpg,full-body clothes,197,113,220,107,310,113
774,img/img_00004765.jpg,full-body clothes,266,145,258,113,457,191
775,img/img_00004768.jpg,full-body clothes,142,192,429,237,284,142
776,img/img_00004770.jpg,full-body clothes,210,123,246,123,340,130
777,img/img_00004778.jpg,full-body clothes,200,106,185,79,357,157
778,img/img_00004784.jpg,full-body clothes,102,67,154,87,181,79
779,img/img_00004785.jpg,full-body clothes,159,56,133,77,216,57
780,img/img_00004788.jpg,full-body clothes,255,103,205,102,424,169
781,img/img_00004789.jpg,full-body clothes,293,186,268,82,410,117
782,img/img_00004792.jpg,full-body clothes,314,207,370,163,426,112
783,img/img_00004798.jpg,full-body clothes,165,111,318,207,278,113
784,img/img_00004807.jpg,full-body clothes,288,303,303,0,288,0
785,img/img_00004822.jpg,full-body clothes,244,252,252,0,244,0
786,img/img_00004842.jpg,full-body clothes,365,140,267,127,448,83
787,img/img_00004848.jpg,full-body clothes,258,57,214,157,439,181
788,img/img_00004850.jpg,full-body clothes,272,168,259,91,445,173
789,img/img_00004858.jpg,full-body clothes,146,76,138,62,202,56
790,img/img_00004880.jpg,full-body clothes,297,37,171,134,459,162
791,img/img_00004884.jpg,full-body clothes,231,241,241,0,231,0
792,img/img_00004893.jpg,full-body clothes,267,47,173,126,450,183
793,img/img_00004899.jpg,upper-body clothes,143,68,238,170,248,105
794,img/img_00004906.jpg,full-body clothes,230,138,170,32,337,107
795,img/img_00004912.jpg,full-body clothes,212,138,201,63,294,82
796,img/img_00004925.jpg,lower-body clothes,200,106,136,30,457,257
797,img/img_00004926.jpg,lower-body clothes,175,136,210,74,425,250
798,img/img_00004927.jpg,lower-body clothes,111,115,212,97,120,9
799,img/img_00004928.jpg,lower-body clothes,139,95,220,125,389,250
800,img/img_00004930.jpg,lower-body clothes,119,158,207,49,406,287
801,img/img_00004939.jpg,full-body clothes,389,108,225,117,473,84
802,img/img_00004941.jpg,full-body clothes,419,34,185,151,505,86
803,img/img_00004950.jpg,full-body clothes,378,88,246,158,495,117
804,img/img_00004958.jpg,full-body clothes,379,147,233,86,474,95
805,img/img_00004959.jpg,full-body clothes,294,220,220,0,294,0
806,img/img_00004964.jpg,full-body clothes,174,114,160,46,237,63
807,img/img_00004966.jpg,full-body clothes,154,78,140,62,212,58
808,img/img_00004968.jpg,full-body clothes,374,210,294,84,459,85
809,img/img_00004969.jpg,full-body clothes,328,92,189,97,412,84
810,img/img_00004970.jpg,full-body clothes,176,78,187,109,248,72
811,img/img_00004974.jpg,full-body clothes,195,114,182,68,274,79
812,img/img_00004980.jpg,full-body clothes,339,99,251,152,451,112
813,img/img_00004981.jpg,full-body clothes,206,122,238,116,295,89
814,img/img_00004986.jpg,full-body clothes,370,145,277,132,483,113
815,img/img_00004993.jpg,full-body clothes,287,99,255,156,391,104
816,img/img_00004995.jpg,full-body clothes,284,96,293,197,320,36
817,img/img_00004999.jpg,full-body clothes,333,198,353,155,445,112
818,img/img_00005004.jpg,full-body clothes,349,155,302,147,488,139
819,img/img_00005016.jpg,full-body clothes,315,171,203,32,417,102
820,img/img_00005024.jpg,upper-body clothes,346,58,252,194,459,113
821,img/img_00005037.jpg,full-body clothes,390,172,280,108,462,72
822,img/img_00005042.jpg,full-body clothes,239,71,188,117,279,40
823,img/img_00005049.jpg,full-body clothes,287,92,166,74,336,49
824,img/img_00005055.jpg,full-body clothes,347,217,217,0,347,0
825,img/img_00005060.jpg,full-body clothes,294,147,147,0,294,0
826,img/img_00005075.jpg,full-body clothes,363,125,222,97,484,121
827,img/img_00005080.jpg,full-body clothes,255,74,159,85,320,65
828,img/img_00005083.jpg,full-body clothes,359,67,240,173,451,92
829,img/img_00005087.jpg,full-body clothes,419,49,243,194,496,77
830,img/img_00005091.jpg,full-body clothes,272,237,287,50,412,140
831,img/img_00005103.jpg,full-body clothes,404,94,223,129,444,40
832,img/img_00005105.jpg,full-body clothes,283,228,228,0,283,0
833,img/img_00005109.jpg,full-body clothes,384,112,112,0,384,0
834,img/img_00005113.jpg,full-body clothes,482,118,308,190,484,2
835,img/img_00005117.jpg,full-body clothes,369,115,218,103,438,69
836,img/img_00005126.jpg,upper-body clothes,86,284,284,0,86,0
837,img/img_00005128.jpg,upper-body clothes,25,144,144,0,25,0
838,img/img_00005150.jpg,full-body clothes,488,225,225,0,488,0
839,img/img_00005155.jpg,full-body clothes,417,86,193,107,487,70
840,img/img_00005156.jpg,full-body clothes,414,139,221,82,479,65
841,img/img_00005160.jpg,full-body clothes,279,75,241,166,362,83
842,img/img_00005164.jpg,full-body clothes,374,186,200,14,464,90
843,img/img_00005165.jpg,full-body clothes,283,164,164,0,283,0
844,img/img_00005173.jpg,full-body clothes,241,219,219,0,241,0
845,img/img_00005180.jpg,lower-body clothes,74,102,221,119,253,179
846,img/img_00005184.jpg,lower-body clothes,113,147,240,93,381,268
847,img/img_00005189.jpg,lower-body clothes,95,175,266,91,422,327
848,img/img_00005196.jpg,lower-body clothes,430,35,198,163,437,7
849,img/img_00005200.jpg,lower-body clothes,150,65,153,88,321,171
850,img/img_00005209.jpg,lower-body clothes,299,177,289,112,354,55
851,img/img_00005219.jpg,lower-body clothes,182,51,265,214,423,241
852,img/img_00005220.jpg,lower-body clothes,200,84,149,65,208,8
853,img/img_00005223.jpg,lower-body clothes,393,164,304,140,433,40
854,img/img_00005231.jpg,lower-body clothes,413,146,285,139,458,45
855,img/img_00005232.jpg,lower-body clothes,371,128,233,105,404,33
856,img/img_00005241.jpg,lower-body clothes,374,105,230,125,444,70
857,img/img_00005247.jpg,lower-body clothes,229,103,103,0,229,0
858,img/img_00005248.jpg,lower-body clothes,265,78,190,112,273,8
859,img/img_00005255.jpg,lower-body clothes,424,122,428,306,491,67
860,img/img_00005261.jpg,lower-body clothes,239,43,174,131,241,2
861,img/img_00005267.jpg,full-body clothes,175,109,147,38,233,58
862,img/img_00005286.jpg,lower-body clothes,380,77,232,155,431,51
863,img/img_00005288.jpg,lower-body clothes,409,91,245,154,427,18
864,img/img_00005303.jpg,lower-body clothes,332,335,413,78,445,113
865,img/img_00005308.jpg,upper-body clothes,318,106,244,138,422,104
866,img/img_00005315.jpg,full-body clothes,375,51,218,167,450,75
867,img/img_00005327.jpg,full-body clothes,208,105,248,143,295,87
868,img/img_00005334.jpg,full-body clothes,313,139,242,103,419,106
869,img/img_00005335.jpg,full-body clothes,341,247,366,119,457,116
870,img/img_00005344.jpg,lower-body clothes,69,113,113,0,69,0
871,img/img_00005354.jpg,lower-body clothes,144,109,203,94,388,244
872,img/img_00005360.jpg,lower-body clothes,176,74,198,124,359,183
873,img/img_00005362.jpg,lower-body clothes,169,68,147,79,349,180
874,img/img_00005363.jpg,lower-body clothes,62,31,166,135,142,80
875,img/img_00005371.jpg,lower-body clothes,150,86,293,207,303,153
876,img/img_00005381.jpg,full-body clothes,270,145,233,88,376,106
877,img/img_00005401.jpg,upper-body clothes,158,149,225,76,291,133
878,img/img_00005424.jpg,upper-body clothes,253,198,296,98,398,145
879,img/img_00005452.jpg,full-body clothes,350,294,294,0,350,0
880,img/img_00005453.jpg,full-body clothes,269,70,126,56,320,51
881,img/img_00005460.jpg,full-body clothes,191,35,133,98,235,44
882,img/img_00005463.jpg,full-body clothes,400,85,188,103,489,89
883,img/img_00005469.jpg,upper-body clothes,185,92,197,105,293,108
884,img/img_00005471.jpg,upper-body clothes,167,61,192,131,249,82
885,img/img_00005473.jpg,upper-body clothes,187,77,150,73,266,79
886,img/img_00005479.jpg,full-body clothes,130,222,222,0,130,0
887,img/img_00005480.jpg,full-body clothes,355,109,262,153,427,72
888,img/img_00005483.jpg,full-body clothes,496,249,249,0,496,0
889,img/img_00005518.jpg,upper-body clothes,165,269,269,0,165,0
890,img/img_00005522.jpg,upper-body clothes,247,106,225,119,314,67
891,img/img_00005525.jpg,upper-body clothes,260,89,228,139,389,129
892,img/img_00005528.jpg,upper-body clothes,117,49,112,63,171,54
893,img/img_00005529.jpg,upper-body clothes,103,333,333,0,103,0
894,img/img_00005530.jpg,upper-body clothes,185,89,212,123,275,90
895,img/img_00005540.jpg,full-body clothes,310,145,243,98,400,90
896,img/img_00005541.jpg,full-body clothes,390,43,205,162,477,87
897,img/img_00005542.jpg,full-body clothes,316,50,175,125,405,89
898,img/img_00005547.jpg,lower-body clothes,130,133,259,126,399,269
899,img/img_00005550.jpg,lower-body clothes,162,152,362,210,471,309
900,img/img_00005566.jpg,full-body clothes,263,104,248,144,300,37
901,img/img_00005575.jpg,upper-body clothes,289,187,275,88,424,135
902,img/img_00005577.jpg,upper-body clothes,296,91,330,239,440,144
903,img/img_00005590.jpg,full-body clothes,171,183,183,0,171,0
904,img/img_00005593.jpg,upper-body clothes,298,259,259,0,298,0
905,img/img_00005599.jpg,upper-body clothes,181,104,236,132,267,86
906,img/img_00005609.jpg,upper-body clothes,430,314,314,0,430,0
907,img/img_00005617.jpg,upper-body clothes,297,131,258,127,460,163
908,img/img_00005623.jpg,upper-body clothes,357,199,346,147,494,137
909,img/img_00005625.jpg,upper-body clothes,328,156,242,86,475,147
910,img/img_00005633.jpg,lower-body clothes,128,96,223,127,403,275
911,img/img_00005639.jpg,lower-body clothes,263,198,261,63,298,35
912,img/img_00005646.jpg,full-body clothes,242,163,244,81,322,80
913,img/img_00005659.jpg,full-body clothes,240,119,269,150,327,87
914,img/img_00005665.jpg,full-body clothes,306,121,238,117,396,90
915,img/img_00005667.jpg,full-body clothes,458,273,292,19,488,30
916,img/img_00005668.jpg,full-body clothes,270,159,477,318,380,110
917,img/img_00005671.jpg,upper-body clothes,297,442,442,0,297,0
918,img/img_00005673.jpg,upper-body clothes,255,163,221,58,281,26
919,img/img_00005688.jpg,upper-body clothes,318,294,294,0,318,0
920,img/img_00005689.jpg,upper-body clothes,97,214,214,0,97,0
921,img/img_00005690.jpg,upper-body clothes,95,109,109,0,95,0
922,img/img_00005697.jpg,upper-body clothes,209,146,244,98,392,183
923,img/img_00005704.jpg,full-body clothes,502,249,249,0,502,0
924,img/img_00005721.jpg,upper-body clothes,262,154,247,93,400,138
925,img/img_00005724.jpg,upper-body clothes,256,120,215,95,411,155
926,img/img_00005726.jpg,upper-body clothes,403,247,247,0,403,0
927,img/img_00005729.jpg,upper-body clothes,297,234,234,0,297,0
928,img/img_00005732.jpg,full-body clothes,263,81,269,188,450,187
929,img/img_00005737.jpg,full-body clothes,338,299,332,33,453,115
930,img/img_00005741.jpg,full-body clothes,326,144,207,63,466,140
931,img/img_00005743.jpg,full-body clothes,292,82,250,168,364,72
932,img/img_00005766.jpg,full-body clothes,295,113,249,136,374,79
933,img/img_00005768.jpg,full-body clothes,276,84,236,152,351,75
934,img/img_00005773.jpg,lower-body clothes,107,35,81,46,231,124
935,img/img_00005784.jpg,lower-body clothes,69,37,418,381,226,157
936,img/img_00005787.jpg,lower-body clothes,193,74,220,146,485,292
937,img/img_00005789.jpg,lower-body clothes,114,92,234,142,311,197
938,img/img_00005795.jpg,upper-body clothes,282,154,265,111,424,142
939,img/img_00005800.jpg,upper-body clothes,179,73,168,95,278,99
940,img/img_00005802.jpg,upper-body clothes,457,228,364,136,475,18
941,img/img_00005804.jpg,upper-body clothes,228,102,169,67,327,99
942,img/img_00005805.jpg,upper-body clothes,255,181,222,41,316,61
943,img/img_00005812.jpg,upper-body clothes,352,218,218,0,352,0
944,img/img_00005815.jpg,upper-body clothes,33,75,126,51,112,79
945,img/img_00005828.jpg,full-body clothes,126,60,175,115,176,50
946,img/img_00005840.jpg,full-body clothes,331,188,270,82,455,124
947,img/img_00005850.jpg,full-body clothes,270,262,262,0,270,0
948,img/img_00005851.jpg,full-body clothes,186,174,246,72,274,88
949,img/img_00005858.jpg,full-body clothes,237,123,189,66,328,91
950,img/img_00005861.jpg,full-body clothes,164,72,189,117,214,50
951,img/img_00005863.jpg,lower-body clothes,188,167,271,104,452,264
952,img/img_00005865.jpg,lower-body clothes,91,97,246,149,285,194
953,img/img_00005867.jpg,lower-body clothes,175,213,317,104,367,192
954,img/img_00005871.jpg,lower-body clothes,101,66,190,124,326,225
955,img/img_00005874.jpg,upper-body clothes,164,157,259,102,270,106
956,img/img_00005878.jpg,upper-body clothes,192,205,244,39,346,154
957,img/img_00005880.jpg,upper-body clothes,195,177,177,0,195,0
958,img/img_00005889.jpg,upper-body clothes,334,234,234,0,334,0
959,img/img_00005891.jpg,upper-body clothes,133,78,126,48,196,63
960,img/img_00005897.jpg,upper-body clothes,128,87,214,127,234,106
961,img/img_00005911.jpg,upper-body clothes,143,372,372,0,143,0
962,img/img_00005920.jpg,full-body clothes,161,85,197,112,254,93
963,img/img_00005931.jpg,full-body clothes,162,76,76,0,162,0
964,img/img_00005940.jpg,full-body clothes,187,64,184,120,232,45
965,img/img_00005941.jpg,full-body clothes,360,59,192,133,438,78
966,img/img_00005957.jpg,lower-body clothes,113,173,204,31,228,115
967,img/img_00005966.jpg,upper-body clothes,486,286,286,0,486,0
968,img/img_00005967.jpg,upper-body clothes,230,154,263,109,401,171
969,img/img_00005982.jpg,upper-body clothes,144,128,205,77,254,110
970,img/img_00005984.jpg,upper-body clothes,142,125,209,84,247,105
971,img/img_00005986.jpg,upper-body clothes,236,144,320,176,286,50
972,img/img_00005989.jpg,upper-body clothes,178,146,172,26,231,53
973,img/img_00005990.jpg,upper-body clothes,252,177,253,76,396,144
974,img/img_00005993.jpg,upper-body clothes,255,47,194,147,407,152
975,img/img_00005997.jpg,full-body clothes,196,264,264,0,196,0
976,img/img_00005999.jpg,full-body clothes,230,100,269,169,314,84
977,img/img_00006002.jpg,full-body clothes,247,48,281,233,309,62
978,img/img_00006003.jpg,full-body clothes,384,131,236,105,488,104
979,img/img_00006011.jpg,full-body clothes,413,269,269,0,413,0
980,img/img_00006016.jpg,lower-body clothes,72,37,138,101,142,70
981,img/img_00006018.jpg,lower-body clothes,158,53,125,72,198,40
982,img/img_00006040.jpg,upper-body clothes,141,253,253,0,141,0
983,img/img_00006050.jpg,upper-body clothes,199,164,264,100,456,257
984,img/img_00006052.jpg,lower-body clothes,235,253,322,69,315,80
985,img/img_00006056.jpg,upper-body clothes,322,161,340,179,454,132
986,img/img_00006065.jpg,full-body clothes,222,133,236,103,307,85
987,img/img_00006069.jpg,upper-body clothes,330,210,210,0,330,0
988,img/img_00006090.jpg,upper-body clothes,225,231,253,22,380,155
989,img/img_00006091.jpg,upper-body clothes,245,483,483,0,245,0
990,img/img_00006092.jpg,upper-body clothes,164,110,236,126,255,91
991,img/img_00006095.jpg,upper-body clothes,185,125,225,100,238,53
992,img/img_00006099.jpg,upper-body clothes,300,151,258,107,469,169
993,img/img_00006100.jpg,upper-body clothes,424,227,227,0,424,0
994,img/img_00006101.jpg,upper-body clothes,127,85,182,97,218,91
995,img/img_00006104.jpg,upper-body clothes,110,79,210,131,226,116
996,img/img_00006105.jpg,upper-body clothes,185,99,162,63,380,195
997,img/img_00006113.jpg,full-body clothes,414,284,284,0,414,0
998,img/img_00006117.jpg,full-body clothes,214,138,258,120,296,82
999,img/img_00006120.jpg,full-body clothes,240,28,274,246,317,77
1000,img/img_00006124.jpg,full-body clothes,267,61,168,107,290,23
1001,img/img_00006164.jpg,upper-body clothes,459,196,196,0,459,0
1002,img/img_00006166.jpg,upper-body clothes,129,91,167,76,217,88
1003,img/img_00006170.jpg,lower-body clothes,126,159,271,112,156,30
1004,img/img_00006184.jpg,lower-body clothes,56,69,151,82,72,16
1005,img/img_00006190.jpg,full-body clothes,89,58,98,40,156,67
1006,img/img_00006204.jpg,full-body clothes,382,268,268,0,382,0
1007,img/img_00006205.jpg,full-body clothes,333,176,263,87,464,131
1008,img/img_00006208.jpg,upper-body clothes,434,293,293,0,434,0
1009,img/img_00006210.jpg,upper-body clothes,303,347,384,37,456,153
1010,img/img_00006211.jpg,upper-body clothes,276,56,201,145,391,115
1011,img/img_00006215.jpg,upper-body clothes,156,98,178,80,223,67
1012,img/img_00006216.jpg,upper-body clothes,142,90,200,110,212,70
1013,img/img_00006221.jpg,lower-body clothes,105,113,174,61,310,205
1014,img/img_00006229.jpg,lower-body clothes,78,69,215,146,283,205
1015,img/img_00006237.jpg,lower-body clothes,60,75,203,128,305,245
1016,img/img_00006263.jpg,full-body clothes,233,109,175,66,357,124
1017,img/img_00006285.jpg,upper-body clothes,299,147,238,91,447,148
1018,img/img_00006287.jpg,upper-body clothes,149,112,218,106,293,144
1019,img/img_00006289.jpg,upper-body clothes,209,247,382,135,285,76
1020,img/img_00006292.jpg,upper-body clothes,90,72,188,116,190,100
1021,img/img_00006310.jpg,full-body clothes,147,125,125,0,147,0
1022,img/img_00006311.jpg,full-body clothes,351,102,235,133,428,77
1023,img/img_00006315.jpg,full-body clothes,374,155,269,114,460,86
1024,img/img_00006319.jpg,full-body clothes,229,113,229,116,309,80
1025,img/img_00006320.jpg,full-body clothes,265,168,246,78,350,85
1026,img/img_00006324.jpg,full-body clothes,370,201,274,73,486,116
1027,img/img_00006342.jpg,full-body clothes,91,50,113,63,127,36
1028,img/img_00006353.jpg,full-body clothes,330,168,204,36,442,112
1029,img/img_00006373.jpg,upper-body clothes,54,44,326,282,228,174
1030,img/img_00006380.jpg,lower-body clothes,419,158,348,190,480,61
1031,img/img_00006389.jpg,upper-body clothes,219,233,233,0,219,0
1032,img/img_00006391.jpg,upper-body clothes,286,349,349,0,286,0
1033,img/img_00006399.jpg,upper-body clothes,141,44,174,130,206,65
1034,img/img_00006418.jpg,upper-body clothes,291,90,213,123,457,166
1035,img/img_00006421.jpg,upper-body clothes,207,238,238,0,207,0
1036,img/img_00006436.jpg,full-body clothes,238,145,246,101,319,81
1037,img/img_00006439.jpg,full-body clothes,314,106,261,155,439,125
1038,img/img_00006440.jpg,full-body clothes,273,101,187,86,393,120
1039,img/img_00006448.jpg,full-body clothes,182,118,138,20,271,89
1040,img/img_00006465.jpg,full-body clothes,257,226,226,0,257,0
1041,img/img_00006466.jpg,full-body clothes,351,214,214,0,351,0
1042,img/img_00006475.jpg,lower-body clothes,75,98,163,65,299,224
1043,img/img_00006485.jpg,upper-body clothes,132,99,197,98,221,89
1044,img/img_00006498.jpg,upper-body clothes,96,272,272,0,96,0
1045,img/img_00006502.jpg,full-body clothes,197,302,302,0,197,0
1046,img/img_00006506.jpg,full-body clothes,232,43,158,115,241,9
1047,img/img_00006522.jpg,upper-body clothes,158,111,156,45,242,84
1048,img/img_00006527.jpg,lower-body clothes,132,133,217,84,446,314
1049,img/img_00006534.jpg,lower-body clothes,107,106,265,159,381,274
1050,img/img_00006537.jpg,lower-body clothes,78,71,155,84,283,205
1051,img/img_00006538.jpg,lower-body clothes,80,110,178,68,280,200
1052,img/img_00006539.jpg,lower-body clothes,58,82,212,130,233,175
1053,img/img_00006551.jpg,lower-body clothes,251,100,206,106,258,7
1054,img/img_00006560.jpg,lower-body clothes,346,53,176,123,405,59
1055,img/img_00006564.jpg,lower-body clothes,278,90,150,60,298,20
1056,img/img_00006573.jpg,upper-body clothes,401,181,285,104,477,76
1057,img/img_00006576.jpg,upper-body clothes,313,67,257,190,488,175
1058,img/img_00006587.jpg,upper-body clothes,246,140,327,187,399,153
1059,img/img_00006604.jpg,upper-body clothes,305,149,337,188,451,146
1060,img/img_00006609.jpg,upper-body clothes,124,81,117,36,192,68
1061,img/img_00006630.jpg,lower-body clothes,237,83,166,83,242,5
1062,img/img_00006637.jpg,lower-body clothes,191,158,242,84,230,39
1063,img/img_00006654.jpg,upper-body clothes,225,111,202,91,391,166
1064,img/img_00006666.jpg,full-body clothes,215,113,262,149,303,88
1065,img/img_00006675.jpg,upper-body clothes,12,281,281,0,12,0
1066,img/img_00006682.jpg,upper-body clothes,307,214,281,67,348,41
1067,img/img_00006688.jpg,full-body clothes,153,43,152,109,216,63
1068,img/img_00006697.jpg,full-body clothes,78,51,85,34,115,37
1069,img/img_00006704.jpg,full-body clothes,233,100,211,111,314,81
1070,img/img_00006705.jpg,full-body clothes,96,60,123,63,141,45
1071,img/img_00006708.jpg,full-body clothes,328,263,263,0,328,0
1072,img/img_00006716.jpg,lower-body clothes,339,287,287,0,339,0
1073,img/img_00006730.jpg,upper-body clothes,212,199,231,32,409,197
1074,img/img_00006754.jpg,lower-body clothes,251,189,301,112,299,48
1075,img/img_00006772.jpg,upper-body clothes,494,304,399,95,501,7
1076,img/img_00006777.jpg,upper-body clothes,248,248,287,39,400,152
1077,img/img_00006781.jpg,upper-body clothes,481,238,238,0,481,0
1078,img/img_00006783.jpg,upper-body clothes,324,180,327,147,351,27
1079,img/img_00006786.jpg,upper-body clothes,269,199,299,100,430,161
1080,img/img_00006791.jpg,upper-body clothes,241,51,133,82,369,128
1081,img/img_00006792.jpg,upper-body clothes,104,328,328,0,104,0
1082,img/img_00006793.jpg,upper-body clothes,153,71,176,105,247,94
1083,img/img_00006795.jpg,upper-body clothes,366,167,394,227,476,110
1084,img/img_00006797.jpg,upper-body clothes,197,86,156,70,241,44
1085,img/img_00006800.jpg,upper-body clothes,105,66,138,72,166,61
1086,img/img_00006814.jpg,upper-body clothes,169,99,200,101,247,78
1087,img/img_00006820.jpg,upper-body clothes,341,211,280,69,443,102
1088,img/img_00006824.jpg,upper-body clothes,255,102,195,93,349,94
1089,img/img_00006828.jpg,upper-body clothes,305,183,280,97,485,180
1090,img/img_00006846.jpg,full-body clothes,361,136,241,105,453,92
1091,img/img_00006848.jpg,full-body clothes,264,226,226,0,264,0
1092,img/img_00006852.jpg,full-body clothes,374,152,319,167,456,82
1093,img/img_00006865.jpg,full-body clothes,477,139,240,101,506,29
1094,img/img_00006867.jpg,full-body clothes,364,93,166,73,395,31
1095,img/img_00006869.jpg,full-body clothes,271,337,337,0,271,0
1096,img/img_00006877.jpg,full-body clothes,253,240,240,0,253,0
1097,img/img_00006879.jpg,full-body clothes,326,137,256,119,403,77
1098,img/img_00006890.jpg,lower-body clothes,139,184,216,32,420,281
1099,img/img_00006891.jpg,lower-body clothes,147,188,340,152,483,336
1100,img/img_00006892.jpg,lower-body clothes,57,97,208,111,287,230
1101,img/img_00006893.jpg,lower-body clothes,66,83,144,61,294,228
1102,img/img_00006900.jpg,upper-body clothes,137,60,122,62,215,78
1103,img/img_00006908.jpg,lower-body clothes,409,146,264,118,417,8
1104,img/img_00006925.jpg,upper-body clothes,323,434,434,0,323,0
1105,img/img_00006926.jpg,upper-body clothes,240,115,413,298,327,87
1106,img/img_00006932.jpg,full-body clothes,270,138,273,135,342,72
1107,img/img_00006942.jpg,full-body clothes,371,111,228,117,491,120
1108,img/img_00006943.jpg,full-body clothes,392,109,199,90,488,96
1109,img/img_00006945.jpg,full-body clothes,345,87,258,171,408,63
1110,img/img_00006957.jpg,lower-body clothes,95,94,295,201,262,167
1111,img/img_00006959.jpg,full-body clothes,190,138,228,90,262,72
1112,img/img_00006976.jpg,upper-body clothes,291,216,269,53,430,139
1113,img/img_00006982.jpg,upper-body clothes,299,156,294,138,475,176
1114,img/img_00006985.jpg,upper-body clothes,131,245,245,0,131,0
1115,img/img_00007005.jpg,upper-body clothes,135,81,155,74,251,116
1116,img/img_00007035.jpg,upper-body clothes,309,133,133,0,309,0
1117,img/img_00007037.jpg,upper-body clothes,95,111,111,0,95,0
1118,img/img_00007044.jpg,upper-body clothes,216,73,216,143,344,128
1119,img/img_00007051.jpg,upper-body clothes,148,116,192,76,254,106
1120,img/img_00007054.jpg,upper-body clothes,144,92,136,44,213,69
1121,img/img_00007066.jpg,upper-body clothes,186,113,218,105,233,47
1122,img/img_00007072.jpg,full-body clothes,304,192,257,65,464,160
1123,img/img_00007076.jpg,full-body clothes,252,144,251,107,368,116
1124,img/img_00007078.jpg,full-body clothes,347,163,251,88,459,112
1125,img/img_00007079.jpg,full-body clothes,273,54,228,174,457,184
1126,img/img_00007088.jpg,lower-body clothes,147,67,231,164,298,151
1127,img/img_00007091.jpg,lower-body clothes,255,57,240,183,466,211
1128,img/img_00007092.jpg,lower-body clothes,171,65,187,122,372,201
1129,img/img_00007093.jpg,lower-body clothes,129,53,161,108,251,122
1130,img/img_00007095.jpg,lower-body clothes,235,169,169,0,235,0
1131,img/img_00007098.jpg,lower-body clothes,229,119,224,105,494,265
1132,img/img_00007102.jpg,lower-body clothes,107,84,239,155,301,194
1133,img/img_00007114.jpg,lower-body clothes,109,59,489,430,236,127
1134,img/img_00007118.jpg,lower-body clothes,382,327,331,4,442,60
1135,img/img_00007123.jpg,lower-body clothes,66,139,460,321,216,150
1136,img/img_00007130.jpg,lower-body clothes,232,158,313,155,435,203
1137,img/img_00007158.jpg,full-body clothes,280,158,158,0,280,0
1138,img/img_00007167.jpg,full-body clothes,367,125,246,121,458,91
1139,img/img_00007169.jpg,full-body clothes,397,41,193,152,494,97
1140,img/img_00007170.jpg,full-body clothes,439,452,452,0,439,0
1141,img/img_00007177.jpg,full-body clothes,283,182,182,0,283,0
1142,img/img_00007178.jpg,full-body clothes,337,87,213,126,438,101
1143,img/img_00007190.jpg,full-body clothes,315,99,371,272,431,116
1144,img/img_00007197.jpg,upper-body clothes,227,183,352,169,397,170
1145,img/img_00007200.jpg,upper-body clothes,146,73,151,78,205,59
1146,img/img_00007207.jpg,upper-body clothes,125,55,180,125,219,94
1147,img/img_00007213.jpg,upper-body clothes,305,178,261,83,499,194
1148,img/img_00007218.jpg,full-body clothes,417,99,178,79,494,77
1149,img/img_00007219.jpg,full-body clothes,250,68,197,129,296,46
1150,img/img_00007220.jpg,full-body clothes,419,117,188,71,495,76
1151,img/img_00007226.jpg,full-body clothes,186,307,307,0,186,0
1152,img/img_00007227.jpg,full-body clothes,213,171,171,0,213,0
1153,img/img_00007239.jpg,upper-body clothes,179,319,319,0,179,0
1154,img/img_00007245.jpg,upper-body clothes,424,92,288,196,505,81
1155,img/img_00007259.jpg,upper-body clothes,325,208,289,81,424,99
1156,img/img_00007262.jpg,upper-body clothes,200,122,270,148,323,123
1157,img/img_00007269.jpg,full-body clothes,331,61,213,152,445,114
1158,img/img_00007270.jpg,full-body clothes,334,175,462,287,464,130
1159,img/img_00007277.jpg,full-body clothes,312,187,265,78,432,120
1160,img/img_00007289.jpg,full-body clothes,333,160,226,66,447,114
1161,img/img_00007292.jpg,lower-body clothes,70,78,163,85,79,9
1162,img/img_00007295.jpg,lower-body clothes,75,92,226,134,295,220
1163,img/img_00007296.jpg,lower-body clothes,82,104,166,62,271,189
1164,img/img_00007304.jpg,lower-body clothes,268,115,218,103,287,19
1165,img/img_00007306.jpg,lower-body clothes,227,111,227,116,371,144
1166,img/img_00007326.jpg,full-body clothes,489,116,116,0,489,0
1167,img/img_00007335.jpg,full-body clothes,440,228,228,0,440,0
1168,img/img_00007348.jpg,full-body clothes,119,35,112,77,202,83
1169,img/img_00007351.jpg,lower-body clothes,386,190,261,71,396,10
1170,img/img_00007362.jpg,lower-body clothes,329,140,322,182,383,54
1171,img/img_00007372.jpg,full-body clothes,241,130,277,147,327,86
1172,img/img_00007375.jpg,upper-body clothes,156,54,163,109,247,91
1173,img/img_00007385.jpg,upper-body clothes,218,147,260,113,374,156
1174,img/img_00007388.jpg,upper-body clothes,261,219,219,0,261,0
1175,img/img_00007394.jpg,upper-body clothes,186,141,287,146,296,110
1176,img/img_00007400.jpg,full-body clothes,227,77,181,104,308,81
1177,img/img_00007415.jpg,full-body clothes,215,104,223,119,287,72
1178,img/img_00007422.jpg,full-body clothes,232,93,242,149,303,71
1179,img/img_00007423.jpg,full-body clothes,366,107,221,114,492,126
1180,img/img_00007425.jpg,full-body clothes,183,98,215,117,296,113
1181,img/img_00007436.jpg,upper-body clothes,380,389,389,0,380,0
1182,img/img_00007439.jpg,upper-body clothes,209,106,223,117,369,160
1183,img/img_00007456.jpg,lower-body clothes,259,45,150,105,298,39
1184,img/img_00007457.jpg,lower-body clothes,271,77,179,102,460,189
1185,img/img_00007458.jpg,lower-body clothes,199,68,237,169,430,231
1186,img/img_00007463.jpg,lower-body clothes,219,98,207,109,405,186
1187,img/img_00007473.jpg,lower-body clothes,234,74,141,67,423,189
1188,img/img_00007478.jpg,upper-body clothes,225,75,221,146,341,116
1189,img/img_00007493.jpg,lower-body clothes,99,138,277,139,352,253
1190,img/img_00007495.jpg,lower-body clothes,112,110,220,110,352,240
1191,img/img_00007512.jpg,full-body clothes,235,136,233,97,404,169
1192,img/img_00007519.jpg,full-body clothes,345,242,242,0,345,0
1193,img/img_00007520.jpg,full-body clothes,314,88,186,98,458,144
1194,img/img_00007523.jpg,full-body clothes,211,80,150,70,287,76
1195,img/img_00007527.jpg,full-body clothes,436,185,299,114,470,34
1196,img/img_00007534.jpg,lower-body clothes,66,109,250,141,263,197
1197,img/img_00007540.jpg,lower-body clothes,81,216,251,35,305,224
1198,img/img_00007544.jpg,lower-body clothes,20,86,114,28,161,141
1199,img/img_00007563.jpg,full-body clothes,393,85,220,135,433,40
1200,img/img_00007570.jpg,full-body clothes,392,60,182,122,469,77
1201,img/img_00007574.jpg,full-body clothes,359,105,253,148,443,84
1202,img/img_00007585.jpg,upper-body clothes,227,85,145,60,231,4
1203,img/img_00007596.jpg,lower-body clothes,303,352,436,84,388,85
1204,img/img_00007608.jpg,full-body clothes,381,49,173,124,478,97
1205,img/img_00007613.jpg,full-body clothes,257,72,165,93,342,85
1206,img/img_00007634.jpg,full-body clothes,425,386,386,0,425,0
1207,img/img_00007647.jpg,full-body clothes,179,146,224,78,261,82
1208,img/img_00007650.jpg,full-body clothes,244,152,282,130,336,92
1209,img/img_00007657.jpg,upper-body clothes,107,72,137,65,188,81
1210,img/img_00007673.jpg,full-body clothes,225,37,196,159,308,83
1211,img/img_00007683.jpg,upper-body clothes,243,100,187,87,362,119
1212,img/img_00007688.jpg,upper-body clothes,111,64,132,68,191,80
1213,img/img_00007692.jpg,upper-body clothes,287,50,149,99,416,129
1214,img/img_00007698.jpg,upper-body clothes,126,110,307,197,264,138
1215,img/img_00007707.jpg,upper-body clothes,272,184,312,128,390,118
1216,img/img_00007708.jpg,upper-body clothes,105,166,166,0,105,0
1217,img/img_00007716.jpg,lower-body clothes,398,28,195,167,410,12
1218,img/img_00007719.jpg,lower-body clothes,296,76,157,81,306,10
1219,img/img_00007728.jpg,lower-body clothes,293,200,200,0,293,0
1220,img/img_00007730.jpg,lower-body clothes,331,233,233,0,331,0
1221,img/img_00007731.jpg,lower-body clothes,258,34,130,96,265,7
1222,img/img_00007734.jpg,lower-body clothes,241,65,126,61,250,9
1223,img/img_00007748.jpg,lower-body clothes,108,32,86,54,197,89
1224,img/img_00007753.jpg,lower-body clothes,182,115,229,114,216,34
1225,img/img_00007763.jpg,upper-body clothes,335,161,259,98,435,100
1226,img/img_00007774.jpg,lower-body clothes,104,65,304,239,288,184
1227,img/img_00007783.jpg,full-body clothes,359,148,233,85,467,108
1228,img/img_00007793.jpg,full-body clothes,193,152,308,156,309,116
1229,img/img_00007805.jpg,upper-body clothes,212,127,201,74,295,83
1230,img/img_00007810.jpg,upper-body clothes,303,70,180,110,420,117
1231,img/img_00007816.jpg,upper-body clothes,117,97,255,158,306,189
1232,img/img_00007821.jpg,upper-body clothes,240,297,309,12,293,53
1233,img/img_00007840.jpg,upper-body clothes,414,259,259,0,414,0
1234,img/img_00007843.jpg,full-body clothes,209,52,180,128,255,46
1235,img/img_00007847.jpg,full-body clothes,226,68,184,116,280,54
1236,img/img_00007852.jpg,upper-body clothes,163,85,245,160,248,85
1237,img/img_00007855.jpg,upper-body clothes,136,60,161,101,218,82
1238,img/img_00007856.jpg,upper-body clothes,211,159,159,0,211,0
1239,img/img_00007857.jpg,lower-body clothes,411,148,240,92,422,11
1240,img/img_00007885.jpg,upper-body clothes,107,33,189,156,257,150
1241,img/img_00007892.jpg,lower-body clothes,213,40,174,134,293,80
1242,img/img_00007899.jpg,lower-body clothes,60,97,169,72,76,16
1243,img/img_00007909.jpg,upper-body clothes,20,336,336,0,20,0
1244,img/img_00007910.jpg,upper-body clothes,86,36,250,214,178,92
1245,img/img_00007913.jpg,upper-body clothes,52,195,195,0,52,0
1246,img/img_00007917.jpg,full-body clothes,317,234,287,53,443,126
1247,img/img_00007921.jpg,full-body clothes,265,121,252,131,423,158
1248,img/img_00007928.jpg,full-body clothes,279,176,345,169,403,124
1249,img/img_00007936.jpg,lower-body clothes,129,24,222,198,214,85
1250,img/img_00007937.jpg,lower-body clothes,265,98,201,103,297,32
1251,img/img_00007944.jpg,full-body clothes,263,183,260,77,369,106
1252,img/img_00007950.jpg,full-body clothes,321,221,221,0,321,0
1253,img/img_00007960.jpg,upper-body clothes,257,78,179,101,363,106
1254,img/img_00007966.jpg,upper-body clothes,139,66,134,68,204,65
1255,img/img_00007969.jpg,upper-body clothes,312,194,229,35,380,68
1256,img/img_00007972.jpg,upper-body clothes,98,71,123,52,159,61
1257,img/img_00007975.jpg,upper-body clothes,236,69,237,168,391,155
1258,img/img_00007980.jpg,upper-body clothes,139,61,118,57,196,57
1259,img/img_00007982.jpg,upper-body clothes,282,187,187,0,282,0
1260,img/img_00007991.jpg,upper-body clothes,208,111,211,100,302,94
1261,img/img_00008032.jpg,lower-body clothes,219,47,169,122,238,19
1262,img/img_00008035.jpg,lower-body clothes,318,205,205,0,318,0
1263,img/img_00008050.jpg,upper-body clothes,358,226,307,81,506,148
1264,img/img_00008053.jpg,upper-body clothes,244,93,236,143,359,115
1265,img/img_00008062.jpg,upper-body clothes,104,52,131,79,163,59
1266,img/img_00008078.jpg,upper-body clothes,225,130,229,99,361,136
1267,img/img_00008083.jpg,upper-body clothes,105,70,182,112,151,46
1268,img/img_00008105.jpg,upper-body clothes,159,68,125,57,220,61
1269,img/img_00008116.jpg,upper-body clothes,232,40,196,156,343,111
1270,img/img_00008119.jpg,upper-body clothes,171,85,161,76,206,35
1271,img/img_00008120.jpg,upper-body clothes,22,231,231,0,22,0
1272,img/img_00008122.jpg,upper-body clothes,347,269,269,0,347,0
1273,img/img_00008123.jpg,upper-body clothes,108,262,262,0,108,0
1274,img/img_00008127.jpg,upper-body clothes,20,212,212,0,20,0
1275,img/img_00008128.jpg,upper-body clothes,146,85,191,106,219,73
1276,img/img_00008138.jpg,upper-body clothes,236,94,189,95,371,135
1277,img/img_00008139.jpg,upper-body clothes,46,230,230,0,46,0
1278,img/img_00008148.jpg,upper-body clothes,112,62,135,73,174,62
1279,img/img_00008156.jpg,upper-body clothes,183,106,152,46,310,127
1280,img/img_00008164.jpg,upper-body clothes,186,94,207,113,333,147
1281,img/img_00008166.jpg,upper-body clothes,92,58,131,73,146,54
1282,img/img_00008180.jpg,full-body clothes,155,84,152,68,216,61
1283,img/img_00008181.jpg,full-body clothes,380,125,248,123,487,107
1284,img/img_00008191.jpg,lower-body clothes,94,134,265,131,381,287
1285,img/img_00008211.jpg,lower-body clothes,64,83,128,45,227,163
1286,img/img_00008218.jpg,lower-body clothes,177,53,136,83,319,142
1287,img/img_00008225.jpg,lower-body clothes,263,68,224,156,471,208
1288,img/img_00008230.jpg,lower-body clothes,507,156,156,0,507,0
1289,img/img_00008234.jpg,lower-body clothes,273,95,231,136,300,27
1290,img/img_00008251.jpg,full-body clothes,343,97,298,201,482,139
1291,img/img_00008253.jpg,full-body clothes,456,108,203,95,476,20
1292,img/img_00008257.jpg,full-body clothes,332,155,346,191,456,124
1293,img/img_00008262.jpg,full-body clothes,306,156,196,40,465,159
1294,img/img_00008274.jpg,upper-body clothes,102,82,139,57,250,148
1295,img/img_00008276.jpg,upper-body clothes,443,333,333,0,443,0
1296,img/img_00008277.jpg,upper-body clothes,139,83,183,100,254,115
1297,img/img_00008278.jpg,upper-body clothes,176,121,140,19,194,18
1298,img/img_00008279.jpg,upper-body clothes,54,141,141,0,54,0
1299,img/img_00008280.jpg,upper-body clothes,299,227,294,67,466,167
1300,img/img_00008281.jpg,lower-body clothes,177,67,189,122,292,115
1301,img/img_00008285.jpg,lower-body clothes,90,110,147,37,286,196
1302,img/img_00008289.jpg,lower-body clothes,229,234,234,0,229,0
1303,img/img_00008293.jpg,lower-body clothes,59,93,148,55,101,42
1304,img/img_00008307.jpg,full-body clothes,198,29,184,155,241,43
1305,img/img_00008314.jpg,full-body clothes,345,151,151,0,345,0
1306,img/img_00008322.jpg,full-body clothes,144,56,130,74,154,10
1307,img/img_00008334.jpg,lower-body clothes,270,110,176,66,303,33
1308,img/img_00008357.jpg,lower-body clothes,55,82,329,247,315,260
1309,img/img_00008369.jpg,upper-body clothes,63,214,214,0,63,0
1310,img/img_00008374.jpg,upper-body clothes,107,168,168,0,107,0
1311,img/img_00008387.jpg,upper-body clothes,152,60,207,147,313,161
1312,img/img_00008398.jpg,upper-body clothes,278,193,316,123,424,146
1313,img/img_00008402.jpg,full-body clothes,177,62,131,69,221,44
1314,img/img_00008406.jpg,full-body clothes,361,110,237,127,452,91
1315,img/img_00008412.jpg,full-body clothes,360,116,232,116,445,85
1316,img/img_00008417.jpg,full-body clothes,407,133,241,108,494,87
1317,img/img_00008419.jpg,full-body clothes,178,35,191,156,263,85
1318,img/img_00008422.jpg,full-body clothes,330,73,188,115,450,120
1319,img/img_00008434.jpg,full-body clothes,323,92,224,132,429,106
1320,img/img_00008435.jpg,full-body clothes,142,58,120,62,178,36
1321,img/img_00008440.jpg,full-body clothes,271,226,226,0,271,0
1322,img/img_00008443.jpg,full-body clothes,312,127,251,124,331,19
1323,img/img_00008448.jpg,full-body clothes,357,53,185,132,429,72
1324,img/img_00008467.jpg,full-body clothes,379,153,349,196,488,109
1325,img/img_00008473.jpg,full-body clothes,352,39,181,142,442,90
1326,img/img_00008475.jpg,full-body clothes,281,50,178,128,390,109
1327,img/img_00008479.jpg,full-body clothes,268,61,174,113,388,120
1328,img/img_00008484.jpg,full-body clothes,367,57,203,146,441,74
1329,img/img_00008485.jpg,full-body clothes,334,83,182,99,404,70
1330,img/img_00008491.jpg,full-body clothes,265,174,283,109,402,137
1331,img/img_00008493.jpg,full-body clothes,316,163,225,62,428,112
1332,img/img_00008502.jpg,full-body clothes,122,67,179,112,172,50
1333,img/img_00008503.jpg,full-body clothes,312,220,220,0,312,0
1334,img/img_00008509.jpg,full-body clothes,385,53,223,170,489,104
1335,img/img_00008510.jpg,full-body clothes,344,192,264,72,459,115
1336,img/img_00008514.jpg,full-body clothes,230,98,269,171,327,97
1337,img/img_00008515.jpg,full-body clothes,308,155,263,108,438,130
1338,img/img_00008528.jpg,full-body clothes,211,52,134,82,310,99
1339,img/img_00008530.jpg,full-body clothes,297,101,238,137,381,84
1340,img/img_00008531.jpg,full-body clothes,166,80,134,54,224,58
1341,img/img_00008538.jpg,full-body clothes,206,71,183,112,281,75
1342,img/img_00008562.jpg,upper-body clothes,140,179,179,0,140,0
1343,img/img_00008565.jpg,upper-body clothes,362,174,281,107,501,139
1344,img/img_00008573.jpg,full-body clothes,199,64,147,83,238,39
1345,img/img_00008582.jpg,full-body clothes,359,94,195,101,437,78
1346,img/img_00008588.jpg,lower-body clothes,69,100,216,116,268,199
1347,img/img_00008589.jpg,lower-body clothes,57,162,259,97,432,375
1348,img/img_00008591.jpg,lower-body clothes,167,275,295,20,248,81
1349,img/img_00008596.jpg,lower-body clothes,73,97,182,85,251,178
1350,img/img_00008599.jpg,lower-body clothes,61,191,191,0,61,0
1351,img/img_00008608.jpg,upper-body clothes,292,181,233,52,464,172
1352,img/img_00008609.jpg,upper-body clothes,307,143,335,192,467,160
1353,img/img_00008616.jpg,upper-body clothes,210,139,196,57,346,136
1354,img/img_00008638.jpg,full-body clothes,458,204,204,0,458,0
1355,img/img_00008647.jpg,upper-body clothes,259,125,265,140,437,178
1356,img/img_00008649.jpg,upper-body clothes,175,114,190,76,272,97
1357,img/img_00008662.jpg,upper-body clothes,296,98,177,79,406,110
1358,img/img_00008680.jpg,full-body clothes,131,186,186,0,131,0
1359,img/img_00008687.jpg,full-body clothes,403,177,237,60,477,74
1360,img/img_00008698.jpg,upper-body clothes,268,183,254,71,400,132
1361,img/img_00008704.jpg,upper-body clothes,141,102,160,58,212,71
1362,img/img_00008708.jpg,upper-body clothes,163,125,222,97,242,79
1363,img/img_00008717.jpg,upper-body clothes,87,140,140,0,87,0
1364,img/img_00008721.jpg,upper-body clothes,134,128,128,0,134,0
1365,img/img_00008724.jpg,upper-body clothes,209,115,250,135,342,133
1366,img/img_00008725.jpg,upper-body clothes,206,104,177,73,315,109
1367,img/img_00008729.jpg,upper-body clothes,348,307,307,0,348,0
1368,img/img_00008731.jpg,upper-body clothes,211,326,326,0,211,0
1369,img/img_00008735.jpg,upper-body clothes,139,94,193,99,216,77
1370,img/img_00008742.jpg,upper-body clothes,220,188,356,168,357,137
1371,img/img_00008746.jpg,upper-body clothes,338,123,213,90,432,94
1372,img/img_00008752.jpg,upper-body clothes,396,251,300,49,440,44
1373,img/img_00008758.jpg,upper-body clothes,203,178,178,0,203,0
1374,img/img_00008771.jpg,upper-body clothes,419,246,246,0,419,0
1375,img/img_00008773.jpg,upper-body clothes,508,287,287,0,508,0
1376,img/img_00008790.jpg,upper-body clothes,234,197,378,181,402,168
1377,img/img_00008791.jpg,upper-body clothes,195,181,239,58,256,61
1378,img/img_00008795.jpg,upper-body clothes,175,155,279,124,286,111
1379,img/img_00008809.jpg,upper-body clothes,209,227,282,55,312,103
1380,img/img_00008812.jpg,upper-body clothes,129,70,192,122,252,123
1381,img/img_00008823.jpg,upper-body clothes,262,170,245,75,399,137
1382,img/img_00008835.jpg,full-body clothes,291,66,133,67,333,42
1383,img/img_00008841.jpg,full-body clothes,366,70,229,159,451,85
1384,img/img_00008842.jpg,full-body clothes,171,79,156,77,235,64
1385,img/img_00008856.jpg,lower-body clothes,52,86,133,47,148,96
1386,img/img_00008863.jpg,lower-body clothes,134,194,231,37,223,89
1387,img/img_00008864.jpg,lower-body clothes,80,117,154,37,123,43
1388,img/img_00008866.jpg,lower-body clothes,92,77,229,152,332,240
1389,img/img_00008871.jpg,upper-body clothes,242,103,153,50,352,110
1390,img/img_00008881.jpg,upper-body clothes,295,195,292,97,444,149
1391,img/img_00008882.jpg,upper-body clothes,86,98,198,100,163,77
1392,img/img_00008887.jpg,upper-body clothes,303,65,224,159,426,123
1393,img/img_00008890.jpg,upper-body clothes,252,65,205,140,363,111
1394,img/img_00008892.jpg,upper-body clothes,381,278,342,64,391,10
1395,img/img_00008893.jpg,upper-body clothes,203,121,247,126,206,3
1396,img/img_00008912.jpg,lower-body clothes,158,146,246,100,474,316
1397,img/img_00008913.jpg,lower-body clothes,132,137,282,145,206,74
1398,img/img_00008919.jpg,lower-body clothes,115,148,249,101,144,29
1399,img/img_00008920.jpg,lower-body clothes,139,152,248,96,169,30
1400,img/img_00008922.jpg,lower-body clothes,152,285,361,76,222,70
1401,img/img_00008926.jpg,upper-body clothes,178,37,118,81,253,75
1402,img/img_00008930.jpg,upper-body clothes,337,217,258,41,454,117
1403,img/img_00008935.jpg,upper-body clothes,286,194,260,66,425,139
1404,img/img_00008943.jpg,full-body clothes,328,112,231,119,455,127
1405,img/img_00008946.jpg,full-body clothes,352,201,276,75,484,132
1406,img/img_00008947.jpg,full-body clothes,286,247,267,20,395,109
1407,img/img_00008948.jpg,full-body clothes,226,86,176,90,307,81
1408,img/img_00008950.jpg,full-body clothes,120,149,149,0,120,0
1409,img/img_00008965.jpg,full-body clothes,376,129,214,85,487,111
1410,img/img_00008968.jpg,full-body clothes,461,282,282,0,461,0
1411,img/img_00008972.jpg,full-body clothes,174,86,131,45,224,50
1412,img/img_00008973.jpg,full-body clothes,238,134,239,105,323,85
1413,img/img_00008988.jpg,upper-body clothes,109,45,130,85,132,23
1414,img/img_00008990.jpg,upper-body clothes,131,132,251,119,271,140
1415,img/img_00008991.jpg,upper-body clothes,354,399,399,0,354,0
1416,img/img_00008999.jpg,upper-body clothes,166,154,154,0,166,0
1417,img/img_00009012.jpg,upper-body clothes,273,171,245,74,334,61
1418,img/img_00009013.jpg,upper-body clothes,168,103,166,63,253,85
1419,img/img_00009014.jpg,upper-body clothes,338,475,475,0,338,0
1420,img/img_00009018.jpg,upper-body clothes,258,230,312,82,400,142
1421,img/img_00009025.jpg,upper-body clothes,255,198,309,111,433,178
1422,img/img_00009033.jpg,upper-body clothes,227,145,192,47,238,11
1423,img/img_00009037.jpg,upper-body clothes,125,103,207,104,209,84
1424,img/img_00009041.jpg,upper-body clothes,166,38,128,90,246,80
1425,img/img_00009051.jpg,upper-body clothes,149,76,158,82,199,50
1426,img/img_00009067.jpg,upper-body clothes,312,136,227,91,425,113
1427,img/img_00009070.jpg,upper-body clothes,296,205,273,68,412,116
1428,img/img_00009087.jpg,upper-body clothes,181,103,199,96,239,58
1429,img/img_00009088.jpg,upper-body clothes,304,95,175,80,364,60
1430,img/img_00009093.jpg,upper-body clothes,180,75,132,57,270,90
1431,img/img_00009098.jpg,upper-body clothes,257,124,229,105,400,143
1432,img/img_00009102.jpg,upper-body clothes,215,99,218,119,303,88
1433,img/img_00009111.jpg,upper-body clothes,211,116,180,64,311,100
1434,img/img_00009114.jpg,upper-body clothes,204,133,474,341,219,15
1435,img/img_00009118.jpg,upper-body clothes,114,170,170,0,114,0
1436,img/img_00009123.jpg,upper-body clothes,272,125,243,118,389,117
1437,img/img_00009125.jpg,upper-body clothes,114,171,171,0,114,0
1438,img/img_00009131.jpg,upper-body clothes,1,1,1,0,1,0
1439,img/img_00009140.jpg,upper-body clothes,292,151,288,137,420,128
1440,img/img_00009141.jpg,upper-body clothes,370,457,457,0,370,0
1441,img/img_00009146.jpg,upper-body clothes,228,147,286,139,292,64
1442,img/img_00009151.jpg,upper-body clothes,163,124,219,95,246,83
1443,img/img_00009166.jpg,lower-body clothes,80,106,492,386,234,154
1444,img/img_00009175.jpg,upper-body clothes,103,61,209,148,204,101
1445,img/img_00009177.jpg,upper-body clothes,489,278,278,0,489,0
1446,img/img_00009180.jpg,upper-body clothes,210,136,264,128,342,132
1447,img/img_00009186.jpg,upper-body clothes,133,176,176,0,133,0
1448,img/img_00009190.jpg,upper-body clothes,282,79,158,79,397,115
1449,img/img_00009194.jpg,upper-body clothes,199,93,170,77,295,96
1450,img/img_00009195.jpg,upper-body clothes,149,61,147,86,228,79
1451,img/img_00009196.jpg,upper-body clothes,90,80,140,60,152,62
1452,img/img_00009201.jpg,upper-body clothes,195,292,292,0,195,0
1453,img/img_00009204.jpg,upper-body clothes,184,111,299,188,271,87
1454,img/img_00009210.jpg,upper-body clothes,49,276,276,0,49,0
1455,img/img_00009219.jpg,upper-body clothes,59,127,127,0,59,0
1456,img/img_00009221.jpg,upper-body clothes,150,190,190,0,150,0
1457,img/img_00009241.jpg,full-body clothes,303,278,278,0,303,0
1458,img/img_00009259.jpg,lower-body clothes,118,177,177,0,118,0
1459,img/img_00009268.jpg,full-body clothes,329,114,241,127,412,83
1460,img/img_00009270.jpg,full-body clothes,214,104,205,101,268,54
1461,img/img_00009271.jpg,full-body clothes,383,123,316,193,477,94
1462,img/img_00009280.jpg,full-body clothes,362,135,184,49,439,77
1463,img/img_00009301.jpg,upper-body clothes,134,88,152,64,168,34
1464,img/img_00009310.jpg,lower-body clothes,69,83,105,22,222,153
1465,img/img_00009313.jpg,lower-body clothes,256,164,164,0,256,0
1466,img/img_00009318.jpg,lower-body clothes,302,250,250,0,302,0
1467,img/img_00009352.jpg,lower-body clothes,103,106,215,109,272,169
1468,img/img_00009355.jpg,lower-body clothes,25,32,145,113,96,71
1469,img/img_00009358.jpg,lower-body clothes,100,105,169,64,275,175
1470,img/img_00009367.jpg,full-body clothes,484,249,249,0,484,0
1471,img/img_00009370.jpg,full-body clothes,234,127,249,122,320,86
1472,img/img_00009371.jpg,full-body clothes,340,166,235,69,457,117
1473,img/img_00009375.jpg,full-body clothes,253,133,271,138,347,94
1474,img/img_00009378.jpg,full-body clothes,235,136,246,110,333,98
1475,img/img_00009383.jpg,upper-body clothes,316,100,178,78,432,116
1476,img/img_00009384.jpg,upper-body clothes,328,230,230,0,328,0
1477,img/img_00009389.jpg,upper-body clothes,286,225,367,142,454,168
1478,img/img_00009400.jpg,lower-body clothes,103,127,189,62,341,238
1479,img/img_00009402.jpg,lower-body clothes,76,78,145,67,276,200
1480,img/img_00009406.jpg,full-body clothes,243,385,385,0,243,0
1481,img/img_00009419.jpg,upper-body clothes,107,61,102,41,168,61
1482,img/img_00009426.jpg,upper-body clothes,171,118,286,168,280,109
1483,img/img_00009437.jpg,upper-body clothes,408,171,212,41,463,55
1484,img/img_00009447.jpg,full-body clothes,170,42,124,82,236,66
1485,img/img_00009448.jpg,full-body clothes,358,282,282,0,358,0
1486,img/img_00009450.jpg,full-body clothes,435,253,253,0,435,0
1487,img/img_00009452.jpg,upper-body clothes,276,173,314,141,469,193
1488,img/img_00009457.jpg,full-body clothes,207,18,97,79,263,56
1489,img/img_00009461.jpg,upper-body clothes,205,174,174,0,205,0
1490,img/img_00009462.jpg,upper-body clothes,178,135,237,102,216,38
1491,img/img_00009467.jpg,upper-body clothes,73,142,142,0,73,0
1492,img/img_00009471.jpg,upper-body clothes,203,140,221,81,334,131
1493,img/img_00009482.jpg,upper-body clothes,289,170,270,100,387,98
1494,img/img_00009488.jpg,full-body clothes,334,59,205,146,398,64
1495,img/img_00009497.jpg,full-body clothes,135,215,215,0,135,0
1496,img/img_00009501.jpg,full-body clothes,193,95,148,53,272,79
1497,img/img_00009509.jpg,full-body clothes,243,55,142,87,323,80
1498,img/img_00009510.jpg,full-body clothes,366,302,302,0,366,0
1499,img/img_00009521.jpg,lower-body clothes,124,78,253,175,438,314
1500,img/img_00009544.jpg,full-body clothes,282,171,236,65,384,102
1501,img/img_00009545.jpg,full-body clothes,284,180,266,86,407,123
1502,img/img_00009546.jpg,full-body clothes,332,121,219,98,470,138
1503,img/img_00009550.jpg,full-body clothes,204,115,139,24,284,80
1504,img/img_00009556.jpg,full-body clothes,335,230,262,32,397,62
1505,img/img_00009570.jpg,upper-body clothes,312,217,217,0,312,0
1506,img/img_00009575.jpg,upper-body clothes,454,185,185,0,454,0
1507,img/img_00009580.jpg,upper-body clothes,1,1,1,0,1,0
1508,img/img_00009582.jpg,upper-body clothes,148,343,343,0,148,0
1509,img/img_00009604.jpg,full-body clothes,342,201,209,8,467,125
1510,img/img_00009611.jpg,full-body clothes,295,186,260,74,411,116
1511,img/img_00009614.jpg,lower-body clothes,47,47,173,126,160,113
1512,img/img_00009629.jpg,full-body clothes,352,143,212,69,484,132
1513,img/img_00009639.jpg,full-body clothes,288,80,199,119,411,123
1514,img/img_00009640.jpg,full-body clothes,190,50,177,127,300,110
1515,img/img_00009642.jpg,full-body clothes,399,260,260,0,399,0
1516,img/img_00009643.jpg,full-body clothes,227,131,168,37,321,94
1517,img/img_00009645.jpg,full-body clothes,271,84,255,171,359,88
1518,img/img_00009659.jpg,full-body clothes,246,271,271,0,246,0
1519,img/img_00009663.jpg,lower-body clothes,168,60,92,32,303,135
1520,img/img_00009665.jpg,lower-body clothes,188,164,240,76,481,293
1521,img/img_00009666.jpg,lower-body clothes,190,90,218,128,394,204
1522,img/img_00009669.jpg,lower-body clothes,233,89,136,47,425,192
1523,img/img_00009680.jpg,full-body clothes,366,176,268,92,485,119
1524,img/img_00009682.jpg,full-body clothes,287,174,284,110,379,92
1525,img/img_00009691.jpg,lower-body clothes,54,51,127,76,144,90
1526,img/img_00009692.jpg,lower-body clothes,184,152,267,115,210,26
1527,img/img_00009700.jpg,full-body clothes,382,137,254,117,500,118
1528,img/img_00009704.jpg,full-body clothes,143,39,80,41,187,44
1529,img/img_00009710.jpg,full-body clothes,243,97,252,155,312,69
1530,img/img_00009713.jpg,full-body clothes,296,258,258,0,296,0
1531,img/img_00009715.jpg,full-body clothes,204,108,211,103,279,75
1532,img/img_00009718.jpg,lower-body clothes,110,132,249,117,273,163
1533,img/img_00009719.jpg,lower-body clothes,166,173,231,58,403,237
1534,img/img_00009720.jpg,lower-body clothes,123,127,169,42,202,79
1535,img/img_00009724.jpg,lower-body clothes,52,56,112,56,141,89
1536,img/img_00009732.jpg,lower-body clothes,92,94,141,47,105,13
1537,img/img_00009755.jpg,lower-body clothes,92,362,362,0,92,0
1538,img/img_00009759.jpg,lower-body clothes,150,157,161,4,168,18
1539,img/img_00009764.jpg,lower-body clothes,169,113,244,131,468,299
1540,img/img_00009777.jpg,lower-body clothes,417,492,492,0,417,0
1541,img/img_00009779.jpg,full-body clothes,113,53,125,72,152,39
1542,img/img_00009781.jpg,full-body clothes,344,204,257,53,470,126
1543,img/img_00009782.jpg,full-body clothes,333,171,302,131,463,130
1544,img/img_00009785.jpg,full-body clothes,409,125,255,130,465,56
1545,img/img_00009787.jpg,full-body clothes,323,171,261,90,450,127
1546,img/img_00009793.jpg,upper-body clothes,187,101,215,114,281,94
1547,img/img_00009796.jpg,upper-body clothes,252,181,195,14,420,168
1548,img/img_00009801.jpg,upper-body clothes,135,128,207,79,230,95
1549,img/img_00009805.jpg,upper-body clothes,314,132,265,133,448,134
1550,img/img_00009808.jpg,upper-body clothes,289,133,234,101,424,135
1551,img/img_00009810.jpg,upper-body clothes,271,140,244,104,434,163
1552,img/img_00009817.jpg,upper-body clothes,193,162,244,82,371,178
1553,img/img_00009822.jpg,full-body clothes,291,160,227,67,297,6
1554,img/img_00009823.jpg,full-body clothes,142,69,224,155,247,105
1555,img/img_00009834.jpg,upper-body clothes,217,133,318,185,258,41
1556,img/img_00009844.jpg,upper-body clothes,301,104,234,130,397,96
1557,img/img_00009856.jpg,full-body clothes,250,139,266,127,330,80
1558,img/img_00009860.jpg,full-body clothes,315,199,248,49,438,123
1559,img/img_00009861.jpg,full-body clothes,330,246,307,61,468,138
1560,img/img_00009862.jpg,full-body clothes,200,49,157,108,276,76
1561,img/img_00009868.jpg,full-body clothes,421,267,267,0,421,0
1562,img/img_00009870.jpg,upper-body clothes,158,61,137,76,207,49
1563,img/img_00009876.jpg,upper-body clothes,171,114,163,49,258,87
1564,img/img_00009879.jpg,full-body clothes,287,167,242,75,420,133
1565,img/img_00009880.jpg,full-body clothes,147,92,144,52,219,72
1566,img/img_00009887.jpg,full-body clothes,263,270,270,0,263,0
1567,img/img_00009893.jpg,full-body clothes,134,91,162,71,196,62
1568,img/img_00009902.jpg,upper-body clothes,84,54,125,71,129,45
1569,img/img_00009906.jpg,full-body clothes,349,169,237,68,465,116
1570,img/img_00009908.jpg,full-body clothes,324,249,249,0,324,0
1571,img/img_00009911.jpg,full-body clothes,333,218,289,71,450,117
1572,img/img_00009912.jpg,full-body clothes,212,110,162,52,296,84
1573,img/img_00009916.jpg,full-body clothes,196,89,235,146,277,81
1574,img/img_00009925.jpg,upper-body clothes,69,77,336,259,151,82
1575,img/img_00009931.jpg,upper-body clothes,428,232,290,58,442,14
1576,img/img_00009933.jpg,upper-body clothes,290,174,248,74,375,85
1577,img/img_00009935.jpg,upper-body clothes,295,218,362,144,452,157
1578,img/img_00009937.jpg,upper-body clothes,193,241,241,0,193,0
1579,img/img_00009939.jpg,upper-body clothes,362,174,232,58,482,120
1580,img/img_00009942.jpg,lower-body clothes,156,89,218,129,347,191
1581,img/img_00009943.jpg,lower-body clothes,288,174,277,103,314,26
1582,img/img_00009950.jpg,lower-body clothes,162,116,213,97,173,11
1583,img/img_00009965.jpg,upper-body clothes,221,163,249,86,317,96
1584,img/img_00009989.jpg,lower-body clothes,477,410,410,0,477,0
1585,img/img_00009992.jpg,lower-body clothes,249,121,234,113,274,25
1586,img/img_00009993.jpg,lower-body clothes,136,49,137,88,271,135
1587,img/img_00009994.jpg,lower-body clothes,187,87,248,161,371,184
1588,img/img_00010008.jpg,lower-body clothes,99,106,134,28,348,249
1589,img/img_00010023.jpg,lower-body clothes,282,338,344,6,286,4
1590,img/img_00010030.jpg,lower-body clothes,111,92,210,118,287,176
1591,img/img_00010031.jpg,lower-body clothes,104,117,176,59,289,185
1592,img/img_00010032.jpg,upper-body clothes,218,191,246,55,389,171
1593,img/img_00010043.jpg,full-body clothes,305,106,249,143,458,153
1594,img/img_00010047.jpg,full-body clothes,259,33,243,210,341,82
1595,img/img_00010052.jpg,full-body clothes,272,123,193,70,379,107
1596,img/img_00010056.jpg,full-body clothes,115,74,187,113,167,52
1597,img/img_00010058.jpg,full-body clothes,358,173,273,100,487,129
1598,img/img_00010061.jpg,full-body clothes,344,227,322,95,471,127
1599,img/img_00010062.jpg,full-body clothes,213,122,173,51,292,79
1600,img/img_00010063.jpg,full-body clothes,256,107,216,109,274,18
1601,img/img_00010065.jpg,full-body clothes,261,100,265,165,346,85
1602,img/img_00010066.jpg,full-body clothes,217,107,212,105,305,88
1603,img/img_00010069.jpg,full-body clothes,185,92,197,105,261,76
1604,img/img_00010079.jpg,full-body clothes,205,100,232,132,270,65
1605,img/img_00010088.jpg,lower-body clothes,211,152,233,81,490,279
1606,img/img_00010100.jpg,full-body clothes,226,133,256,123,299,73
1607,img/img_00010102.jpg,full-body clothes,229,121,230,109,314,85
1608,img/img_00010104.jpg,full-body clothes,282,179,179,0,282,0
1609,img/img_00010124.jpg,upper-body clothes,132,73,133,60,187,55
1610,img/img_00010134.jpg,lower-body clothes,166,60,148,88,319,153
1611,img/img_00010138.jpg,lower-body clothes,144,18,188,170,258,114
1612,img/img_00010150.jpg,full-body clothes,187,67,195,128,256,69
1613,img/img_00010151.jpg,full-body clothes,377,110,233,123,489,112
1614,img/img_00010152.jpg,full-body clothes,258,95,267,172,341,83
1615,img/img_00010156.jpg,full-body clothes,338,182,253,71,457,119
1616,img/img_00010165.jpg,full-body clothes,305,85,223,138,443,138
1617,img/img_00010177.jpg,full-body clothes,264,154,360,206,382,118
1618,img/img_00010205.jpg,lower-body clothes,148,193,297,104,476,328
1619,img/img_00010212.jpg,lower-body clothes,111,145,217,72,391,280
1620,img/img_00010220.jpg,lower-body clothes,125,180,262,82,441,316
1621,img/img_00010224.jpg,full-body clothes,208,59,168,109,296,88
1622,img/img_00010226.jpg,full-body clothes,328,94,198,104,440,112
1623,img/img_00010227.jpg,full-body clothes,324,93,225,132,437,113
1624,img/img_00010231.jpg,full-body clothes,92,70,106,36,137,45
1625,img/img_00010232.jpg,full-body clothes,262,72,176,104,367,105
1626,img/img_00010237.jpg,full-body clothes,238,87,203,116,323,85
1627,img/img_00010238.jpg,full-body clothes,297,136,208,72,405,108
1628,img/img_00010250.jpg,lower-body clothes,300,107,180,73,322,22
1629,img/img_00010255.jpg,lower-body clothes,228,97,236,139,451,223
1630,img/img_00010259.jpg,upper-body clothes,288,235,235,0,288,0
1631,img/img_00010262.jpg,upper-body clothes,269,309,309,0,269,0
1632,img/img_00010272.jpg,upper-body clothes,317,200,261,61,457,140
1633,img/img_00010274.jpg,upper-body clothes,133,68,184,116,224,91
1634,img/img_00010281.jpg,upper-body clothes,223,164,254,90,355,132
1635,img/img_00010285.jpg,upper-body clothes,282,185,193,8,297,15
1636,img/img_00010290.jpg,upper-body clothes,309,250,289,39,469,160
1637,img/img_00010299.jpg,upper-body clothes,238,117,174,57,281,43
1638,img/img_00010311.jpg,upper-body clothes,224,153,252,99,353,129
1639,img/img_00010314.jpg,upper-body clothes,252,157,254,97,393,141
1640,img/img_00010315.jpg,upper-body clothes,202,100,169,69,296,94
1641,img/img_00010321.jpg,upper-body clothes,175,72,213,141,251,76
1642,img/img_00010342.jpg,upper-body clothes,107,57,129,72,158,51
1643,img/img_00010349.jpg,upper-body clothes,106,77,110,33,134,28
1644,img/img_00010350.jpg,upper-body clothes,160,85,149,64,238,78
1645,img/img_00010355.jpg,upper-body clothes,311,122,211,89,438,127
1646,img/img_00010376.jpg,upper-body clothes,281,117,234,117,439,158
1647,img/img_00010380.jpg,upper-body clothes,153,99,180,81,247,94
1648,img/img_00010386.jpg,upper-body clothes,319,162,246,84,461,142
1649,img/img_00010397.jpg,upper-body clothes,273,240,287,47,458,185
1650,img/img_00010398.jpg,upper-body clothes,327,472,472,0,327,0
1651,img/img_00010406.jpg,upper-body clothes,423,400,400,0,423,0
1652,img/img_00010407.jpg,upper-body clothes,211,159,246,87,405,194
1653,img/img_00010413.jpg,upper-body clothes,478,326,326,0,478,0
1654,img/img_00010417.jpg,upper-body clothes,98,75,200,125,153,55
1655,img/img_00010424.jpg,upper-body clothes,292,131,311,180,441,149
1656,img/img_00010426.jpg,upper-body clothes,194,169,169,0,194,0
1657,img/img_00010447.jpg,lower-body clothes,47,66,264,198,366,319
1658,img/img_00010451.jpg,lower-body clothes,165,63,301,238,365,200
1659,img/img_00010453.jpg,lower-body clothes,262,42,189,147,292,30
1660,img/img_00010454.jpg,lower-body clothes,335,154,228,74,457,122
1661,img/img_00010457.jpg,full-body clothes,232,93,210,117,320,88
1662,img/img_00010461.jpg,full-body clothes,206,252,252,0,206,0
1663,img/img_00010462.jpg,full-body clothes,186,45,149,104,246,60
1664,img/img_00010468.jpg,full-body clothes,315,150,150,0,315,0
1665,img/img_00010473.jpg,upper-body clothes,61,149,149,0,61,0
1666,img/img_00010478.jpg,upper-body clothes,272,107,179,72,410,138
1667,img/img_00010480.jpg,upper-body clothes,218,130,130,0,218,0
1668,img/img_00010484.jpg,full-body clothes,422,195,195,0,422,0
1669,img/img_00010490.jpg,full-body clothes,237,114,168,54,316,79
1670,img/img_00010505.jpg,upper-body clothes,288,214,256,42,294,6
1671,img/img_00010513.jpg,full-body clothes,320,203,203,0,320,0
1672,img/img_00010522.jpg,full-body clothes,382,11,165,154,457,75
1673,img/img_00010524.jpg,full-body clothes,245,220,278,58,326,81
1674,img/img_00010532.jpg,upper-body clothes,55,206,206,0,55,0
1675,img/img_00010534.jpg,upper-body clothes,224,150,251,101,381,157
1676,img/img_00010536.jpg,upper-body clothes,290,127,193,66,415,125
1677,img/img_00010540.jpg,upper-body clothes,195,147,147,0,195,0
1678,img/img_00010542.jpg,upper-body clothes,153,92,92,0,153,0
1679,img/img_00010544.jpg,upper-body clothes,64,54,54,0,64,0
1680,img/img_00010548.jpg,full-body clothes,366,114,223,109,475,109
1681,img/img_00010583.jpg,full-body clothes,338,185,262,77,478,140
1682,img/img_00010587.jpg,full-body clothes,290,151,315,164,409,119
1683,img/img_00010606.jpg,lower-body clothes,334,265,265,0,334,0
1684,img/img_00010619.jpg,full-body clothes,396,141,240,99,474,78
1685,img/img_00010628.jpg,full-body clothes,276,74,215,141,385,109
1686,img/img_00010630.jpg,full-body clothes,112,290,290,0,112,0
1687,img/img_00010644.jpg,upper-body clothes,358,492,492,0,358,0
1688,img/img_00010651.jpg,full-body clothes,262,123,201,78,286,24
1689,img/img_00010653.jpg,full-body clothes,216,155,458,303,335,119
1690,img/img_00010654.jpg,full-body clothes,145,88,286,198,210,65
1691,img/img_00010655.jpg,full-body clothes,184,134,181,47,280,96
1692,img/img_00010669.jpg,full-body clothes,156,89,120,31,215,59
1693,img/img_00010672.jpg,full-body clothes,342,263,263,0,342,0
1694,img/img_00010673.jpg,full-body clothes,310,238,238,0,310,0
1695,img/img_00010678.jpg,full-body clothes,155,47,119,72,216,61
1696,img/img_00010681.jpg,full-body clothes,205,103,176,73,276,71
1697,img/img_00010683.jpg,full-body clothes,213,124,247,123,225,12
1698,img/img_00010686.jpg,full-body clothes,303,105,218,113,425,122
1699,img/img_00010691.jpg,upper-body clothes,299,239,301,62,438,139
1700,img/img_00010693.jpg,upper-body clothes,83,61,182,121,158,75
1701,img/img_00010697.jpg,upper-body clothes,281,106,329,223,405,124
1702,img/img_00010700.jpg,upper-body clothes,351,480,480,0,351,0
1703,img/img_00010709.jpg,full-body clothes,434,331,331,0,434,0
1704,img/img_00010715.jpg,full-body clothes,342,34,184,150,424,82
1705,img/img_00010722.jpg,full-body clothes,364,41,238,197,465,101
1706,img/img_00010723.jpg,full-body clothes,337,199,256,57,436,99
1707,img/img_00010741.jpg,upper-body clothes,174,349,349,0,174,0
1708,img/img_00010744.jpg,upper-body clothes,308,370,370,0,308,0
1709,img/img_00010745.jpg,upper-body clothes,370,139,274,135,491,121
1710,img/img_00010746.jpg,upper-body clothes,316,489,489,0,316,0
1711,img/img_00010755.jpg,full-body clothes,305,372,372,0,305,0
1712,img/img_00010761.jpg,full-body clothes,371,115,199,84,500,129
1713,img/img_00010764.jpg,full-body clothes,207,123,179,56,276,69
1714,img/img_00010776.jpg,full-body clothes,385,124,240,116,453,68
1715,img/img_00010791.jpg,full-body clothes,188,88,162,74,247,59
1716,img/img_00010804.jpg,upper-body clothes,339,100,231,131,477,138
1717,img/img_00010809.jpg,upper-body clothes,353,207,343,136,495,142
1718,img/img_00010812.jpg,upper-body clothes,280,314,314,0,280,0
1719,img/img_00010813.jpg,upper-body clothes,150,94,187,93,216,66
1720,img/img_00010827.jpg,full-body clothes,154,49,114,65,211,57
1721,img/img_00010840.jpg,full-body clothes,174,90,130,40,233,59
1722,img/img_00010845.jpg,full-body clothes,429,127,127,0,429,0
1723,img/img_00010858.jpg,upper-body clothes,211,412,412,0,211,0
1724,img/img_00010859.jpg,upper-body clothes,230,129,196,67,366,136
1725,img/img_00010861.jpg,upper-body clothes,339,186,305,119,404,65
1726,img/img_00010887.jpg,upper-body clothes,310,341,341,0,310,0
1727,img/img_00010891.jpg,upper-body clothes,210,131,233,102,358,148
1728,img/img_00010894.jpg,upper-body clothes,311,151,234,83,450,139
1729,img/img_00010897.jpg,upper-body clothes,167,98,223,125,302,135
1730,img/img_00010907.jpg,upper-body clothes,139,92,424,332,217,78
1731,img/img_00010921.jpg,upper-body clothes,95,67,133,66,165,70
1732,img/img_00010922.jpg,upper-body clothes,213,163,233,70,359,146
1733,img/img_00010934.jpg,lower-body clothes,237,235,308,73,324,87
1734,img/img_00010942.jpg,lower-body clothes,123,162,177,15,149,26
1735,img/img_00010947.jpg,lower-body clothes,276,263,263,0,276,0
1736,img/img_00010956.jpg,full-body clothes,317,193,193,0,317,0
1737,img/img_00010957.jpg,full-body clothes,451,339,339,0,451,0
1738,img/img_00010958.jpg,full-body clothes,184,110,175,65,269,85
1739,img/img_00010971.jpg,upper-body clothes,263,436,436,0,263,0
1740,img/img_00010974.jpg,upper-body clothes,257,158,251,93,413,156
1741,img/img_00010975.jpg,upper-body clothes,219,87,236,149,367,148
1742,img/img_00010976.jpg,upper-body clothes,122,105,168,63,232,110
1743,img/img_00010988.jpg,full-body clothes,216,95,213,118,308,92
1744,img/img_00010996.jpg,lower-body clothes,256,473,488,15,291,35
1745,img/img_00010997.jpg,lower-body clothes,42,80,192,112,207,165
1746,img/img_00010998.jpg,lower-body clothes,53,197,306,109,257,204
1747,img/img_00010999.jpg,lower-body clothes,44,80,129,49,199,155
1748,img/img_00011010.jpg,lower-body clothes,143,158,219,61,164,21
1749,img/img_00011019.jpg,upper-body clothes,335,136,312,176,475,140
1750,img/img_00011020.jpg,upper-body clothes,199,318,318,0,199,0
1751,img/img_00011025.jpg,upper-body clothes,189,129,206,77,320,131
1752,img/img_00011026.jpg,upper-body clothes,263,127,241,114,320,57
1753,img/img_00011028.jpg,upper-body clothes,270,201,232,31,414,144
1754,img/img_00011039.jpg,upper-body clothes,102,62,176,114,203,101
1755,img/img_00011044.jpg,upper-body clothes,102,43,123,80,202,100
1756,img/img_00011053.jpg,upper-body clothes,77,75,75,0,77,0
1757,img/img_00011082.jpg,lower-body clothes,136,205,504,299,389,253
1758,img/img_00011098.jpg,upper-body clothes,156,220,220,0,156,0
1759,img/img_00011121.jpg,full-body clothes,313,313,313,0,313,0
1760,img/img_00011123.jpg,full-body clothes,478,455,455,0,478,0
1761,img/img_00011124.jpg,full-body clothes,270,196,196,0,270,0
1762,img/img_00011126.jpg,full-body clothes,215,97,238,141,298,83
1763,img/img_00011129.jpg,full-body clothes,336,199,267,68,467,131
1764,img/img_00011141.jpg,lower-body clothes,238,153,188,35,428,190
1765,img/img_00011142.jpg,lower-body clothes,434,220,286,66,464,30
1766,img/img_00011149.jpg,lower-body clothes,195,111,172,61,357,162
1767,img/img_00011151.jpg,lower-body clothes,74,399,399,0,74,0
1768,img/img_00011157.jpg,full-body clothes,319,179,242,63,417,98
1769,img/img_00011166.jpg,full-body clothes,194,130,215,85,265,71
1770,img/img_00011172.jpg,full-body clothes,378,161,306,145,491,113
1771,img/img_00011177.jpg,full-body clothes,324,188,228,40,507,183
1772,img/img_00011181.jpg,full-body clothes,211,130,212,82,294,83
1773,img/img_00011188.jpg,full-body clothes,249,264,264,0,249,0
1774,img/img_00011196.jpg,upper-body clothes,247,203,274,71,413,166
1775,img/img_00011213.jpg,full-body clothes,254,187,187,0,254,0
1776,img/img_00011215.jpg,full-body clothes,418,91,241,150,495,77
1777,img/img_00011216.jpg,full-body clothes,404,56,207,151,494,90
1778,img/img_00011228.jpg,full-body clothes,420,182,281,99,481,61
1779,img/img_00011229.jpg,full-body clothes,284,142,189,47,346,62
1780,img/img_00011232.jpg,full-body clothes,375,150,231,81,453,78
1781,img/img_00011241.jpg,lower-body clothes,303,25,207,182,411,108
1782,img/img_00011247.jpg,full-body clothes,305,509,509,0,305,0
1783,img/img_00011253.jpg,full-body clothes,455,294,294,0,455,0
1784,img/img_00011258.jpg,full-body clothes,344,127,458,331,421,77
1785,img/img_00011260.jpg,full-body clothes,295,164,308,144,415,120
1786,img/img_00011268.jpg,upper-body clothes,129,49,111,62,193,64
1787,img/img_00011270.jpg,upper-body clothes,360,172,255,83,493,133
1788,img/img_00011275.jpg,full-body clothes,200,73,269,196,252,52
1789,img/img_00011283.jpg,full-body clothes,382,454,454,0,382,0
1790,img/img_00011285.jpg,full-body clothes,478,472,472,0,478,0
1791,img/img_00011293.jpg,full-body clothes,503,363,363,0,503,0
1792,img/img_00011311.jpg,upper-body clothes,339,64,208,144,476,137
1793,img/img_00011316.jpg,full-body clothes,238,133,217,84,286,48
1794,img/img_00011322.jpg,full-body clothes,124,47,136,89,170,46
1795,img/img_00011323.jpg,full-body clothes,347,231,336,105,472,125
1796,img/img_00011324.jpg,full-body clothes,399,49,173,124,490,91
1797,img/img_00011335.jpg,upper-body clothes,307,137,323,186,396,89
1798,img/img_00011340.jpg,upper-body clothes,325,212,290,78,500,175
1799,img/img_00011342.jpg,upper-body clothes,92,249,249,0,92,0
1800,img/img_00011359.jpg,full-body clothes,420,106,174,68,444,24
1801,img/img_00011364.jpg,full-body clothes,237,64,147,83,279,42
1802,img/img_00011368.jpg,full-body clothes,403,121,253,132,479,76
1803,img/img_00011372.jpg,full-body clothes,380,103,209,106,462,82
1804,img/img_00011381.jpg,full-body clothes,335,103,210,107,376,41
1805,img/img_00011384.jpg,full-body clothes,427,105,299,194,467,40
1806,img/img_00011387.jpg,full-body clothes,133,71,154,83,153,20
1807,img/img_00011388.jpg,full-body clothes,241,52,133,81,280,39
1808,img/img_00011395.jpg,lower-body clothes,129,25,168,143,299,170
1809,img/img_00011415.jpg,upper-body clothes,286,233,280,47,302,16
1810,img/img_00011418.jpg,upper-body clothes,294,333,333,0,294,0
1811,img/img_00011421.jpg,upper-body clothes,336,207,256,49,461,125
1812,img/img_00011433.jpg,upper-body clothes,237,134,237,103,361,124
1813,img/img_00011434.jpg,upper-body clothes,221,395,456,61,332,111
1814,img/img_00011435.jpg,upper-body clothes,27,259,259,0,27,0
1815,img/img_00011438.jpg,upper-body clothes,304,176,269,93,435,131
1816,img/img_00011445.jpg,upper-body clothes,285,100,205,105,403,118
1817,img/img_00011446.jpg,upper-body clothes,155,95,175,80,263,108
1818,img/img_00011455.jpg,upper-body clothes,153,36,228,192,284,131
1819,img/img_00011463.jpg,upper-body clothes,391,188,273,85,497,106
1820,img/img_00011465.jpg,upper-body clothes,202,115,187,72,320,118
1821,img/img_00011468.jpg,upper-body clothes,331,284,284,0,331,0
1822,img/img_00011473.jpg,upper-body clothes,206,125,165,40,253,47
1823,img/img_00011475.jpg,upper-body clothes,109,332,332,0,109,0
1824,img/img_00011484.jpg,upper-body clothes,106,306,306,0,106,0
1825,img/img_00011486.jpg,upper-body clothes,22,236,236,0,22,0
1826,img/img_00011488.jpg,upper-body clothes,103,191,191,0,103,0
1827,img/img_00011490.jpg,upper-body clothes,243,132,311,179,406,163
1828,img/img_00011497.jpg,upper-body clothes,40,219,219,0,40,0
1829,img/img_00011511.jpg,upper-body clothes,15,130,130,0,15,0
1830,img/img_00011513.jpg,upper-body clothes,13,122,122,0,13,0
1831,img/img_00011514.jpg,upper-body clothes,100,174,174,0,100,0
1832,img/img_00011516.jpg,upper-body clothes,12,117,117,0,12,0
1833,img/img_00011517.jpg,upper-body clothes,436,323,323,0,436,0
1834,img/img_00011528.jpg,upper-body clothes,387,258,258,0,387,0
1835,img/img_00011529.jpg,upper-body clothes,252,171,251,80,386,134
1836,img/img_00011532.jpg,upper-body clothes,308,198,258,60,456,148
1837,img/img_00011538.jpg,upper-body clothes,148,97,167,70,231,83
1838,img/img_00011540.jpg,upper-body clothes,95,70,186,116,221,126
1839,img/img_00011542.jpg,upper-body clothes,89,60,145,85,147,58
1840,img/img_00011543.jpg,upper-body clothes,182,114,228,114,283,101
1841,img/img_00011550.jpg,upper-body clothes,259,83,212,129,398,139
1842,img/img_00011552.jpg,upper-body clothes,125,68,117,49,198,73
1843,img/img_00011553.jpg,upper-body clothes,427,294,294,0,427,0
1844,img/img_00011565.jpg,full-body clothes,227,95,422,327,302,75
1845,img/img_00011566.jpg,full-body clothes,249,43,177,134,327,78
1846,img/img_00011569.jpg,full-body clothes,304,32,219,187,427,123
1847,img/img_00011577.jpg,full-body clothes,226,104,138,34,309,83
1848,img/img_00011580.jpg,full-body clothes,252,148,191,43,405,153
1849,img/img_00011581.jpg,full-body clothes,133,129,129,0,133,0
1850,img/img_00011583.jpg,full-body clothes,232,144,257,113,405,173
1851,img/img_00011584.jpg,full-body clothes,208,58,141,83,282,74
1852,img/img_00011612.jpg,lower-body clothes,73,88,129,41,219,146
1853,img/img_00011614.jpg,lower-body clothes,69,101,167,66,275,206
1854,img/img_00011615.jpg,lower-body clothes,59,92,136,44,226,167
1855,img/img_00011623.jpg,full-body clothes,170,91,160,69,229,59
1856,img/img_00011626.jpg,full-body clothes,110,65,135,70,162,52
1857,img/img_00011639.jpg,lower-body clothes,77,99,173,74,265,188
1858,img/img_00011641.jpg,lower-body clothes,240,82,164,82,438,198
1859,img/img_00011644.jpg,lower-body clothes,198,69,109,40,213,15
1860,img/img_00011683.jpg,lower-body clothes,234,78,159,81,441,207
1861,img/img_00011695.jpg,lower-body clothes,244,110,213,103,473,229
1862,img/img_00011699.jpg,lower-body clothes,280,239,239,0,280,0
1863,img/img_00011702.jpg,lower-body clothes,230,83,173,90,442,212
1864,img/img_00011720.jpg,upper-body clothes,142,106,197,91,227,85
1865,img/img_00011724.jpg,upper-body clothes,219,105,269,164,363,144
1866,img/img_00011735.jpg,upper-body clothes,234,278,347,69,379,145
1867,img/img_00011739.jpg,upper-body clothes,200,130,209,79,250,50
1868,img/img_00011748.jpg,upper-body clothes,120,78,138,60,186,66
1869,img/img_00011754.jpg,upper-body clothes,307,197,252,55,439,132
1870,img/img_00011762.jpg,upper-body clothes,270,151,263,112,391,121
1871,img/img_00011766.jpg,upper-body clothes,347,244,244,0,347,0
1872,img/img_00011768.jpg,upper-body clothes,214,123,174,51,300,86
1873,img/img_00011772.jpg,upper-body clothes,210,135,240,105,324,114
1874,img/img_00011774.jpg,upper-body clothes,161,91,162,71,230,69
1875,img/img_00011778.jpg,upper-body clothes,191,101,201,100,308,117
1876,img/img_00011780.jpg,upper-body clothes,257,168,286,118,374,117
1877,img/img_00011784.jpg,upper-body clothes,230,145,221,76,334,104
1878,img/img_00011786.jpg,upper-body clothes,211,145,243,98,333,122
1879,img/img_00011787.jpg,upper-body clothes,220,144,232,88,351,131
1880,img/img_00011788.jpg,upper-body clothes,83,58,123,65,157,74
1881,img/img_00011807.jpg,lower-body clothes,200,87,132,45,211,11
1882,img/img_00011808.jpg,lower-body clothes,405,151,228,77,426,21
1883,img/img_00011811.jpg,lower-body clothes,134,58,115,57,237,103
1884,img/img_00011816.jpg,lower-body clothes,156,73,138,65,212,56
1885,img/img_00011820.jpg,full-body clothes,385,241,305,64,463,78
1886,img/img_00011828.jpg,full-body clothes,302,124,199,75,337,35
1887,img/img_00011837.jpg,upper-body clothes,389,292,413,121,464,75
1888,img/img_00011839.jpg,upper-body clothes,83,84,210,126,191,108
1889,img/img_00011849.jpg,upper-body clothes,337,294,399,105,462,125
1890,img/img_00011853.jpg,upper-body clothes,219,353,353,0,219,0
1891,img/img_00011869.jpg,upper-body clothes,156,90,197,107,234,78
1892,img/img_00011870.jpg,upper-body clothes,108,71,95,24,163,55
1893,img/img_00011878.jpg,full-body clothes,316,161,285,124,434,118
1894,img/img_00011880.jpg,full-body clothes,235,93,216,123,319,84
1895,img/img_00011897.jpg,upper-body clothes,181,104,199,95,258,77
1896,img/img_00011898.jpg,upper-body clothes,461,235,235,0,461,0
1897,img/img_00011904.jpg,upper-body clothes,167,93,160,67,256,89
1898,img/img_00011911.jpg,lower-body clothes,83,112,145,33,281,198
1899,img/img_00011922.jpg,upper-body clothes,302,104,208,104,444,142
1900,img/img_00011923.jpg,upper-body clothes,275,76,262,186,415,140
1901,img/img_00011926.jpg,upper-body clothes,406,374,374,0,406,0
1902,img/img_00011936.jpg,lower-body clothes,408,118,171,53,420,12
1903,img/img_00011937.jpg,lower-body clothes,242,67,187,120,248,6
1904,img/img_00011938.jpg,lower-body clothes,207,70,259,189,413,206
1905,img/img_00011945.jpg,lower-body clothes,188,71,163,92,213,25
1906,img/img_00011946.jpg,lower-body clothes,406,144,195,51,417,11
1907,img/img_00011954.jpg,lower-body clothes,85,25,155,130,288,203
1908,img/img_00011957.jpg,lower-body clothes,81,140,220,80,420,339
1909,img/img_00011966.jpg,lower-body clothes,76,162,288,126,481,405
1910,img/img_00011970.jpg,lower-body clothes,91,127,259,132,355,264
1911,img/img_00011972.jpg,lower-body clothes,163,246,319,73,491,328
1912,img/img_00011973.jpg,lower-body clothes,87,172,342,170,474,387
1913,img/img_00011982.jpg,upper-body clothes,136,68,147,79,204,68
1914,img/img_00011984.jpg,upper-body clothes,414,201,201,0,414,0
1915,img/img_00012012.jpg,lower-body clothes,120,285,325,40,137,17
1916,img/img_00012020.jpg,upper-body clothes,258,423,423,0,258,0
1917,img/img_00012023.jpg,upper-body clothes,198,154,180,26,257,59
1918,img/img_00012035.jpg,full-body clothes,216,88,221,133,306,90
1919,img/img_00012042.jpg,upper-body clothes,404,332,332,0,404,0
1920,img/img_00012043.jpg,upper-body clothes,410,205,205,0,410,0
1921,img/img_00012055.jpg,full-body clothes,348,254,317,63,481,133
1922,img/img_00012058.jpg,full-body clothes,358,166,239,73,472,114
1923,img/img_00012061.jpg,full-body clothes,263,167,232,65,452,189
1924,img/img_00012065.jpg,lower-body clothes,296,80,211,131,360,64
1925,img/img_00012085.jpg,lower-body clothes,98,41,172,131,271,173
1926,img/img_00012090.jpg,full-body clothes,205,80,178,98,251,46
1927,img/img_00012092.jpg,full-body clothes,363,168,263,95,473,110
1928,img/img_00012100.jpg,full-body clothes,122,71,152,81,171,49
1929,img/img_00012106.jpg,full-body clothes,353,184,311,127,479,126
1930,img/img_00012111.jpg,full-body clothes,300,158,269,111,489,189
1931,img/img_00012114.jpg,upper-body clothes,274,171,279,108,403,129
1932,img/img_00012121.jpg,upper-body clothes,88,60,145,85,150,62
1933,img/img_00012123.jpg,upper-body clothes,222,19,164,145,375,153
1934,img/img_00012129.jpg,full-body clothes,213,43,98,55,273,60
1935,img/img_00012133.jpg,full-body clothes,370,107,225,118,496,126
1936,img/img_00012138.jpg,full-body clothes,344,111,197,86,459,115
1937,img/img_00012142.jpg,full-body clothes,206,124,185,61,282,76
1938,img/img_00012148.jpg,full-body clothes,256,106,185,79,368,112
1939,img/img_00012156.jpg,upper-body clothes,279,243,405,162,422,143
1940,img/img_00012157.jpg,upper-body clothes,143,152,245,93,243,100
1941,img/img_00012158.jpg,upper-body clothes,297,204,263,59,408,111
1942,img/img_00012168.jpg,upper-body clothes,84,105,169,64,166,82
1943,img/img_00012175.jpg,upper-body clothes,142,49,125,76,191,49
1944,img/img_00012187.jpg,full-body clothes,243,95,441,346,324,81
1945,img/img_00012205.jpg,full-body clothes,317,86,167,81,369,52
1946,img/img_00012207.jpg,full-body clothes,334,119,205,86,417,83
1947,img/img_00012216.jpg,full-body clothes,237,279,279,0,237,0
1948,img/img_00012224.jpg,full-body clothes,205,161,319,158,289,84
1949,img/img_00012238.jpg,lower-body clothes,150,192,315,123,457,307
1950,img/img_00012240.jpg,lower-body clothes,231,205,205,0,231,0
1951,img/img_00012243.jpg,lower-body clothes,88,39,150,111,296,208
1952,img/img_00012256.jpg,full-body clothes,169,68,178,110,242,73
1953,img/img_00012261.jpg,full-body clothes,301,93,151,58,399,98
1954,img/img_00012262.jpg,full-body clothes,325,128,262,134,428,103
1955,img/img_00012263.jpg,full-body clothes,328,144,224,80,437,109
1956,img/img_00012264.jpg,full-body clothes,455,224,224,0,455,0
1957,img/img_00012268.jpg,full-body clothes,333,252,252,0,333,0
1958,img/img_00012271.jpg,full-body clothes,379,86,237,151,455,76
1959,img/img_00012273.jpg,full-body clothes,223,52,184,132,271,48
1960,img/img_00012275.jpg,full-body clothes,492,326,326,0,492,0
1961,img/img_00012280.jpg,full-body clothes,216,65,194,129,275,59
1962,img/img_00012295.jpg,full-body clothes,212,76,145,69,277,65
1963,img/img_00012299.jpg,full-body clothes,192,95,223,128,266,74
1964,img/img_00012300.jpg,full-body clothes,508,360,360,0,508,0
1965,img/img_00012301.jpg,full-body clothes,276,25,143,118,328,52
1966,img/img_00012307.jpg,full-body clothes,211,79,144,65,299,88
1967,img/img_00012310.jpg,full-body clothes,258,140,140,0,258,0
1968,img/img_00012328.jpg,full-body clothes,200,205,205,0,200,0
1969,img/img_00012329.jpg,full-body clothes,345,223,306,83,476,131
1970,img/img_00012341.jpg,upper-body clothes,317,120,166,46,346,29
1971,img/img_00012342.jpg,upper-body clothes,250,167,269,102,374,124
1972,img/img_00012362.jpg,lower-body clothes,163,68,139,71,210,47
1973,img/img_00012371.jpg,lower-body clothes,442,180,261,81,465,23
1974,img/img_00012375.jpg,lower-body clothes,84,139,194,55,100,16
1975,img/img_00012382.jpg,lower-body clothes,147,164,369,205,433,286
1976,img/img_00012383.jpg,lower-body clothes,290,298,331,33,304,14
1977,img/img_00012409.jpg,full-body clothes,269,171,171,0,269,0
1978,img/img_00012415.jpg,full-body clothes,290,190,260,70,396,106
1979,img/img_00012417.jpg,full-body clothes,356,101,243,142,468,112
1980,img/img_00012426.jpg,full-body clothes,356,161,223,62,454,98
1981,img/img_00012431.jpg,full-body clothes,246,100,158,58,343,97
1982,img/img_00012432.jpg,full-body clothes,314,72,212,140,432,118
1983,img/img_00012434.jpg,full-body clothes,235,72,144,72,319,84
1984,img/img_00012452.jpg,full-body clothes,321,102,220,118,432,111
1985,img/img_00012456.jpg,full-body clothes,198,90,195,105,267,69
1986,img/img_00012459.jpg,full-body clothes,369,78,141,63,473,104
1987,img/img_00012464.jpg,full-body clothes,352,125,247,122,453,101
1988,img/img_00012466.jpg,lower-body clothes,169,194,194,0,169,0
1989,img/img_00012472.jpg,lower-body clothes,64,104,199,95,67,3
1990,img/img_00012476.jpg,lower-body clothes,251,94,215,121,323,72
1991,img/img_00012486.jpg,full-body clothes,192,74,110,36,241,49
1992,img/img_00012495.jpg,full-body clothes,189,149,149,0,189,0
1993,img/img_00012500.jpg,full-body clothes,386,71,231,160,465,79
1994,img/img_00012503.jpg,full-body clothes,294,90,117,27,395,101
1995,img/img_00012509.jpg,full-body clothes,364,153,242,89,471,107
1996,img/img_00012511.jpg,full-body clothes,391,251,251,0,391,0
1997,img/img_00012524.jpg,full-body clothes,380,187,263,76,468,88
1998,img/img_00012529.jpg,full-body clothes,161,215,215,0,161,0
1999,img/img_00012532.jpg,full-body clothes,414,255,314,59,421,7
2000,img/img_00012535.jpg,full-body clothes,421,52,183,131,496,75
2001,img/img_00012547.jpg,full-body clothes,486,156,190,34,499,13
2002,img/img_00012561.jpg,full-body clothes,353,216,216,0,353,0
2003,img/img_00012569.jpg,full-body clothes,215,115,205,90,334,119
2004,img/img_00012571.jpg,lower-body clothes,173,119,130,11,430,257
2005,img/img_00012573.jpg,lower-body clothes,356,194,310,116,408,52
2006,img/img_00012587.jpg,lower-body clothes,13,123,123,0,13,0
2007,img/img_00012588.jpg,lower-body clothes,213,106,336,230,391,178
2008,img/img_00012594.jpg,full-body clothes,384,68,169,101,480,96
2009,img/img_00012620.jpg,full-body clothes,362,277,492,215,431,69
2010,img/img_00012624.jpg,lower-body clothes,421,31,196,165,428,7
2011,img/img_00012628.jpg,lower-body clothes,219,86,172,86,240,21
2012,img/img_00012631.jpg,lower-body clothes,133,31,59,28,163,30
2013,img/img_00012633.jpg,lower-body clothes,414,119,159,40,427,13
2014,img/img_00012635.jpg,lower-body clothes,397,211,211,0,397,0
2015,img/img_00012637.jpg,lower-body clothes,417,209,209,0,417,0
2016,img/img_00012666.jpg,lower-body clothes,143,48,115,67,171,28
2017,img/img_00012674.jpg,lower-body clothes,511,303,303,0,511,0
2018,img/img_00012676.jpg,lower-body clothes,186,92,319,227,362,176
2019,img/img_00012693.jpg,upper-body clothes,94,64,114,50,150,56
2020,img/img_00012695.jpg,upper-body clothes,255,191,191,0,255,0
2021,img/img_00012702.jpg,upper-body clothes,110,97,203,106,170,60
2022,img/img_00012703.jpg,upper-body clothes,64,53,115,62,145,81
2023,img/img_00012711.jpg,upper-body clothes,95,89,213,124,158,63
2024,img/img_00012715.jpg,upper-body clothes,305,166,262,96,466,161
2025,img/img_00012717.jpg,upper-body clothes,101,66,66,0,101,0
2026,img/img_00012719.jpg,upper-body clothes,120,121,147,26,162,42
2027,img/img_00012722.jpg,upper-body clothes,118,56,56,0,118,0
2028,img/img_00012723.jpg,upper-body clothes,232,198,250,52,290,58
2029,img/img_00012725.jpg,lower-body clothes,202,249,278,29,325,123
2030,img/img_00012731.jpg,lower-body clothes,67,67,166,99,235,168
2031,img/img_00012735.jpg,lower-body clothes,41,68,186,118,170,129
2032,img/img_00012740.jpg,full-body clothes,379,106,241,135,466,87
2033,img/img_00012753.jpg,full-body clothes,392,81,223,142,472,80
2034,img/img_00012757.jpg,full-body clothes,155,311,311,0,155,0
2035,img/img_00012758.jpg,upper-body clothes,205,139,232,93,333,128
2036,img/img_00012763.jpg,upper-body clothes,164,100,166,66,269,105
2037,img/img_00012768.jpg,upper-body clothes,88,60,144,84,151,63
2038,img/img_00012770.jpg,full-body clothes,163,61,127,66,231,68
2039,img/img_00012773.jpg,full-body clothes,311,100,177,77,429,118
2040,img/img_00012778.jpg,full-body clothes,299,297,297,0,299,0
2041,img/img_00012790.jpg,upper-body clothes,352,64,198,134,473,121
2042,img/img_00012797.jpg,upper-body clothes,240,189,319,130,419,179
2043,img/img_00012804.jpg,upper-body clothes,136,100,248,148,180,44
2044,img/img_00012810.jpg,upper-body clothes,163,111,231,120,257,94
2045,img/img_00012814.jpg,full-body clothes,103,136,136,0,103,0
2046,img/img_00012817.jpg,full-body clothes,360,155,219,64,492,132
2047,img/img_00012818.jpg,full-body clothes,340,181,254,73,455,115
2048,img/img_00012829.jpg,full-body clothes,212,114,197,83,286,74
2049,img/img_00012830.jpg,full-body clothes,202,98,235,137,295,93
2050,img/img_00012838.jpg,upper-body clothes,95,210,210,0,95,0
2051,img/img_00012842.jpg,upper-body clothes,242,332,332,0,242,0
2052,img/img_00012844.jpg,upper-body clothes,193,461,461,0,193,0
2053,img/img_00012845.jpg,upper-body clothes,150,121,176,55,194,44
2054,img/img_00012847.jpg,upper-body clothes,371,217,217,0,371,0
2055,img/img_00012853.jpg,upper-body clothes,66,318,318,0,66,0
2056,img/img_00012868.jpg,full-body clothes,160,97,190,93,223,63
2057,img/img_00012881.jpg,full-body clothes,210,105,217,112,299,89
2058,img/img_00012890.jpg,full-body clothes,165,92,132,40,236,71
2059,img/img_00012894.jpg,full-body clothes,235,77,158,81,317,82
2060,img/img_00012897.jpg,full-body clothes,167,39,151,112,242,75
2061,img/img_00012899.jpg,full-body clothes,183,100,218,118,264,81
2062,img/img_00012902.jpg,full-body clothes,147,79,134,55,207,60
2063,img/img_00012907.jpg,full-body clothes,198,124,221,97,253,55
2064,img/img_00012912.jpg,full-body clothes,353,113,217,104,458,105
2065,img/img_00012916.jpg,full-body clothes,311,110,195,85,426,115
2066,img/img_00012920.jpg,full-body clothes,136,50,132,82,233,97
2067,img/img_00012925.jpg,full-body clothes,199,115,166,51,281,82
2068,img/img_00012928.jpg,full-body clothes,215,87,225,138,300,85
2069,img/img_00012929.jpg,full-body clothes,250,104,165,61,316,66
2070,img/img_00012943.jpg,full-body clothes,253,105,215,110,325,72
2071,img/img_00012946.jpg,full-body clothes,200,104,177,73,306,106
2072,img/img_00012948.jpg,full-body clothes,194,113,230,117,297,103
2073,img/img_00012954.jpg,full-body clothes,288,333,333,0,288,0
2074,img/img_00012965.jpg,lower-body clothes,18,473,473,0,18,0
2075,img/img_00012968.jpg,lower-body clothes,80,88,211,123,239,159
2076,img/img_00012973.jpg,lower-body clothes,381,350,350,0,381,0
2077,img/img_00012977.jpg,lower-body clothes,192,266,274,8,252,60
2078,img/img_00012979.jpg,lower-body clothes,225,50,183,133,418,193
2079,img/img_00012988.jpg,full-body clothes,469,365,365,0,469,0
2080,img/img_00012990.jpg,full-body clothes,370,232,232,0,370,0
2081,img/img_00012991.jpg,full-body clothes,269,132,211,79,440,171
2082,img/img_00012992.jpg,full-body clothes,157,114,297,183,209,52
2083,img/img_00012996.jpg,full-body clothes,342,108,201,93,481,139
2084,img/img_00012998.jpg,full-body clothes,190,231,231,0,190,0
2085,img/img_00012999.jpg,full-body clothes,367,215,316,101,488,121
2086,img/img_00013000.jpg,full-body clothes,236,311,311,0,236,0
2087,img/img_00013008.jpg,full-body clothes,139,294,294,0,139,0
2088,img/img_00013020.jpg,full-body clothes,430,199,409,210,446,16
2089,img/img_00013022.jpg,full-body clothes,177,266,266,0,177,0
2090,img/img_00013024.jpg,full-body clothes,124,71,108,37,197,73
2091,img/img_00013027.jpg,full-body clothes,230,103,232,129,309,79
2092,img/img_00013044.jpg,full-body clothes,431,406,406,0,431,0
2093,img/img_00013052.jpg,lower-body clothes,216,105,254,149,448,232
2094,img/img_00013056.jpg,lower-body clothes,224,97,208,111,394,170
2095,img/img_00013059.jpg,lower-body clothes,246,52,123,71,461,215
2096,img/img_00013062.jpg,lower-body clothes,368,137,234,97,428,60
2097,img/img_00013063.jpg,lower-body clothes,356,206,206,0,356,0
2098,img/img_00013067.jpg,lower-body clothes,338,90,225,135,409,71
2099,img/img_00013077.jpg,upper-body clothes,355,224,317,93,489,134
2100,img/img_00013078.jpg,upper-body clothes,193,141,215,74,351,158
2101,img/img_00013079.jpg,upper-body clothes,89,383,383,0,89,0
2102,img/img_00013082.jpg,upper-body clothes,191,159,251,92,333,142
2103,img/img_00013091.jpg,upper-body clothes,204,86,381,295,266,62
2104,img/img_00013103.jpg,upper-body clothes,147,160,185,25,158,11
2105,img/img_00013105.jpg,upper-body clothes,387,372,372,0,387,0
2106,img/img_00013115.jpg,full-body clothes,126,102,102,0,126,0
2107,img/img_00013123.jpg,full-body clothes,201,79,150,71,260,59
2108,img/img_00013133.jpg,upper-body clothes,167,98,134,36,243,76
2109,img/img_00013134.jpg,upper-body clothes,275,176,252,76,455,180
2110,img/img_00013137.jpg,upper-body clothes,170,121,238,117,305,135
2111,img/img_00013138.jpg,upper-body clothes,184,152,242,90,319,135
2112,img/img_00013142.jpg,upper-body clothes,237,156,242,86,388,151
2113,img/img_00013143.jpg,full-body clothes,318,139,243,104,409,91
2114,img/img_00013145.jpg,full-body clothes,358,164,328,164,490,132
2115,img/img_00013146.jpg,full-body clothes,237,109,278,169,328,91
2116,img/img_00013152.jpg,full-body clothes,150,82,152,70,203,53
2117,img/img_00013154.jpg,full-body clothes,273,135,258,123,352,79
2118,img/img_00013156.jpg,full-body clothes,161,39,88,49,195,34
2119,img/img_00013164.jpg,full-body clothes,247,246,246,0,247,0
2120,img/img_00013166.jpg,full-body clothes,371,263,337,74,440,69
2121,img/img_00013176.jpg,upper-body clothes,204,55,161,106,308,104
2122,img/img_00013188.jpg,full-body clothes,325,258,298,40,456,131
2123,img/img_00013193.jpg,full-body clothes,498,442,442,0,498,0
2124,img/img_00013199.jpg,full-body clothes,180,44,136,92,237,57
2125,img/img_00013201.jpg,full-body clothes,205,84,228,144,291,86
2126,img/img_00013206.jpg,full-body clothes,331,91,184,93,430,99
2127,img/img_00013217.jpg,upper-body clothes,195,458,458,0,195,0
2128,img/img_00013218.jpg,upper-body clothes,327,208,363,155,380,53
2129,img/img_00013225.jpg,upper-body clothes,94,210,210,0,94,0
2130,img/img_00013230.jpg,upper-body clothes,376,368,396,28,480,104
2131,img/img_00013246.jpg,lower-body clothes,346,239,239,0,346,0
2132,img/img_00013249.jpg,lower-body clothes,115,182,233,51,460,345
2133,img/img_00013253.jpg,lower-body clothes,145,115,179,64,152,7
2134,img/img_00013261.jpg,lower-body clothes,261,347,347,0,261,0
2135,img/img_00013266.jpg,upper-body clothes,83,19,88,69,176,93
2136,img/img_00013270.jpg,upper-body clothes,353,86,228,142,439,86
2137,img/img_00013288.jpg,full-body clothes,348,287,335,48,475,127
2138,img/img_00013306.jpg,full-body clothes,225,141,141,0,225,0
2139,img/img_00013309.jpg,full-body clothes,188,157,157,0,188,0
2140,img/img_00013313.jpg,full-body clothes,299,296,296,0,299,0
2141,img/img_00013315.jpg,upper-body clothes,382,90,237,147,448,66
2142,img/img_00013319.jpg,upper-body clothes,313,236,305,69,476,163
2143,img/img_00013330.jpg,full-body clothes,276,141,228,87,353,77
2144,img/img_00013333.jpg,full-body clothes,410,209,209,0,410,0
2145,img/img_00013346.jpg,upper-body clothes,323,204,367,163,508,185
2146,img/img_00013354.jpg,upper-body clothes,185,97,172,75,293,108
2147,img/img_00013358.jpg,upper-body clothes,178,102,175,73,261,83
2148,img/img_00013360.jpg,upper-body clothes,196,130,209,79,306,110
2149,img/img_00013370.jpg,upper-body clothes,155,164,164,0,155,0
2150,img/img_00013377.jpg,upper-body clothes,97,50,168,118,170,73
2151,img/img_00013379.jpg,upper-body clothes,284,186,251,65,384,100
2152,img/img_00013382.jpg,full-body clothes,335,161,239,78,449,114
2153,img/img_00013385.jpg,full-body clothes,199,110,214,104,269,70
2154,img/img_00013389.jpg,full-body clothes,305,152,214,62,416,111
2155,img/img_00013395.jpg,full-body clothes,343,184,317,133,471,128
2156,img/img_00013404.jpg,lower-body clothes,415,115,159,44,427,12
2157,img/img_00013407.jpg,lower-body clothes,297,49,155,106,313,16
2158,img/img_00013408.jpg,lower-body clothes,231,142,262,120,447,216
2159,img/img_00013410.jpg,lower-body clothes,220,96,160,64,402,182
2160,img/img_00013411.jpg,lower-body clothes,130,81,186,105,257,127
2161,img/img_00013439.jpg,lower-body clothes,282,94,151,57,298,16
2162,img/img_00013457.jpg,upper-body clothes,228,179,301,122,384,156
2163,img/img_00013468.jpg,upper-body clothes,266,160,336,176,383,117
2164,img/img_00013470.jpg,upper-body clothes,301,169,336,167,419,118
2165,img/img_00013471.jpg,upper-body clothes,253,203,203,0,253,0
2166,img/img_00013476.jpg,upper-body clothes,487,206,206,0,487,0
2167,img/img_00013478.jpg,upper-body clothes,158,98,236,138,246,88
2168,img/img_00013479.jpg,full-body clothes,349,118,180,62,463,114
2169,img/img_00013483.jpg,full-body clothes,352,140,225,85,464,112
2170,img/img_00013484.jpg,full-body clothes,336,73,166,93,446,110
2171,img/img_00013486.jpg,full-body clothes,274,97,228,131,365,91
2172,img/img_00013496.jpg,full-body clothes,360,154,309,155,482,122
2173,img/img_00013499.jpg,full-body clothes,351,170,242,72,481,130
2174,img/img_00013503.jpg,full-body clothes,358,235,326,91,464,106
2175,img/img_00013515.jpg,full-body clothes,214,109,225,116,298,84
2176,img/img_00013519.jpg,full-body clothes,335,170,248,78,474,139
2177,img/img_00013535.jpg,lower-body clothes,262,90,259,169,439,177
2178,img/img_00013545.jpg,full-body clothes,333,131,225,94,454,121
2179,img/img_00013565.jpg,full-body clothes,343,130,238,108,489,146
2180,img/img_00013572.jpg,full-body clothes,404,123,240,117,483,79
2181,img/img_00013590.jpg,lower-body clothes,128,126,149,23,320,192
2182,img/img_00013601.jpg,full-body clothes,146,83,102,19,190,44
2183,img/img_00013607.jpg,full-body clothes,301,212,315,103,433,132
2184,img/img_00013621.jpg,full-body clothes,325,199,257,58,449,124
2185,img/img_00013627.jpg,full-body clothes,167,87,195,108,228,61
2186,img/img_00013628.jpg,full-body clothes,248,154,283,129,332,84
2187,img/img_00013629.jpg,full-body clothes,205,179,179,0,205,0
2188,img/img_00013632.jpg,full-body clothes,361,132,269,137,485,124
2189,img/img_00013634.jpg,full-body clothes,353,148,252,104,480,127
2190,img/img_00013640.jpg,lower-body clothes,188,296,296,0,188,0
2191,img/img_00013651.jpg,lower-body clothes,160,195,306,111,166,6
2192,img/img_00013652.jpg,lower-body clothes,208,163,245,82,268,60
2193,img/img_00013655.jpg,lower-body clothes,117,107,176,69,143,26
2194,img/img_00013662.jpg,lower-body clothes,206,190,307,117,218,12
2195,img/img_00013664.jpg,lower-body clothes,196,199,356,157,217,21
2196,img/img_00013674.jpg,lower-body clothes,103,103,258,155,349,246
2197,img/img_00013675.jpg,full-body clothes,118,248,248,0,118,0
2198,img/img_00013686.jpg,full-body clothes,398,88,205,117,482,84
2199,img/img_00013689.jpg,full-body clothes,328,131,246,115,453,125
2200,img/img_00013693.jpg,full-body clothes,272,87,216,129,375,103
2201,img/img_00013698.jpg,full-body clothes,340,179,261,82,466,126
2202,img/img_00013708.jpg,full-body clothes,343,251,306,55,478,135
2203,img/img_00013712.jpg,full-body clothes,351,207,260,53,485,134
2204,img/img_00013719.jpg,full-body clothes,216,286,286,0,216,0
2205,img/img_00013727.jpg,lower-body clothes,314,141,246,105,342,28
2206,img/img_00013729.jpg,lower-body clothes,86,89,151,62,218,132
2207,img/img_00013754.jpg,lower-body clothes,304,74,468,394,320,16
2208,img/img_00013755.jpg,lower-body clothes,348,263,263,0,348,0
2209,img/img_00013777.jpg,lower-body clothes,157,128,233,105,170,13
2210,img/img_00013795.jpg,upper-body clothes,128,111,224,113,277,149
2211,img/img_00013797.jpg,upper-body clothes,148,292,292,0,148,0
2212,img/img_00013798.jpg,upper-body clothes,112,67,199,132,235,123
2213,img/img_00013803.jpg,upper-body clothes,384,164,332,168,486,102
2214,img/img_00013817.jpg,lower-body clothes,132,305,305,0,132,0
2215,img/img_00013820.jpg,lower-body clothes,130,147,232,85,446,316
2216,img/img_00013822.jpg,lower-body clothes,33,45,81,36,128,95
2217,img/img_00013823.jpg,lower-body clothes,76,104,197,93,266,190
2218,img/img_00013825.jpg,lower-body clothes,260,284,330,46,305,45
2219,img/img_00013826.jpg,lower-body clothes,118,162,289,127,135,17
2220,img/img_00013828.jpg,lower-body clothes,195,283,371,88,287,92
2221,img/img_00013832.jpg,lower-body clothes,236,278,366,88,346,110
2222,img/img_00013834.jpg,lower-body clothes,185,153,153,0,185,0
2223,img/img_00013838.jpg,lower-body clothes,162,174,372,198,479,317
2224,img/img_00013852.jpg,lower-body clothes,235,147,227,80,252,17
2225,img/img_00013863.jpg,lower-body clothes,89,153,475,322,452,363
2226,img/img_00013865.jpg,lower-body clothes,219,81,158,77,447,228
2227,img/img_00013871.jpg,lower-body clothes,471,202,304,102,496,25
2228,img/img_00013874.jpg,lower-body clothes,73,424,424,0,73,0
2229,img/img_00013881.jpg,upper-body clothes,436,421,421,0,436,0
2230,img/img_00013882.jpg,upper-body clothes,300,160,235,75,455,155
2231,img/img_00013886.jpg,upper-body clothes,173,112,171,59,269,96
2232,img/img_00013890.jpg,upper-body clothes,164,138,294,156,211,47
2233,img/img_00013895.jpg,lower-body clothes,179,174,263,89,203,24
2234,img/img_00013902.jpg,lower-body clothes,168,170,231,61,417,249
2235,img/img_00013907.jpg,lower-body clothes,156,48,224,176,415,259
2236,img/img_00013915.jpg,full-body clothes,237,80,147,67,296,59
2237,img/img_00013916.jpg,full-body clothes,163,217,217,0,163,0
2238,img/img_00013917.jpg,full-body clothes,208,84,150,66,292,84
2239,img/img_00013933.jpg,full-body clothes,428,101,330,229,510,82
2240,img/img_00013940.jpg,full-body clothes,392,111,227,116,458,66
2241,img/img_00013949.jpg,full-body clothes,306,75,166,91,345,39
2242,img/img_00013955.jpg,upper-body clothes,138,66,145,79,206,68
2243,img/img_00013966.jpg,upper-body clothes,88,61,121,60,152,64
2244,img/img_00013969.jpg,upper-body clothes,161,67,136,69,237,76
2245,img/img_00013973.jpg,upper-body clothes,219,89,182,93,305,86
2246,img/img_00013979.jpg,upper-body clothes,129,93,242,149,445,316
2247,img/img_00013984.jpg,upper-body clothes,443,502,502,0,443,0
2248,img/img_00013985.jpg,upper-body clothes,329,188,263,75,438,109
2249,img/img_00013988.jpg,upper-body clothes,142,77,205,128,299,157
2250,img/img_00013994.jpg,lower-body clothes,340,198,284,86,371,31
2251,img/img_00014008.jpg,lower-body clothes,98,136,223,87,389,291
2252,img/img_00014018.jpg,lower-body clothes,98,123,255,132,357,259
2253,img/img_00014020.jpg,lower-body clothes,135,151,271,120,414,279
2254,img/img_00014024.jpg,lower-body clothes,131,50,160,110,158,27
2255,img/img_00014035.jpg,lower-body clothes,187,167,312,145,193,6
2256,img/img_00014041.jpg,lower-body clothes,72,61,161,100,239,167
2257,img/img_00014044.jpg,lower-body clothes,104,71,213,142,323,219
2258,img/img_00014045.jpg,lower-body clothes,72,88,201,113,273,201
2259,img/img_00014048.jpg,upper-body clothes,318,167,250,83,466,148
2260,img/img_00014052.jpg,upper-body clothes,124,82,154,72,210,86
2261,img/img_00014055.jpg,upper-body clothes,107,55,110,55,162,55
2262,img/img_00014064.jpg,upper-body clothes,235,143,183,40,288,53
2263,img/img_00014088.jpg,upper-body clothes,235,145,232,87,380,145
2264,img/img_00014089.jpg,upper-body clothes,219,134,248,114,401,182
2265,img/img_00014092.jpg,upper-body clothes,392,407,407,0,392,0
2266,img/img_00014095.jpg,upper-body clothes,305,132,242,110,424,119
2267,img/img_00014096.jpg,upper-body clothes,437,161,161,0,437,0
2268,img/img_00014104.jpg,upper-body clothes,253,124,259,135,368,115
2269,img/img_00014105.jpg,upper-body clothes,239,205,265,60,421,182
2270,img/img_00014106.jpg,upper-body clothes,147,116,146,30,250,103
2271,img/img_00014115.jpg,upper-body clothes,231,93,171,78,335,104
2272,img/img_00014121.jpg,upper-body clothes,197,109,256,147,292,95
2273,img/img_00014129.jpg,upper-body clothes,358,331,331,0,358,0
2274,img/img_00014131.jpg,upper-body clothes,234,279,279,0,234,0
2275,img/img_00014133.jpg,upper-body clothes,468,343,343,0,468,0
2276,img/img_00014137.jpg,upper-body clothes,238,109,243,134,416,178
2277,img/img_00014145.jpg,upper-body clothes,53,35,125,90,111,58
2278,img/img_00014148.jpg,upper-body clothes,320,189,283,94,435,115
2279,img/img_00014159.jpg,lower-body clothes,368,118,233,115,401,33
2280,img/img_00014163.jpg,lower-body clothes,181,75,141,66,202,21
2281,img/img_00014165.jpg,lower-body clothes,236,83,169,86,249,13
2282,img/img_00014187.jpg,full-body clothes,103,55,128,73,139,36
2283,img/img_00014196.jpg,full-body clothes,137,70,101,31,186,49
2284,img/img_00014197.jpg,upper-body clothes,113,83,149,66,248,135
2285,img/img_00014198.jpg,upper-body clothes,503,240,240,0,503,0
2286,img/img_00014227.jpg,upper-body clothes,372,279,311,32,446,74
2287,img/img_00014238.jpg,upper-body clothes,210,118,179,61,327,117
2288,img/img_00014244.jpg,upper-body clothes,284,159,258,99,429,145
2289,img/img_00014253.jpg,upper-body clothes,278,80,193,113,405,127
2290,img/img_00014254.jpg,upper-body clothes,253,268,268,0,253,0
2291,img/img_00014260.jpg,upper-body clothes,271,113,211,98,380,109
2292,img/img_00014262.jpg,upper-body clothes,154,77,196,119,239,85
2293,img/img_00014267.jpg,lower-body clothes,282,142,249,107,495,213
2294,img/img_00014271.jpg,lower-body clothes,79,75,183,108,260,181
2295,img/img_00014276.jpg,full-body clothes,220,56,219,163,306,86
2296,img/img_00014289.jpg,full-body clothes,411,144,234,90,492,81
2297,img/img_00014300.jpg,lower-body clothes,448,188,441,253,479,31
2298,img/img_00014315.jpg,upper-body clothes,67,238,238,0,67,0
2299,img/img_00014327.jpg,upper-body clothes,490,258,258,0,490,0
2300,img/img_00014328.jpg,upper-body clothes,320,194,248,54,463,143
2301,img/img_00014333.jpg,upper-body clothes,135,79,129,50,205,70
2302,img/img_00014340.jpg,upper-body clothes,293,135,269,134,420,127
2303,img/img_00014345.jpg,upper-body clothes,300,141,272,131,451,151
2304,img/img_00014348.jpg,upper-body clothes,94,38,99,61,136,42
2305,img/img_00014363.jpg,upper-body clothes,338,224,324,100,472,134
2306,img/img_00014368.jpg,upper-body clothes,163,95,248,153,240,77
2307,img/img_00014369.jpg,upper-body clothes,429,453,484,31,469,40
2308,img/img_00014370.jpg,upper-body clothes,313,318,318,0,313,0
2309,img/img_00014374.jpg,upper-body clothes,300,167,204,37,420,120
2310,img/img_00014376.jpg,upper-body clothes,243,119,183,64,364,121
2311,img/img_00014379.jpg,upper-body clothes,421,276,276,0,421,0
2312,img/img_00014381.jpg,upper-body clothes,432,274,455,181,479,47
2313,img/img_00014397.jpg,upper-body clothes,140,116,154,38,231,91
2314,img/img_00014410.jpg,full-body clothes,228,131,242,111,298,70
2315,img/img_00014413.jpg,full-body clothes,422,172,195,23,491,69
2316,img/img_00014433.jpg,upper-body clothes,121,59,186,127,235,114
2317,img/img_00014435.jpg,upper-body clothes,1,1,1,0,1,0
2318,img/img_00014444.jpg,upper-body clothes,146,106,154,48,176,30
2319,img/img_00014452.jpg,upper-body clothes,171,88,184,96,312,141
2320,img/img_00014454.jpg,upper-body clothes,192,85,275,190,269,77
2321,img/img_00014456.jpg,upper-body clothes,118,83,134,51,179,61
2322,img/img_00014462.jpg,upper-body clothes,230,129,417,288,358,128
2323,img/img_00014468.jpg,upper-body clothes,111,89,222,133,265,154
2324,img/img_00014469.jpg,upper-body clothes,152,184,184,0,152,0
2325,img/img_00014473.jpg,upper-body clothes,391,261,261,0,391,0
2326,img/img_00014479.jpg,upper-body clothes,493,295,295,0,493,0
2327,img/img_00014482.jpg,full-body clothes,217,123,261,138,301,84
2328,img/img_00014484.jpg,full-body clothes,235,133,264,131,302,67
2329,img/img_00014486.jpg,full-body clothes,228,124,229,105,315,87
2330,img/img_00014487.jpg,full-body clothes,429,214,304,90,470,41
2331,img/img_00014489.jpg,full-body clothes,207,114,227,113,296,89
2332,img/img_00014497.jpg,upper-body clothes,210,121,221,100,296,86
2333,img/img_00014501.jpg,upper-body clothes,116,60,142,82,202,86
2334,img/img_00014511.jpg,full-body clothes,222,37,209,172,303,81
2335,img/img_00014518.jpg,full-body clothes,358,174,248,74,468,110
2336,img/img_00014527.jpg,upper-body clothes,200,117,181,64,322,122
2337,img/img_00014532.jpg,upper-body clothes,262,180,234,54,427,165
2338,img/img_00014541.jpg,lower-body clothes,232,348,362,14,358,126
2339,img/img_00014544.jpg,lower-body clothes,148,163,291,128,495,347
2340,img/img_00014553.jpg,upper-body clothes,128,166,279,113,273,145
2341,img/img_00014560.jpg,upper-body clothes,183,89,150,61,275,92
2342,img/img_00014567.jpg,upper-body clothes,134,83,155,72,217,83
2343,img/img_00014568.jpg,upper-body clothes,224,127,243,116,380,156
2344,img/img_00014570.jpg,upper-body clothes,150,125,232,107,290,140
2345,img/img_00014573.jpg,upper-body clothes,180,60,186,126,263,83
2346,img/img_00014586.jpg,lower-body clothes,187,11,115,104,202,15
2347,img/img_00014593.jpg,lower-body clothes,396,102,266,164,437,41
2348,img/img_00014596.jpg,lower-body clothes,256,94,169,75,458,202
2349,img/img_00014599.jpg,lower-body clothes,141,42,170,128,262,121
2350,img/img_00014600.jpg,lower-body clothes,156,54,162,108,292,136
2351,img/img_00014607.jpg,full-body clothes,350,107,173,66,441,91
2352,img/img_00014611.jpg,full-body clothes,221,202,202,0,221,0
2353,img/img_00014616.jpg,full-body clothes,395,123,244,121,495,100
2354,img/img_00014617.jpg,full-body clothes,253,232,232,0,253,0
2355,img/img_00014629.jpg,full-body clothes,255,78,156,78,340,85
2356,img/img_00014633.jpg,full-body clothes,226,183,196,13,291,65
2357,img/img_00014635.jpg,full-body clothes,334,88,186,98,451,117
2358,img/img_00014636.jpg,full-body clothes,203,120,207,87,270,67
2359,img/img_00014645.jpg,full-body clothes,172,62,143,81,230,58
2360,img/img_00014651.jpg,upper-body clothes,242,143,245,102,373,131
2361,img/img_00014655.jpg,upper-body clothes,246,179,238,59,421,175
2362,img/img_00014660.jpg,upper-body clothes,138,61,105,44,196,58
2363,img/img_00014667.jpg,upper-body clothes,191,107,242,135,296,105
2364,img/img_00014683.jpg,upper-body clothes,178,65,130,65,260,82
2365,img/img_00014684.jpg,upper-body clothes,51,346,346,0,51,0
2366,img/img_00014693.jpg,full-body clothes,429,150,247,97,502,73
2367,img/img_00014714.jpg,full-body clothes,266,107,245,138,324,58
2368,img/img_00014728.jpg,upper-body clothes,254,139,275,136,432,178
2369,img/img_00014740.jpg,upper-body clothes,290,156,270,114,434,144
2370,img/img_00014744.jpg,upper-body clothes,202,131,315,184,348,146
2371,img/img_00014747.jpg,upper-body clothes,147,103,194,91,225,78
2372,img/img_00014752.jpg,upper-body clothes,443,302,302,0,443,0
2373,img/img_00014756.jpg,upper-body clothes,123,100,145,45,243,120
2374,img/img_00014762.jpg,upper-body clothes,201,79,201,122,286,85
2375,img/img_00014763.jpg,upper-body clothes,308,208,368,160,453,145
2376,img/img_00014764.jpg,upper-body clothes,310,202,364,162,451,141
2377,img/img_00014766.jpg,upper-body clothes,211,185,296,111,416,205
2378,img/img_00014771.jpg,upper-body clothes,198,119,309,190,325,127
2379,img/img_00014784.jpg,full-body clothes,339,191,275,84,470,131
2380,img/img_00014790.jpg,full-body clothes,326,154,272,118,464,138
2381,img/img_00014792.jpg,upper-body clothes,107,55,103,48,156,49
2382,img/img_00014799.jpg,upper-body clothes,195,128,257,129,210,15
2383,img/img_00014803.jpg,upper-body clothes,382,221,310,89,430,48
2384,img/img_00014805.jpg,full-body clothes,322,112,214,102,418,96
2385,img/img_00014806.jpg,full-body clothes,270,117,234,117,387,117
2386,img/img_00014817.jpg,full-body clothes,339,180,234,54,457,118
2387,img/img_00014847.jpg,lower-body clothes,68,90,203,113,292,224
2388,img/img_00014848.jpg,lower-body clothes,65,475,475,0,65,0
2389,img/img_00014852.jpg,lower-body clothes,15,210,210,0,15,0
2390,img/img_00014856.jpg,lower-body clothes,49,56,212,156,189,140
2391,img/img_00014863.jpg,lower-body clothes,196,70,146,76,205,9
2392,img/img_00014883.jpg,upper-body clothes,186,100,229,129,269,83
2393,img/img_00014890.jpg,upper-body clothes,265,193,193,0,265,0
2394,img/img_00014892.jpg,upper-body clothes,347,85,117,32,475,128
2395,img/img_00014900.jpg,lower-body clothes,115,78,219,141,294,179
2396,img/img_00014914.jpg,upper-body clothes,443,201,201,0,443,0
2397,img/img_00014917.jpg,upper-body clothes,376,241,241,0,376,0
2398,img/img_00014918.jpg,upper-body clothes,269,47,218,171,415,146
2399,img/img_00014923.jpg,upper-body clothes,264,31,157,126,426,162
2400,img/img_00014927.jpg,upper-body clothes,286,153,233,80,461,175
2401,img/img_00014944.jpg,lower-body clothes,272,112,194,82,278,6
2402,img/img_00014971.jpg,lower-body clothes,235,137,186,49,279,44
2403,img/img_00014979.jpg,lower-body clothes,127,79,215,136,329,202
2404,img/img_00014984.jpg,lower-body clothes,67,51,107,56,201,134
2405,img/img_00014997.jpg,upper-body clothes,285,159,236,77,432,147
2406,img/img_00015000.jpg,upper-body clothes,269,156,253,97,394,125
2407,img/img_00015001.jpg,upper-body clothes,271,182,314,132,396,125
2408,img/img_00015019.jpg,upper-body clothes,150,90,196,106,234,84
2409,img/img_00015037.jpg,lower-body clothes,136,164,250,86,433,297
2410,img/img_00015038.jpg,lower-body clothes,72,86,141,55,216,144
2411,img/img_00015042.jpg,lower-body clothes,102,119,178,59,291,189
2412,img/img_00015044.jpg,lower-body clothes,87,111,187,76,292,205
2413,img/img_00015046.jpg,lower-body clothes,81,88,195,107,96,15
2414,img/img_00015047.jpg,lower-body clothes,180,73,208,135,416,236
2415,img/img_00015049.jpg,lower-body clothes,190,82,214,132,406,216
2416,img/img_00015055.jpg,upper-body clothes,145,64,144,80,214,69
2417,img/img_00015059.jpg,upper-body clothes,227,400,400,0,227,0
2418,img/img_00015061.jpg,upper-body clothes,319,346,346,0,319,0
2419,img/img_00015065.jpg,upper-body clothes,242,166,241,75,363,121
2420,img/img_00015072.jpg,upper-body clothes,159,97,288,191,251,92
2421,img/img_00015080.jpg,full-body clothes,386,104,189,85,464,78
2422,img/img_00015084.jpg,full-body clothes,197,181,181,0,197,0
2423,img/img_00015086.jpg,full-body clothes,489,173,173,0,489,0
2424,img/img_00015094.jpg,full-body clothes,287,97,204,107,433,146
2425,img/img_00015104.jpg,lower-body clothes,126,186,355,169,439,313
2426,img/img_00015115.jpg,full-body clothes,360,213,356,143,464,104
2427,img/img_00015122.jpg,full-body clothes,279,150,224,74,380,101
2428,img/img_00015128.jpg,full-body clothes,308,92,204,112,444,136
2429,img/img_00015129.jpg,full-body clothes,172,81,168,87,251,79
2430,img/img_00015132.jpg,full-body clothes,166,98,210,112,271,105
2431,img/img_00015133.jpg,full-body clothes,177,85,151,66,251,74
2432,img/img_00015134.jpg,full-body clothes,284,151,227,76,429,145
2433,img/img_00015136.jpg,full-body clothes,193,105,233,128,287,94
2434,img/img_00015141.jpg,full-body clothes,217,112,204,92,353,136
2435,img/img_00015144.jpg,full-body clothes,263,211,211,0,263,0
2436,img/img_00015145.jpg,upper-body clothes,281,179,282,103,425,144
2437,img/img_00015161.jpg,upper-body clothes,151,111,267,156,233,82
2438,img/img_00015163.jpg,upper-body clothes,353,190,288,98,495,142
2439,img/img_00015167.jpg,upper-body clothes,209,172,254,82,335,126
2440,img/img_00015168.jpg,upper-body clothes,291,203,346,143,425,134
2441,img/img_00015170.jpg,upper-body clothes,208,122,140,18,226,18
2442,img/img_00015175.jpg,upper-body clothes,254,208,375,167,329,75
2443,img/img_00015189.jpg,full-body clothes,192,74,203,129,266,74
2444,img/img_00015205.jpg,full-body clothes,352,126,262,136,467,115
2445,img/img_00015209.jpg,full-body clothes,203,52,188,136,278,75
2446,img/img_00015214.jpg,full-body clothes,195,70,188,118,272,77
2447,img/img_00015218.jpg,full-body clothes,354,162,251,89,480,126
2448,img/img_00015229.jpg,full-body clothes,420,293,293,0,420,0
2449,img/img_00015231.jpg,full-body clothes,340,142,273,131,360,20
2450,img/img_00015242.jpg,lower-body clothes,177,110,270,160,461,284
2451,img/img_00015247.jpg,lower-body clothes,22,156,156,0,22,0
2452,img/img_00015261.jpg,full-body clothes,346,38,188,150,460,114
2453,img/img_00015270.jpg,full-body clothes,216,146,301,155,319,103
2454,img/img_00015273.jpg,full-body clothes,196,125,303,178,284,88
2455,img/img_00015275.jpg,full-body clothes,192,31,165,134,265,73
2456,img/img_00015280.jpg,upper-body clothes,120,84,125,41,188,68
2457,img/img_00015286.jpg,upper-body clothes,271,160,247,87,405,134
2458,img/img_00015290.jpg,upper-body clothes,299,197,279,82,497,198
2459,img/img_00015291.jpg,upper-body clothes,204,115,162,47,297,93
2460,img/img_00015299.jpg,full-body clothes,225,142,142,0,225,0
2461,img/img_00015302.jpg,full-body clothes,310,356,356,0,310,0
2462,img/img_00015303.jpg,full-body clothes,415,210,210,0,415,0
2463,img/img_00015304.jpg,full-body clothes,246,202,202,0,246,0
2464,img/img_00015307.jpg,full-body clothes,193,127,281,154,284,91
2465,img/img_00015322.jpg,lower-body clothes,48,23,167,144,162,114
2466,img/img_00015328.jpg,lower-body clothes,63,59,390,331,301,238
2467,img/img_00015336.jpg,upper-body clothes,500,273,273,0,500,0
2468,img/img_00015337.jpg,upper-body clothes,417,351,351,0,417,0
2469,img/img_00015341.jpg,upper-body clothes,137,128,155,27,236,99
2470,img/img_00015342.jpg,upper-body clothes,326,171,291,120,497,171
2471,img/img_00015346.jpg,upper-body clothes,403,284,284,0,403,0
2472,img/img_00015352.jpg,upper-body clothes,212,125,316,191,368,156
2473,img/img_00015355.jpg,full-body clothes,273,74,272,198,412,139
2474,img/img_00015360.jpg,full-body clothes,384,77,205,128,485,101
2475,img/img_00015373.jpg,upper-body clothes,155,114,191,77,238,83
2476,img/img_00015376.jpg,upper-body clothes,177,102,188,86,268,91
2477,img/img_00015382.jpg,upper-body clothes,162,137,228,91,299,137
2478,img/img_00015383.jpg,upper-body clothes,143,121,225,104,289,146
2479,img/img_00015384.jpg,upper-body clothes,153,148,250,102,329,176
2480,img/img_00015395.jpg,upper-body clothes,305,204,323,119,370,65
2481,img/img_00015397.jpg,upper-body clothes,217,160,308,148,418,201
2482,img/img_00015406.jpg,lower-body clothes,300,196,196,0,300,0
2483,img/img_00015419.jpg,lower-body clothes,202,61,197,136,405,203
2484,img/img_00015435.jpg,full-body clothes,226,83,169,86,311,85
2485,img/img_00015438.jpg,full-body clothes,331,216,216,0,331,0
2486,img/img_00015462.jpg,full-body clothes,176,99,159,60,240,64
2487,img/img_00015465.jpg,full-body clothes,331,230,230,0,331,0
2488,img/img_00015468.jpg,full-body clothes,350,180,291,111,454,104
2489,img/img_00015482.jpg,full-body clothes,237,56,211,155,321,84
2490,img/img_00015486.jpg,full-body clothes,232,56,146,90,311,79
2491,img/img_00015487.jpg,full-body clothes,333,186,342,156,450,117
2492,img/img_00015493.jpg,full-body clothes,268,96,228,132,360,92
2493,img/img_00015495.jpg,full-body clothes,498,242,242,0,498,0
2494,img/img_00015497.jpg,full-body clothes,269,58,169,111,349,80
2495,img/img_00015507.jpg,upper-body clothes,152,121,203,82,244,92
2496,img/img_00015510.jpg,upper-body clothes,289,224,326,102,415,126
2497,img/img_00015526.jpg,upper-body clothes,105,76,257,181,207,102
2498,img/img_00015527.jpg,upper-body clothes,401,248,248,0,401,0
2499,img/img_00015535.jpg,upper-body clothes,476,396,454,58,492,16
2500,img/img_00015536.jpg,upper-body clothes,323,236,273,37,346,23
2501,img/img_00015537.jpg,upper-body clothes,339,231,294,63,488,149
2502,img/img_00015543.jpg,full-body clothes,348,125,175,50,463,115
2503,img/img_00015559.jpg,full-body clothes,246,228,228,0,246,0
2504,img/img_00015560.jpg,upper-body clothes,222,61,115,54,332,110
2505,img/img_00015574.jpg,full-body clothes,356,111,234,123,448,92
2506,img/img_00015577.jpg,full-body clothes,299,80,190,110,430,131
2507,img/img_00015578.jpg,full-body clothes,313,74,185,111,439,126
2508,img/img_00015586.jpg,full-body clothes,318,169,259,90,437,119
2509,img/img_00015590.jpg,full-body clothes,245,304,304,0,245,0
2510,img/img_00015595.jpg,full-body clothes,356,102,210,108,478,122
2511,img/img_00015599.jpg,full-body clothes,278,206,254,48,369,91
2512,img/img_00015601.jpg,full-body clothes,206,174,240,66,304,98
2513,img/img_00015602.jpg,upper-body clothes,147,105,149,44,208,61
2514,img/img_00015605.jpg,upper-body clothes,140,86,195,109,217,77
2515,img/img_00015608.jpg,upper-body clothes,155,81,133,52,214,59
2516,img/img_00015615.jpg,upper-body clothes,117,64,143,79,189,72
2517,img/img_00015621.jpg,upper-body clothes,265,93,126,33,383,118
2518,img/img_00015626.jpg,upper-body clothes,288,162,243,81,422,134
2519,img/img_00015627.jpg,upper-body clothes,123,70,212,142,288,165
2520,img/img_00015635.jpg,upper-body clothes,195,123,183,60,226,31
2521,img/img_00015638.jpg,full-body clothes,163,35,111,76,225,62
2522,img/img_00015639.jpg,full-body clothes,170,94,167,73,227,57
2523,img/img_00015644.jpg,full-body clothes,112,61,131,70,180,68
2524,img/img_00015654.jpg,full-body clothes,298,135,241,106,403,105
2525,img/img_00015661.jpg,upper-body clothes,178,124,183,59,271,93
2526,img/img_00015665.jpg,upper-body clothes,108,82,126,44,178,70
2527,img/img_00015666.jpg,upper-body clothes,303,188,188,0,303,0
2528,img/img_00015675.jpg,upper-body clothes,189,146,146,0,189,0
2529,img/img_00015688.jpg,lower-body clothes,233,83,299,216,437,204
2530,img/img_00015709.jpg,full-body clothes,207,100,178,78,279,72
2531,img/img_00015713.jpg,lower-body clothes,330,144,231,87,344,14
2532,img/img_00015722.jpg,lower-body clothes,333,124,217,93,346,13
2533,img/img_00015732.jpg,lower-body clothes,392,156,244,88,446,54
2534,img/img_00015735.jpg,lower-body clothes,408,167,277,110,420,12
2535,img/img_00015740.jpg,upper-body clothes,277,75,265,190,408,131
2536,img/img_00015741.jpg,upper-body clothes,154,46,76,30,270,116
2537,img/img_00015742.jpg,upper-body clothes,266,125,169,44,383,117
2538,img/img_00015755.jpg,full-body clothes,399,132,242,110,504,105
2539,img/img_00015756.jpg,full-body clothes,152,44,79,35,188,36
2540,img/img_00015758.jpg,full-body clothes,273,119,246,127,358,85
2541,img/img_00015762.jpg,lower-body clothes,90,182,259,77,425,335
2542,img/img_00015763.jpg,lower-body clothes,129,173,257,84,438,309
2543,img/img_00015768.jpg,upper-body clothes,183,119,250,131,323,140
2544,img/img_00015771.jpg,upper-body clothes,213,121,274,153,316,103
2545,img/img_00015777.jpg,upper-body clothes,143,91,158,67,202,59
2546,img/img_00015783.jpg,upper-body clothes,153,110,176,66,208,55
2547,img/img_00015790.jpg,upper-body clothes,198,96,189,93,271,73
2548,img/img_00015793.jpg,upper-body clothes,270,178,232,54,413,143
2549,img/img_00015796.jpg,upper-body clothes,224,63,260,197,303,79
2550,img/img_00015798.jpg,upper-body clothes,53,41,127,86,104,51
2551,img/img_00015806.jpg,full-body clothes,334,212,295,83,453,119
2552,img/img_00015817.jpg,lower-body clothes,219,69,152,83,227,8
2553,img/img_00015825.jpg,full-body clothes,389,177,255,78,487,98
2554,img/img_00015833.jpg,full-body clothes,347,154,233,79,425,78
2555,img/img_00015842.jpg,full-body clothes,307,192,325,133,412,105
2556,img/img_00015862.jpg,lower-body clothes,256,164,253,89,285,29
2557,img/img_00015875.jpg,upper-body clothes,234,191,248,57,385,151
2558,img/img_00015900.jpg,upper-body clothes,300,136,195,59,428,128
2559,img/img_00015902.jpg,upper-body clothes,164,95,205,110,222,58
2560,img/img_00015906.jpg,upper-body clothes,252,133,194,61,384,132
2561,img/img_00015910.jpg,upper-body clothes,255,115,157,42,372,117
2562,img/img_00015912.jpg,upper-body clothes,230,148,227,79,350,120
2563,img/img_00015919.jpg,upper-body clothes,129,61,284,223,236,107
2564,img/img_00015924.jpg,upper-body clothes,237,146,199,53,358,121
2565,img/img_00015926.jpg,upper-body clothes,209,76,160,84,270,61
2566,img/img_00015934.jpg,full-body clothes,129,83,149,66,186,57
2567,img/img_00015939.jpg,lower-body clothes,391,42,197,155,414,23
2568,img/img_00015948.jpg,upper-body clothes,293,170,274,104,428,135
2569,img/img_00015955.jpg,upper-body clothes,246,154,196,42,359,113
2570,img/img_00015962.jpg,upper-body clothes,259,173,268,95,348,89
2571,img/img_00015967.jpg,upper-body clothes,104,64,141,77,189,85
2572,img/img_00015985.jpg,full-body clothes,147,89,141,52,195,48
2573,img/img_00015991.jpg,upper-body clothes,245,174,264,90,377,132
2574,img/img_00015997.jpg,upper-body clothes,127,63,116,53,191,64
2575,img/img_00016000.jpg,upper-body clothes,301,112,220,108,426,125
2576,img/img_00016003.jpg,upper-body clothes,475,261,261,0,475,0
2577,img/img_00016008.jpg,lower-body clothes,210,86,251,165,395,185
2578,img/img_00016009.jpg,lower-body clothes,117,179,265,86,457,340
2579,img/img_00016010.jpg,lower-body clothes,325,210,210,0,325,0
2580,img/img_00016016.jpg,full-body clothes,328,65,176,111,449,121
2581,img/img_00016034.jpg,lower-body clothes,96,46,164,118,215,119
2582,img/img_00016036.jpg,lower-body clothes,355,86,272,186,360,5
2583,img/img_00016038.jpg,lower-body clothes,148,74,210,136,404,256
2584,img/img_00016040.jpg,lower-body clothes,166,100,252,152,362,196
2585,img/img_00016045.jpg,lower-body clothes,308,253,253,0,308,0
2586,img/img_00016050.jpg,upper-body clothes,214,154,202,48,341,127
2587,img/img_00016054.jpg,upper-body clothes,196,85,253,168,364,168
2588,img/img_00016058.jpg,upper-body clothes,159,44,129,85,233,74
2589,img/img_00016063.jpg,upper-body clothes,164,111,206,95,246,82
2590,img/img_00016070.jpg,upper-body clothes,169,67,185,118,261,92
2591,img/img_00016074.jpg,upper-body clothes,239,91,243,152,347,108
2592,img/img_00016078.jpg,lower-body clothes,400,121,295,174,457,57
2593,img/img_00016086.jpg,lower-body clothes,306,122,204,82,334,28
2594,img/img_00016115.jpg,full-body clothes,388,194,248,54,485,97
2595,img/img_00016120.jpg,full-body clothes,458,386,386,0,458,0
2596,img/img_00016134.jpg,lower-body clothes,88,232,291,59,371,283
2597,img/img_00016159.jpg,lower-body clothes,167,192,286,94,450,283
2598,img/img_00016164.jpg,lower-body clothes,186,229,269,40,374,188
2599,img/img_00016165.jpg,lower-body clothes,88,110,161,51,295,207
2600,img/img_00016184.jpg,full-body clothes,261,147,236,89,343,82
2601,img/img_00016194.jpg,lower-body clothes,408,63,138,75,431,23
2602,img/img_00016196.jpg,lower-body clothes,419,41,110,69,445,26
2603,img/img_00016199.jpg,lower-body clothes,186,55,121,66,202,16
2604,img/img_00016202.jpg,lower-body clothes,421,72,249,177,438,17
2605,img/img_00016213.jpg,full-body clothes,348,214,214,0,348,0
2606,img/img_00016215.jpg,full-body clothes,132,220,220,0,132,0
2607,img/img_00016217.jpg,full-body clothes,118,241,241,0,118,0
2608,img/img_00016223.jpg,full-body clothes,253,101,191,90,289,36
2609,img/img_00016231.jpg,full-body clothes,117,213,213,0,117,0
2610,img/img_00016232.jpg,full-body clothes,220,19,105,86,259,39
2611,img/img_00016234.jpg,full-body clothes,198,81,193,112,282,84
2612,img/img_00016244.jpg,upper-body clothes,144,75,207,132,220,76
2613,img/img_00016247.jpg,upper-body clothes,289,145,177,32,311,22
2614,img/img_00016251.jpg,upper-body clothes,237,104,237,133,360,123
2615,img/img_00016252.jpg,upper-body clothes,506,485,485,0,506,0
2616,img/img_00016257.jpg,upper-body clothes,206,115,282,167,346,140
2617,img/img_00016272.jpg,upper-body clothes,115,54,143,89,178,63
2618,img/img_00016275.jpg,upper-body clothes,241,52,239,187,342,101
2619,img/img_00016277.jpg,upper-body clothes,217,106,194,88,334,117
2620,img/img_00016292.jpg,lower-body clothes,65,86,143,57,233,168
2621,img/img_00016293.jpg,lower-body clothes,225,225,294,69,269,44
2622,img/img_00016309.jpg,lower-body clothes,53,312,312,0,53,0
2623,img/img_00016312.jpg,lower-body clothes,460,114,265,151,468,8
2624,img/img_00016316.jpg,lower-body clothes,357,45,183,138,407,50
2625,img/img_00016317.jpg,lower-body clothes,402,130,260,130,407,5
2626,img/img_00016319.jpg,lower-body clothes,264,55,259,204,450,186
2627,img/img_00016333.jpg,full-body clothes,227,92,451,359,282,55
2628,img/img_00016336.jpg,upper-body clothes,111,96,308,212,195,84
2629,img/img_00016341.jpg,upper-body clothes,298,319,426,107,390,92
2630,img/img_00016342.jpg,upper-body clothes,208,143,269,126,285,77
2631,img/img_00016345.jpg,full-body clothes,138,88,161,73,222,84
2632,img/img_00016357.jpg,lower-body clothes,278,156,278,122,499,221
2633,img/img_00016370.jpg,full-body clothes,362,114,129,15,471,109
2634,img/img_00016371.jpg,full-body clothes,184,110,222,112,254,70
2635,img/img_00016373.jpg,full-body clothes,124,68,168,100,178,54
2636,img/img_00016377.jpg,lower-body clothes,146,135,236,101,354,208
2637,img/img_00016384.jpg,upper-body clothes,190,95,156,61,288,98
2638,img/img_00016388.jpg,upper-body clothes,162,58,180,122,215,53
2639,img/img_00016389.jpg,upper-body clothes,243,149,267,118,377,134
2640,img/img_00016393.jpg,upper-body clothes,177,129,227,98,250,73
2641,img/img_00016398.jpg,upper-body clothes,244,146,252,106,382,138
2642,img/img_00016403.jpg,upper-body clothes,287,135,241,106,434,147
2643,img/img_00016404.jpg,upper-body clothes,256,141,280,139,397,141
2644,img/img_00016405.jpg,upper-body clothes,294,143,244,101,430,136
2645,img/img_00016414.jpg,lower-body clothes,171,106,208,102,361,190
2646,img/img_00016426.jpg,lower-body clothes,401,318,318,0,401,0
2647,img/img_00016431.jpg,lower-body clothes,103,14,129,115,116,13
2648,img/img_00016435.jpg,lower-body clothes,237,72,188,116,394,157
2649,img/img_00016437.jpg,lower-body clothes,370,164,331,167,379,9
2650,img/img_00016439.jpg,lower-body clothes,490,377,432,55,498,8
2651,img/img_00016444.jpg,lower-body clothes,208,181,301,120,232,24
2652,img/img_00016452.jpg,upper-body clothes,330,114,247,133,448,118
2653,img/img_00016457.jpg,upper-body clothes,315,310,310,0,315,0
2654,img/img_00016469.jpg,upper-body clothes,468,361,361,0,468,0
2655,img/img_00016482.jpg,upper-body clothes,162,105,205,100,236,74
2656,img/img_00016484.jpg,upper-body clothes,158,115,193,78,227,69
2657,img/img_00016492.jpg,upper-body clothes,164,100,192,92,186,22
2658,img/img_00016508.jpg,upper-body clothes,65,35,191,156,126,61
2659,img/img_00016509.jpg,upper-body clothes,288,202,300,98,476,188
2660,img/img_00016523.jpg,upper-body clothes,267,172,261,89,444,177
2661,img/img_00016529.jpg,upper-body clothes,98,83,110,27,193,95
2662,img/img_00016539.jpg,upper-body clothes,102,90,162,72,199,97
2663,img/img_00016542.jpg,upper-body clothes,140,503,503,0,140,0
2664,img/img_00016552.jpg,upper-body clothes,266,165,262,97,405,139
2665,img/img_00016555.jpg,upper-body clothes,252,319,319,0,252,0
2666,img/img_00016556.jpg,upper-body clothes,68,159,159,0,68,0
2667,img/img_00016559.jpg,upper-body clothes,108,209,209,0,108,0
2668,img/img_00016569.jpg,upper-body clothes,57,115,115,0,57,0
2669,img/img_00016575.jpg,upper-body clothes,286,171,276,105,498,212
2670,img/img_00016598.jpg,full-body clothes,254,306,306,0,254,0
2671,img/img_00016608.jpg,full-body clothes,242,154,339,185,379,137
2672,img/img_00016611.jpg,full-body clothes,400,230,230,0,400,0
2673,img/img_00016614.jpg,upper-body clothes,267,146,230,84,348,81
2674,img/img_00016622.jpg,lower-body clothes,81,92,346,254,258,177
2675,img/img_00016641.jpg,lower-body clothes,53,84,144,60,209,156
2676,img/img_00016642.jpg,upper-body clothes,156,107,316,209,297,141
2677,img/img_00016646.jpg,upper-body clothes,331,370,370,0,331,0
2678,img/img_00016647.jpg,upper-body clothes,207,95,95,0,207,0
2679,img/img_00016658.jpg,upper-body clothes,176,128,217,89,261,85
2680,img/img_00016669.jpg,full-body clothes,322,160,255,95,461,139
2681,img/img_00016674.jpg,full-body clothes,286,163,224,61,396,110
2682,img/img_00016678.jpg,full-body clothes,277,99,249,150,353,76
2683,img/img_00016687.jpg,upper-body clothes,76,55,123,68,118,42
2684,img/img_00016689.jpg,upper-body clothes,85,43,143,100,206,121
2685,img/img_00016691.jpg,upper-body clothes,169,164,245,81,285,116
2686,img/img_00016693.jpg,upper-body clothes,275,195,452,257,336,61
2687,img/img_00016697.jpg,upper-body clothes,324,226,313,87,476,152
2688,img/img_00016704.jpg,upper-body clothes,208,126,248,122,343,135
2689,img/img_00016709.jpg,upper-body clothes,98,285,285,0,98,0
2690,img/img_00016717.jpg,upper-body clothes,155,139,198,59,250,95
2691,img/img_00016725.jpg,full-body clothes,156,82,146,64,218,62
2692,img/img_00016728.jpg,full-body clothes,309,150,194,44,432,123
2693,img/img_00016731.jpg,full-body clothes,341,180,281,101,470,129
2694,img/img_00016737.jpg,full-body clothes,332,51,196,145,472,140
2695,img/img_00016740.jpg,full-body clothes,258,149,244,95,381,123
2696,img/img_00016742.jpg,full-body clothes,147,95,209,114,235,88
2697,img/img_00016749.jpg,full-body clothes,348,301,301,0,348,0
2698,img/img_00016750.jpg,full-body clothes,262,155,279,124,370,108
2699,img/img_00016761.jpg,full-body clothes,312,175,290,115,459,147
2700,img/img_00016769.jpg,lower-body clothes,139,58,282,224,350,211
2701,img/img_00016777.jpg,full-body clothes,465,109,320,211,493,28
2702,img/img_00016784.jpg,full-body clothes,219,133,216,83,265,46
2703,img/img_00016791.jpg,full-body clothes,182,111,219,108,268,86
2704,img/img_00016796.jpg,full-body clothes,317,120,213,93,441,124
2705,img/img_00016797.jpg,full-body clothes,265,257,257,0,265,0
2706,img/img_00016801.jpg,full-body clothes,318,147,222,75,435,117
2707,img/img_00016813.jpg,full-body clothes,336,144,277,133,431,95
2708,img/img_00016825.jpg,full-body clothes,184,72,133,61,232,48
2709,img/img_00016828.jpg,full-body clothes,374,167,251,84,483,109
2710,img/img_00016831.jpg,full-body clothes,407,114,149,35,502,95
2711,img/img_00016835.jpg,full-body clothes,165,168,168,0,165,0
2712,img/img_00016836.jpg,full-body clothes,222,79,164,85,314,92
2713,img/img_00016844.jpg,upper-body clothes,236,100,162,62,382,146
2714,img/img_00016848.jpg,upper-body clothes,145,97,221,124,231,86
2715,img/img_00016849.jpg,upper-body clothes,168,112,184,72,253,85
2716,img/img_00016853.jpg,upper-body clothes,231,152,215,63,362,131
2717,img/img_00016856.jpg,upper-body clothes,197,88,169,81,298,101
2718,img/img_00016882.jpg,full-body clothes,164,86,151,65,218,54
2719,img/img_00016885.jpg,full-body clothes,163,113,201,88,238,75
2720,img/img_00016888.jpg,full-body clothes,146,76,156,80,208,62
2721,img/img_00016901.jpg,full-body clothes,153,89,206,117,199,46
2722,img/img_00016902.jpg,full-body clothes,172,128,128,0,172,0
2723,img/img_00016905.jpg,full-body clothes,411,300,300,0,411,0
2724,img/img_00016909.jpg,full-body clothes,428,296,296,0,428,0
2725,img/img_00016912.jpg,full-body clothes,190,110,184,74,279,89
2726,img/img_00016917.jpg,lower-body clothes,152,150,235,85,420,268
2727,img/img_00016929.jpg,lower-body clothes,322,356,356,0,322,0
2728,img/img_00016937.jpg,upper-body clothes,223,60,239,179,350,127
2729,img/img_00016951.jpg,upper-body clothes,266,269,309,40,422,156
2730,img/img_00016952.jpg,upper-body clothes,142,108,205,97,224,82
2731,img/img_00016953.jpg,upper-body clothes,378,222,362,140,450,72
2732,img/img_00016966.jpg,lower-body clothes,191,204,447,243,449,258
2733,img/img_00016973.jpg,lower-body clothes,101,226,226,0,101,0
2734,img/img_00016977.jpg,upper-body clothes,96,43,88,45,117,21
2735,img/img_00016992.jpg,upper-body clothes,117,91,168,77,202,85
2736,img/img_00017010.jpg,upper-body clothes,311,389,389,0,311,0
2737,img/img_00017015.jpg,upper-body clothes,104,53,219,166,226,122
2738,img/img_00017020.jpg,upper-body clothes,204,180,234,54,338,134
2739,img/img_00017032.jpg,lower-body clothes,98,152,257,105,410,312
2740,img/img_00017033.jpg,lower-body clothes,72,104,159,55,299,227
2741,img/img_00017034.jpg,lower-body clothes,55,87,139,52,223,168
2742,img/img_00017036.jpg,lower-body clothes,30,59,157,98,168,138
2743,img/img_00017037.jpg,lower-body clothes,82,123,183,60,291,209
2744,img/img_00017039.jpg,lower-body clothes,298,207,207,0,298,0
2745,img/img_00017040.jpg,lower-body clothes,57,82,99,17,218,161
2746,img/img_00017049.jpg,lower-body clothes,53,74,112,38,64,11
2747,img/img_00017050.jpg,upper-body clothes,233,112,227,115,379,146
2748,img/img_00017052.jpg,upper-body clothes,193,129,227,98,354,161
2749,img/img_00017059.jpg,upper-body clothes,194,150,217,67,329,135
2750,img/img_00017061.jpg,upper-body clothes,175,86,169,83,275,100
2751,img/img_00017062.jpg,upper-body clothes,167,119,224,105,322,155
2752,img/img_00017063.jpg,upper-body clothes,79,34,241,207,134,55
2753,img/img_00017069.jpg,upper-body clothes,101,298,298,0,101,0
2754,img/img_00017072.jpg,upper-body clothes,114,60,138,78,186,72
2755,img/img_00017078.jpg,upper-body clothes,175,199,199,0,175,0
2756,img/img_00017085.jpg,upper-body clothes,148,212,212,0,148,0
2757,img/img_00017087.jpg,upper-body clothes,247,455,455,0,247,0
2758,img/img_00017090.jpg,upper-body clothes,294,129,242,113,413,119
2759,img/img_00017091.jpg,upper-body clothes,178,249,400,151,380,202
2760,img/img_00017092.jpg,upper-body clothes,328,267,307,40,419,91
2761,img/img_00017093.jpg,upper-body clothes,443,237,237,0,443,0
2762,img/img_00017108.jpg,upper-body clothes,178,110,150,40,302,124
2763,img/img_00017109.jpg,upper-body clothes,148,95,194,99,250,102
2764,img/img_00017114.jpg,upper-body clothes,162,94,197,103,268,106
2765,img/img_00017122.jpg,upper-body clothes,238,60,134,74,377,139
2766,img/img_00017128.jpg,upper-body clothes,324,90,235,145,464,140
2767,img/img_00017135.jpg,lower-body clothes,72,63,141,78,281,209
2768,img/img_00017138.jpg,lower-body clothes,211,284,284,0,211,0
2769,img/img_00017149.jpg,lower-body clothes,205,213,213,0,205,0
2770,img/img_00017152.jpg,full-body clothes,122,131,131,0,122,0
2771,img/img_00017154.jpg,full-body clothes,305,146,281,135,427,122
2772,img/img_00017162.jpg,full-body clothes,290,159,229,70,341,51
2773,img/img_00017165.jpg,upper-body clothes,89,241,241,0,89,0
2774,img/img_00017168.jpg,upper-body clothes,162,369,369,0,162,0
2775,img/img_00017189.jpg,upper-body clothes,83,149,149,0,83,0
2776,img/img_00017192.jpg,upper-body clothes,144,63,337,274,252,108
2777,img/img_00017208.jpg,full-body clothes,133,72,186,114,187,54
2778,img/img_00017210.jpg,full-body clothes,157,24,121,97,228,71
2779,img/img_00017242.jpg,upper-body clothes,191,84,177,93,350,159
2780,img/img_00017245.jpg,upper-body clothes,87,144,297,153,156,69
2781,img/img_00017260.jpg,full-body clothes,167,352,352,0,167,0
2782,img/img_00017261.jpg,full-body clothes,250,159,159,0,250,0
2783,img/img_00017263.jpg,full-body clothes,164,191,191,0,164,0
2784,img/img_00017271.jpg,full-body clothes,334,240,240,0,334,0
2785,img/img_00017274.jpg,full-body clothes,434,313,313,0,434,0
2786,img/img_00017278.jpg,full-body clothes,277,154,458,304,320,43
2787,img/img_00017279.jpg,full-body clothes,264,104,225,121,342,78
2788,img/img_00017285.jpg,lower-body clothes,78,42,171,129,361,283
2789,img/img_00017294.jpg,lower-body clothes,165,288,386,98,255,90
2790,img/img_00017296.jpg,lower-body clothes,246,97,206,109,255,9
2791,img/img_00017298.jpg,lower-body clothes,420,149,243,94,440,20
2792,img/img_00017307.jpg,lower-body clothes,228,68,186,118,448,220
2793,img/img_00017309.jpg,lower-body clothes,362,144,467,323,404,42
2794,img/img_00017315.jpg,lower-body clothes,424,136,286,150,467,43
2795,img/img_00017324.jpg,lower-body clothes,174,67,215,148,347,173
2796,img/img_00017330.jpg,lower-body clothes,239,99,221,122,455,216
2797,img/img_00017346.jpg,lower-body clothes,226,96,197,101,448,222
2798,img/img_00017352.jpg,lower-body clothes,270,84,213,129,493,223
2799,img/img_00017357.jpg,lower-body clothes,207,58,398,340,377,170
2800,img/img_00017370.jpg,lower-body clothes,261,73,201,128,480,219
2801,img/img_00017371.jpg,lower-body clothes,111,46,71,25,208,97
2802,img/img_00017373.jpg,full-body clothes,423,174,238,64,495,72
2803,img/img_00017376.jpg,full-body clothes,407,106,228,122,491,84
2804,img/img_00017387.jpg,full-body clothes,412,157,319,162,497,85
2805,img/img_00017389.jpg,full-body clothes,411,92,244,152,484,73
2806,img/img_00017390.jpg,full-body clothes,493,238,238,0,493,0
2807,img/img_00017396.jpg,full-body clothes,388,109,260,151,464,76
2808,img/img_00017402.jpg,full-body clothes,226,89,180,91,281,55
2809,img/img_00017418.jpg,upper-body clothes,213,178,215,37,327,114
2810,img/img_00017421.jpg,upper-body clothes,119,82,136,54,207,88
2811,img/img_00017432.jpg,upper-body clothes,172,137,239,102,301,129
2812,img/img_00017434.jpg,upper-body clothes,85,36,195,159,162,77
2813,img/img_00017441.jpg,upper-body clothes,187,217,217,0,187,0
2814,img/img_00017456.jpg,full-body clothes,155,92,146,54,219,64
2815,img/img_00017467.jpg,upper-body clothes,168,119,252,133,339,171
2816,img/img_00017469.jpg,upper-body clothes,64,130,130,0,64,0
2817,img/img_00017470.jpg,upper-body clothes,103,51,180,129,136,33
2818,img/img_00017475.jpg,upper-body clothes,138,89,144,55,225,87
2819,img/img_00017477.jpg,upper-body clothes,166,110,225,115,307,141
2820,img/img_00017479.jpg,upper-body clothes,231,148,216,68,368,137
2821,img/img_00017492.jpg,lower-body clothes,140,145,223,78,159,19
2822,img/img_00017500.jpg,lower-body clothes,483,96,257,161,496,13
2823,img/img_00017501.jpg,lower-body clothes,319,168,168,0,319,0
2824,img/img_00017515.jpg,upper-body clothes,299,114,251,137,460,161
2825,img/img_00017527.jpg,upper-body clothes,84,118,140,22,158,74
2826,img/img_00017528.jpg,upper-body clothes,345,324,324,0,345,0
2827,img/img_00017534.jpg,upper-body clothes,118,74,150,76,185,67
2828,img/img_00017541.jpg,upper-body clothes,182,125,228,103,298,116
2829,img/img_00017544.jpg,upper-body clothes,111,37,182,145,223,112
2830,img/img_00017549.jpg,upper-body clothes,124,66,226,160,238,114
2831,img/img_00017555.jpg,upper-body clothes,451,339,377,38,503,52
2832,img/img_00017571.jpg,lower-body clothes,158,176,290,114,449,291
2833,img/img_00017576.jpg,lower-body clothes,120,119,251,132,306,186
2834,img/img_00017587.jpg,upper-body clothes,188,33,149,116,266,78
2835,img/img_00017592.jpg,lower-body clothes,112,38,127,89,208,96
2836,img/img_00017597.jpg,lower-body clothes,126,34,103,69,224,98
2837,img/img_00017604.jpg,lower-body clothes,196,91,211,120,383,187
2838,img/img_00017607.jpg,lower-body clothes,330,247,247,0,330,0
2839,img/img_00017611.jpg,lower-body clothes,55,31,105,74,70,15
2840,img/img_00017612.jpg,lower-body clothes,49,69,206,137,198,149
2841,img/img_00017616.jpg,lower-body clothes,102,119,161,42,157,55
2842,img/img_00017635.jpg,upper-body clothes,120,66,186,120,205,85
2843,img/img_00017636.jpg,upper-body clothes,153,70,129,59,234,81
2844,img/img_00017647.jpg,upper-body clothes,132,382,382,0,132,0
2845,img/img_00017654.jpg,upper-body clothes,62,49,200,151,109,47
2846,img/img_00017668.jpg,upper-body clothes,69,55,115,60,136,67
2847,img/img_00017677.jpg,upper-body clothes,182,84,192,108,316,134
2848,img/img_00017687.jpg,full-body clothes,309,188,248,60,438,129
2849,img/img_00017688.jpg,full-body clothes,174,82,164,82,245,71
2850,img/img_00017710.jpg,lower-body clothes,452,42,240,198,480,28
2851,img/img_00017719.jpg,lower-body clothes,191,72,157,85,329,138
2852,img/img_00017720.jpg,lower-body clothes,262,141,255,114,448,186
2853,img/img_00017725.jpg,lower-body clothes,244,60,180,120,459,215
2854,img/img_00017734.jpg,lower-body clothes,70,356,356,0,70,0
2855,img/img_00017747.jpg,upper-body clothes,138,127,208,81,215,77
2856,img/img_00017770.jpg,lower-body clothes,119,160,244,84,447,328
2857,img/img_00017772.jpg,lower-body clothes,84,60,263,203,299,215
2858,img/img_00017780.jpg,lower-body clothes,52,93,206,113,247,195
2859,img/img_00017782.jpg,lower-body clothes,74,81,144,63,292,218
2860,img/img_00017791.jpg,full-body clothes,259,105,230,125,346,87
2861,img/img_00017794.jpg,full-body clothes,373,193,290,97,469,96
2862,img/img_00017803.jpg,full-body clothes,170,93,154,61,226,56
2863,img/img_00017814.jpg,lower-body clothes,106,177,207,30,222,116
2864,img/img_00017821.jpg,lower-body clothes,152,53,192,139,168,16
2865,img/img_00017829.jpg,lower-body clothes,230,83,229,146,448,218
2866,img/img_00017843.jpg,lower-body clothes,286,117,243,126,482,196
2867,img/img_00017844.jpg,lower-body clothes,140,158,248,90,440,300
2868,img/img_00017855.jpg,lower-body clothes,73,94,146,52,259,186
2869,img/img_00017856.jpg,lower-body clothes,84,115,187,72,282,198
2870,img/img_00017857.jpg,lower-body clothes,97,57,158,101,196,99
2871,img/img_00017859.jpg,lower-body clothes,121,160,251,91,401,280
2872,img/img_00017863.jpg,lower-body clothes,116,171,236,65,409,293
2873,img/img_00017866.jpg,lower-body clothes,125,157,233,76,391,266
2874,img/img_00017868.jpg,lower-body clothes,28,43,109,66,138,110
2875,img/img_00017872.jpg,upper-body clothes,222,108,232,124,435,213
2876,img/img_00017873.jpg,upper-body clothes,218,116,233,117,416,198
2877,img/img_00017875.jpg,upper-body clothes,132,55,138,83,206,74
2878,img/img_00017876.jpg,upper-body clothes,275,139,252,113,421,146
2879,img/img_00017878.jpg,lower-body clothes,418,241,311,70,440,22
2880,img/img_00017881.jpg,lower-body clothes,383,159,326,167,401,18
2881,img/img_00017890.jpg,lower-body clothes,479,310,310,0,479,0
2882,img/img_00017900.jpg,upper-body clothes,183,123,170,47,247,64
2883,img/img_00017902.jpg,upper-body clothes,278,32,140,108,399,121
2884,img/img_00017903.jpg,upper-body clothes,132,129,129,0,132,0
2885,img/img_00017925.jpg,upper-body clothes,133,28,115,87,184,51
2886,img/img_00017931.jpg,lower-body clothes,218,78,192,114,342,124
2887,img/img_00017932.jpg,lower-body clothes,137,106,106,0,137,0
2888,img/img_00017939.jpg,lower-body clothes,199,31,192,161,427,228
2889,img/img_00017943.jpg,lower-body clothes,115,126,232,106,271,156
2890,img/img_00017946.jpg,lower-body clothes,260,105,214,109,333,73
2891,img/img_00017948.jpg,lower-body clothes,272,215,299,84,351,79
2892,img/img_00017962.jpg,upper-body clothes,145,155,155,0,145,0
2893,img/img_00017970.jpg,full-body clothes,210,60,169,109,259,49
2894,img/img_00017971.jpg,full-body clothes,379,57,105,48,465,86
2895,img/img_00017976.jpg,full-body clothes,349,64,166,102,420,71
2896,img/img_00017978.jpg,full-body clothes,191,178,178,0,191,0
2897,img/img_00017984.jpg,lower-body clothes,70,108,192,84,98,28
2898,img/img_00017988.jpg,lower-body clothes,245,64,210,146,378,133
2899,img/img_00017989.jpg,lower-body clothes,87,111,240,129,268,181
2900,img/img_00017990.jpg,full-body clothes,228,118,231,113,306,78
2901,img/img_00018009.jpg,full-body clothes,165,58,131,73,218,53
2902,img/img_00018016.jpg,lower-body clothes,219,84,220,136,435,216
2903,img/img_00018017.jpg,lower-body clothes,218,69,204,135,258,40
2904,img/img_00018018.jpg,lower-body clothes,86,39,87,48,203,117
2905,img/img_00018022.jpg,lower-body clothes,328,135,254,119,426,98
2906,img/img_00018029.jpg,lower-body clothes,398,154,245,91,422,24
2907,img/img_00018031.jpg,lower-body clothes,357,157,241,84,429,72
2908,img/img_00018034.jpg,lower-body clothes,231,144,228,84,434,203
2909,img/img_00018050.jpg,full-body clothes,311,173,173,0,311,0
2910,img/img_00018058.jpg,full-body clothes,365,150,263,113,461,96
2911,img/img_00018060.jpg,full-body clothes,303,194,307,113,411,108
2912,img/img_00018077.jpg,upper-body clothes,407,501,501,0,407,0
2913,img/img_00018079.jpg,lower-body clothes,200,78,188,110,246,46
2914,img/img_00018080.jpg,lower-body clothes,235,152,181,29,246,11
2915,img/img_00018084.jpg,lower-body clothes,142,253,253,0,142,0
2916,img/img_00018088.jpg,lower-body clothes,239,104,223,119,290,51
2917,img/img_00018093.jpg,lower-body clothes,265,87,248,161,470,205
2918,img/img_00018102.jpg,full-body clothes,284,80,180,100,370,86
2919,img/img_00018108.jpg,full-body clothes,148,81,114,33,203,55
2920,img/img_00018111.jpg,full-body clothes,298,141,175,34,413,115
2921,img/img_00018112.jpg,full-body clothes,148,77,152,75,202,54
2922,img/img_00018118.jpg,full-body clothes,344,159,256,97,454,110
2923,img/img_00018128.jpg,upper-body clothes,410,235,344,109,443,33
2924,img/img_00018130.jpg,upper-body clothes,147,111,333,222,198,51
2925,img/img_00018134.jpg,upper-body clothes,308,117,161,44,351,43
2926,img/img_00018135.jpg,upper-body clothes,218,136,197,61,226,8
2927,img/img_00018148.jpg,full-body clothes,445,230,230,0,445,0
2928,img/img_00018150.jpg,full-body clothes,302,88,88,0,302,0
2929,img/img_00018169.jpg,upper-body clothes,315,67,121,54,426,111
2930,img/img_00018173.jpg,upper-body clothes,241,169,259,90,380,139
2931,img/img_00018183.jpg,upper-body clothes,237,106,106,0,237,0
2932,img/img_00018188.jpg,upper-body clothes,184,308,308,0,184,0
2933,img/img_00018192.jpg,upper-body clothes,217,207,207,0,217,0
2934,img/img_00018195.jpg,upper-body clothes,161,91,158,67,190,29
2935,img/img_00018200.jpg,lower-body clothes,191,55,177,122,210,19
2936,img/img_00018220.jpg,upper-body clothes,277,190,245,55,299,22
2937,img/img_00018238.jpg,upper-body clothes,256,186,270,84,337,81
2938,img/img_00018245.jpg,upper-body clothes,281,209,260,51,436,155
2939,img/img_00018248.jpg,upper-body clothes,190,205,205,0,190,0
2940,img/img_00018250.jpg,upper-body clothes,97,95,413,318,216,119
2941,img/img_00018251.jpg,upper-body clothes,197,120,323,203,325,128
2942,img/img_00018253.jpg,upper-body clothes,114,42,376,334,216,102
2943,img/img_00018261.jpg,upper-body clothes,142,136,261,125,315,173
2944,img/img_00018264.jpg,upper-body clothes,121,66,66,0,121,0
2945,img/img_00018269.jpg,upper-body clothes,66,86,86,0,66,0
2946,img/img_00018271.jpg,upper-body clothes,65,75,165,90,125,60
2947,img/img_00018272.jpg,upper-body clothes,208,174,174,0,208,0
2948,img/img_00018277.jpg,upper-body clothes,162,200,365,165,357,195
2949,img/img_00018280.jpg,upper-body clothes,503,203,203,0,503,0
2950,img/img_00018281.jpg,upper-body clothes,501,332,332,0,501,0
2951,img/img_00018285.jpg,upper-body clothes,188,93,144,51,273,85
2952,img/img_00018288.jpg,lower-body clothes,137,281,367,86,435,298
2953,img/img_00018302.jpg,lower-body clothes,173,227,338,111,485,312
2954,img/img_00018311.jpg,lower-body clothes,196,129,262,133,479,283
2955,img/img_00018314.jpg,lower-body clothes,125,144,181,37,307,182
2956,img/img_00018318.jpg,upper-body clothes,234,271,271,0,234,0
2957,img/img_00018321.jpg,upper-body clothes,78,207,207,0,78,0
2958,img/img_00018333.jpg,full-body clothes,333,170,276,106,465,132
2959,img/img_00018346.jpg,upper-body clothes,401,234,322,88,418,17
2960,img/img_00018352.jpg,upper-body clothes,270,182,253,71,379,109
2961,img/img_00018355.jpg,upper-body clothes,148,43,110,67,211,63
2962,img/img_00018362.jpg,upper-body clothes,187,254,254,0,187,0
2963,img/img_00018367.jpg,lower-body clothes,310,135,283,148,345,35
2964,img/img_00018368.jpg,lower-body clothes,65,48,124,76,174,109
2965,img/img_00018374.jpg,lower-body clothes,112,79,227,148,307,195
2966,img/img_00018377.jpg,upper-body clothes,152,114,185,71,181,29
2967,img/img_00018380.jpg,upper-body clothes,147,91,198,107,235,88
2968,img/img_00018385.jpg,upper-body clothes,305,217,331,114,465,160
2969,img/img_00018386.jpg,upper-body clothes,147,56,173,117,158,11
2970,img/img_00018396.jpg,lower-body clothes,192,110,129,19,251,59
2971,img/img_00018410.jpg,lower-body clothes,283,120,237,117,370,87
2972,img/img_00018420.jpg,upper-body clothes,99,89,180,91,282,183
2973,img/img_00018424.jpg,upper-body clothes,319,225,275,50,453,134
2974,img/img_00018426.jpg,upper-body clothes,310,200,330,130,443,133
2975,img/img_00018428.jpg,lower-body clothes,405,117,255,138,423,18
2976,img/img_00018431.jpg,lower-body clothes,119,331,331,0,119,0
2977,img/img_00018445.jpg,lower-body clothes,380,288,371,83,416,36
2978,img/img_00018446.jpg,lower-body clothes,445,250,328,78,459,14
2979,img/img_00018459.jpg,lower-body clothes,419,314,420,106,437,18
2980,img/img_00018474.jpg,lower-body clothes,128,106,167,61,135,7
2981,img/img_00018477.jpg,lower-body clothes,134,156,176,20,187,53
2982,img/img_00018483.jpg,upper-body clothes,194,175,175,0,194,0
2983,img/img_00018490.jpg,upper-body clothes,426,246,300,54,457,31
2984,img/img_00018492.jpg,upper-body clothes,278,281,281,0,278,0
2985,img/img_00018494.jpg,full-body clothes,465,244,488,244,487,22
2986,img/img_00018507.jpg,full-body clothes,375,234,299,65,506,131
2987,img/img_00018511.jpg,upper-body clothes,286,186,264,78,403,117
2988,img/img_00018522.jpg,full-body clothes,212,106,258,152,298,86
2989,img/img_00018528.jpg,full-body clothes,317,60,184,124,344,27
2990,img/img_00018533.jpg,full-body clothes,334,485,485,0,334,0
2991,img/img_00018546.jpg,upper-body clothes,213,161,174,13,229,16
2992,img/img_00018547.jpg,upper-body clothes,258,175,175,0,258,0
2993,img/img_00018548.jpg,upper-body clothes,416,239,239,0,416,0
2994,img/img_00018555.jpg,upper-body clothes,322,327,327,0,322,0
2995,img/img_00018560.jpg,lower-body clothes,186,93,281,188,240,54
2996,img/img_00018572.jpg,lower-body clothes,212,93,168,75,224,12
2997,img/img_00018575.jpg,lower-body clothes,188,90,134,44,198,10
2998,img/img_00018579.jpg,full-body clothes,213,85,232,147,294,81
2999,img/img_00018581.jpg,full-body clothes,282,70,161,91,346,64
3000,img/img_00018598.jpg,lower-body clothes,379,251,251,0,379,0
3001,img/img_00018614.jpg,lower-body clothes,491,154,275,121,501,10
3002,img/img_00018617.jpg,lower-body clothes,432,359,359,0,432,0
3003,img/img_00018619.jpg,upper-body clothes,241,170,170,0,241,0
3004,img/img_00018626.jpg,upper-body clothes,466,334,334,0,466,0
3005,img/img_00018629.jpg,upper-body clothes,501,427,427,0,501,0
3006,img/img_00018631.jpg,lower-body clothes,45,407,407,0,45,0
3007,img/img_00018638.jpg,lower-body clothes,190,248,390,142,320,130
3008,img/img_00018639.jpg,lower-body clothes,195,322,327,5,331,136
3009,img/img_00018641.jpg,lower-body clothes,228,119,302,183,344,116
3010,img/img_00018644.jpg,lower-body clothes,206,461,461,0,206,0
3011,img/img_00018651.jpg,lower-body clothes,197,77,180,103,387,190
3012,img/img_00018654.jpg,lower-body clothes,374,149,246,97,420,46
3013,img/img_00018657.jpg,lower-body clothes,218,98,163,65,456,238
3014,img/img_00018658.jpg,lower-body clothes,357,128,251,123,375,18
3015,img/img_00018662.jpg,lower-body clothes,400,156,479,323,425,25
3016,img/img_00018666.jpg,lower-body clothes,504,245,245,0,504,0
3017,img/img_00018670.jpg,lower-body clothes,348,119,230,111,409,61
3018,img/img_00018675.jpg,lower-body clothes,193,146,232,86,482,289
3019,img/img_00018677.jpg,lower-body clothes,122,145,379,234,347,225
3020,img/img_00018680.jpg,lower-body clothes,131,202,282,80,235,104
3021,img/img_00018681.jpg,lower-body clothes,232,19,175,156,280,48
3022,img/img_00018684.jpg,upper-body clothes,309,177,300,123,443,134
3023,img/img_00018685.jpg,upper-body clothes,363,307,355,48,433,70
3024,img/img_00018688.jpg,upper-body clothes,204,136,227,91,279,75
3025,img/img_00018690.jpg,upper-body clothes,437,415,466,51,462,25
3026,img/img_00018692.jpg,upper-body clothes,221,116,197,81,351,130
3027,img/img_00018700.jpg,upper-body clothes,257,129,224,95,375,118
3028,img/img_00018705.jpg,upper-body clothes,267,275,275,0,267,0
3029,img/img_00018715.jpg,lower-body clothes,223,275,317,42,394,171
3030,img/img_00018716.jpg,lower-body clothes,120,36,154,118,168,48
3031,img/img_00018720.jpg,lower-body clothes,49,84,211,127,265,216
3032,img/img_00018732.jpg,full-body clothes,297,170,254,84,400,103
3033,img/img_00018733.jpg,full-body clothes,299,161,234,73,399,100
3034,img/img_00018736.jpg,full-body clothes,202,106,250,144,279,77
3035,img/img_00018738.jpg,full-body clothes,310,137,218,81,409,99
3036,img/img_00018740.jpg,full-body clothes,322,196,261,65,431,109
3037,img/img_00018743.jpg,upper-body clothes,265,176,275,99,391,126
3038,img/img_00018758.jpg,full-body clothes,360,318,318,0,360,0
3039,img/img_00018767.jpg,lower-body clothes,236,94,213,119,430,194
3040,img/img_00018773.jpg,lower-body clothes,168,58,134,76,214,46
3041,img/img_00018774.jpg,lower-body clothes,213,137,188,51,403,190
3042,img/img_00018781.jpg,upper-body clothes,249,39,142,103,398,149
3043,img/img_00018783.jpg,upper-body clothes,280,105,142,37,393,113
3044,img/img_00018785.jpg,upper-body clothes,363,142,273,131,464,101
3045,img/img_00018795.jpg,upper-body clothes,79,55,128,73,155,76
3046,img/img_00018800.jpg,upper-body clothes,153,165,165,0,153,0
3047,img/img_00018813.jpg,upper-body clothes,333,213,322,109,469,136
3048,img/img_00018827.jpg,lower-body clothes,226,76,210,134,428,202
3049,img/img_00018830.jpg,lower-body clothes,326,166,229,63,429,103
3050,img/img_00018845.jpg,lower-body clothes,127,41,112,71,213,86
3051,img/img_00018846.jpg,lower-body clothes,235,81,189,108,447,212
3052,img/img_00018850.jpg,upper-body clothes,144,101,101,0,144,0
3053,img/img_00018854.jpg,lower-body clothes,149,59,148,89,298,149
3054,img/img_00018859.jpg,lower-body clothes,163,53,178,125,265,102
3055,img/img_00018865.jpg,upper-body clothes,110,83,148,65,176,66
3056,img/img_00018867.jpg,upper-body clothes,168,132,463,331,367,199
3057,img/img_00018899.jpg,upper-body clothes,131,223,223,0,131,0
3058,img/img_00018903.jpg,upper-body clothes,129,105,275,170,210,81
3059,img/img_00018905.jpg,upper-body clothes,271,218,303,85,397,126
3060,img/img_00018907.jpg,upper-body clothes,285,222,222,0,285,0
3061,img/img_00018912.jpg,upper-body clothes,168,124,269,145,242,74
3062,img/img_00018927.jpg,upper-body clothes,350,232,315,83,470,120
3063,img/img_00018932.jpg,lower-body clothes,332,118,300,182,427,95
3064,img/img_00018936.jpg,lower-body clothes,264,112,313,201,288,24
3065,img/img_00018946.jpg,lower-body clothes,186,123,144,21,225,39
3066,img/img_00018947.jpg,lower-body clothes,309,176,208,32,367,58
3067,img/img_00018951.jpg,lower-body clothes,417,145,298,153,433,16
3068,img/img_00018956.jpg,lower-body clothes,204,309,309,0,204,0
3069,img/img_00018966.jpg,lower-body clothes,158,91,210,119,374,216
3070,img/img_00018977.jpg,lower-body clothes,377,403,403,0,377,0
3071,img/img_00018981.jpg,lower-body clothes,131,100,240,140,360,229
3072,img/img_00018998.jpg,lower-body clothes,34,63,176,113,161,127
3073,img/img_00019003.jpg,lower-body clothes,199,64,185,121,376,177
3074,img/img_00019005.jpg,lower-body clothes,341,137,240,103,347,6
3075,img/img_00019007.jpg,lower-body clothes,241,150,259,109,422,181
3076,img/img_00019010.jpg,lower-body clothes,260,19,133,114,267,7
3077,img/img_00019032.jpg,upper-body clothes,398,315,315,0,398,0
3078,img/img_00019034.jpg,upper-body clothes,226,44,125,81,327,101
3079,img/img_00019039.jpg,upper-body clothes,314,162,247,85,484,170
3080,img/img_00019048.jpg,upper-body clothes,53,65,225,160,101,48
3081,img/img_00019050.jpg,upper-body clothes,156,142,205,63,266,110
3082,img/img_00019060.jpg,upper-body clothes,194,82,262,180,372,178
3083,img/img_00019066.jpg,upper-body clothes,115,84,215,131,201,86
3084,img/img_00019078.jpg,upper-body clothes,120,115,115,0,120,0
3085,img/img_00019088.jpg,full-body clothes,313,59,225,166,434,121
3086,img/img_00019099.jpg,full-body clothes,370,170,232,62,493,123
3087,img/img_00019112.jpg,full-body clothes,425,307,307,0,425,0
3088,img/img_00019125.jpg,full-body clothes,422,72,202,130,504,82
3089,img/img_00019133.jpg,full-body clothes,336,201,283,82,461,125
3090,img/img_00019140.jpg,full-body clothes,190,111,205,94,267,77
3091,img/img_00019143.jpg,full-body clothes,235,121,232,111,321,86
3092,img/img_00019148.jpg,full-body clothes,304,48,187,139,438,134
3093,img/img_00019176.jpg,full-body clothes,114,72,205,133,164,50
3094,img/img_00019192.jpg,full-body clothes,345,177,177,0,345,0
3095,img/img_00019195.jpg,full-body clothes,368,61,99,38,457,89
3096,img/img_00019197.jpg,full-body clothes,140,194,194,0,140,0
3097,img/img_00019207.jpg,full-body clothes,299,115,215,100,372,73
3098,img/img_00019211.jpg,full-body clothes,269,80,167,87,363,94
3099,img/img_00019213.jpg,full-body clothes,111,30,86,56,147,36
3100,img/img_00019214.jpg,full-body clothes,200,98,208,110,287,87
3101,img/img_00019222.jpg,full-body clothes,194,60,183,123,251,57
3102,img/img_00019226.jpg,lower-body clothes,114,153,249,96,395,281
3103,img/img_00019235.jpg,lower-body clothes,92,120,202,82,306,214
3104,img/img_00019236.jpg,lower-body clothes,105,111,211,100,274,169
3105,img/img_00019240.jpg,lower-body clothes,93,111,173,62,294,201
3106,img/img_00019243.jpg,lower-body clothes,147,175,269,94,438,291
3107,img/img_00019251.jpg,lower-body clothes,142,168,250,82,444,302
3108,img/img_00019264.jpg,upper-body clothes,232,44,218,174,332,100
3109,img/img_00019266.jpg,upper-body clothes,261,83,188,105,400,139
3110,img/img_00019269.jpg,upper-body clothes,277,128,268,140,429,152
3111,img/img_00019274.jpg,upper-body clothes,178,147,248,101,265,87
3112,img/img_00019276.jpg,full-body clothes,334,91,217,126,437,103
3113,img/img_00019284.jpg,full-body clothes,336,163,258,95,457,121
3114,img/img_00019289.jpg,full-body clothes,227,94,236,142,317,90
3115,img/img_00019291.jpg,full-body clothes,244,165,233,68,369,125
3116,img/img_00019299.jpg,full-body clothes,210,98,315,217,293,83
3117,img/img_00019303.jpg,full-body clothes,387,130,177,47,485,98
3118,img/img_00019305.jpg,full-body clothes,390,141,186,45,494,104
3119,img/img_00019316.jpg,full-body clothes,317,145,168,23,433,116
3120,img/img_00019331.jpg,full-body clothes,391,68,230,162,464,73
3121,img/img_00019334.jpg,full-body clothes,160,32,118,86,208,48
3122,img/img_00019343.jpg,full-body clothes,487,225,225,0,487,0
3123,img/img_00019344.jpg,full-body clothes,319,99,212,113,440,121
3124,img/img_00019348.jpg,full-body clothes,396,63,236,173,469,73
3125,img/img_00019363.jpg,upper-body clothes,278,239,239,0,278,0
3126,img/img_00019371.jpg,full-body clothes,357,355,355,0,357,0
3127,img/img_00019380.jpg,full-body clothes,320,213,213,0,320,0
3128,img/img_00019384.jpg,full-body clothes,333,142,236,94,461,128
3129,img/img_00019388.jpg,full-body clothes,292,56,225,169,357,65
3130,img/img_00019393.jpg,full-body clothes,358,155,245,90,467,109
3131,img/img_00019403.jpg,full-body clothes,349,137,227,90,453,104
3132,img/img_00019412.jpg,upper-body clothes,45,110,110,0,45,0
3133,img/img_00019416.jpg,upper-body clothes,230,127,241,114,275,45
3134,img/img_00019430.jpg,upper-body clothes,266,308,308,0,266,0
3135,img/img_00019433.jpg,upper-body clothes,91,259,259,0,91,0
3136,img/img_00019443.jpg,upper-body clothes,127,62,134,72,193,66
3137,img/img_00019444.jpg,upper-body clothes,155,132,244,112,278,123
3138,img/img_00019445.jpg,upper-body clothes,125,220,220,0,125,0
3139,img/img_00019449.jpg,upper-body clothes,117,62,128,66,181,64
3140,img/img_00019452.jpg,upper-body clothes,128,122,178,56,198,70
3141,img/img_00019455.jpg,upper-body clothes,292,380,380,0,292,0
3142,img/img_00019456.jpg,upper-body clothes,276,234,234,0,276,0
3143,img/img_00019459.jpg,upper-body clothes,37,254,254,0,37,0
3144,img/img_00019464.jpg,upper-body clothes,300,159,246,87,369,69
3145,img/img_00019475.jpg,upper-body clothes,285,158,231,73,292,7
3146,img/img_00019480.jpg,full-body clothes,255,77,172,95,312,57
3147,img/img_00019481.jpg,full-body clothes,297,91,245,154,382,85
3148,img/img_00019494.jpg,full-body clothes,228,42,122,80,296,68
3149,img/img_00019495.jpg,full-body clothes,411,69,230,161,488,77
3150,img/img_00019504.jpg,upper-body clothes,266,111,160,49,271,5
3151,img/img_00019506.jpg,upper-body clothes,337,115,249,134,430,93
3152,img/img_00019508.jpg,upper-body clothes,165,113,187,74,293,128
3153,img/img_00019516.jpg,upper-body clothes,289,123,211,88,423,134
3154,img/img_00019523.jpg,upper-body clothes,37,239,239,0,37,0
3155,img/img_00019529.jpg,upper-body clothes,254,191,273,82,403,149
3156,img/img_00019540.jpg,full-body clothes,382,85,202,117,485,103
3157,img/img_00019544.jpg,full-body clothes,411,208,225,17,496,85
3158,img/img_00019545.jpg,full-body clothes,358,110,247,137,476,118
3159,img/img_00019553.jpg,full-body clothes,330,161,235,74,456,126
3160,img/img_00019572.jpg,full-body clothes,501,259,259,0,501,0
3161,img/img_00019575.jpg,full-body clothes,320,197,278,81,449,129
3162,img/img_00019583.jpg,full-body clothes,284,142,247,105,408,124
3163,img/img_00019585.jpg,full-body clothes,265,167,286,119,450,185
3164,img/img_00019586.jpg,full-body clothes,336,66,193,127,449,113
3165,img/img_00019588.jpg,full-body clothes,103,60,182,122,156,53
3166,img/img_00019598.jpg,full-body clothes,333,115,203,88,450,117
3167,img/img_00019599.jpg,upper-body clothes,161,137,267,130,201,40
3168,img/img_00019601.jpg,upper-body clothes,109,77,197,120,182,73
3169,img/img_00019603.jpg,upper-body clothes,228,333,333,0,228,0
3170,img/img_00019611.jpg,full-body clothes,122,69,133,64,171,49
3171,img/img_00019625.jpg,full-body clothes,165,74,179,105,216,51
3172,img/img_00019630.jpg,upper-body clothes,314,104,162,58,328,14
3173,img/img_00019637.jpg,lower-body clothes,119,164,189,25,177,58
3174,img/img_00019648.jpg,lower-body clothes,179,189,288,99,206,27
3175,img/img_00019652.jpg,lower-body clothes,77,92,276,184,321,244
3176,img/img_00019658.jpg,lower-body clothes,129,156,229,73,200,71
3177,img/img_00019659.jpg,lower-body clothes,166,181,291,110,212,46
3178,img/img_00019664.jpg,upper-body clothes,425,81,255,174,442,17
3179,img/img_00019666.jpg,upper-body clothes,132,105,201,96,226,94
3180,img/img_00019669.jpg,upper-body clothes,143,93,147,54,203,60
3181,img/img_00019674.jpg,upper-body clothes,116,55,231,176,224,108
3182,img/img_00019680.jpg,upper-body clothes,86,74,213,139,184,98
3183,img/img_00019689.jpg,upper-body clothes,294,169,332,163,344,50
3184,img/img_00019690.jpg,upper-body clothes,228,118,225,107,363,135
3185,img/img_00019696.jpg,upper-body clothes,247,84,210,126,375,128
3186,img/img_00019698.jpg,upper-body clothes,148,110,215,105,248,100
3187,img/img_00019699.jpg,upper-body clothes,214,159,270,111,396,182
3188,img/img_00019700.jpg,upper-body clothes,299,208,208,0,299,0
3189,img/img_00019717.jpg,upper-body clothes,257,133,247,114,417,160
3190,img/img_00019720.jpg,upper-body clothes,145,95,169,74,182,37
3191,img/img_00019727.jpg,upper-body clothes,169,116,239,123,326,157
3192,img/img_00019743.jpg,upper-body clothes,185,153,238,85,333,148
3193,img/img_00019754.jpg,lower-body clothes,118,178,251,73,417,299
3194,img/img_00019755.jpg,lower-body clothes,62,71,141,70,77,15
3195,img/img_00019759.jpg,upper-body clothes,206,174,309,135,331,125
3196,img/img_00019762.jpg,upper-body clothes,265,234,234,0,265,0
3197,img/img_00019794.jpg,lower-body clothes,136,145,204,59,453,317
3198,img/img_00019796.jpg,lower-body clothes,68,87,128,41,80,12
3199,img/img_00019800.jpg,lower-body clothes,84,112,156,44,88,4
3200,img/img_00019801.jpg,lower-body clothes,76,72,134,62,128,52
3201,img/img_00019803.jpg,lower-body clothes,125,156,219,63,415,290
3202,img/img_00019807.jpg,lower-body clothes,159,161,233,72,181,22
3203,img/img_00019818.jpg,lower-body clothes,98,83,141,58,126,28
3204,img/img_00019827.jpg,full-body clothes,290,105,224,119,377,87
3205,img/img_00019835.jpg,full-body clothes,221,107,177,70,305,84
3206,img/img_00019839.jpg,full-body clothes,237,94,168,74,299,62
3207,img/img_00019847.jpg,upper-body clothes,396,360,360,0,396,0
3208,img/img_00019849.jpg,upper-body clothes,337,194,378,184,462,125
3209,img/img_00019855.jpg,lower-body clothes,199,176,224,48,476,277
3210,img/img_00019859.jpg,lower-body clothes,214,78,244,166,432,218
3211,img/img_00019864.jpg,lower-body clothes,122,35,123,88,215,93
3212,img/img_00019873.jpg,upper-body clothes,304,123,254,131,440,136
3213,img/img_00019888.jpg,lower-body clothes,224,144,377,233,276,52
3214,img/img_00019906.jpg,lower-body clothes,397,128,269,141,440,43
3215,img/img_00019907.jpg,lower-body clothes,380,287,310,23,450,70
3216,img/img_00019915.jpg,lower-body clothes,365,155,457,302,423,58
3217,img/img_00019916.jpg,lower-body clothes,176,119,313,194,486,310
3218,img/img_00019917.jpg,full-body clothes,362,332,332,0,362,0
3219,img/img_00019923.jpg,full-body clothes,296,253,253,0,296,0
3220,img/img_00019927.jpg,full-body clothes,346,141,233,92,473,127
3221,img/img_00019930.jpg,full-body clothes,269,105,197,92,358,89
3222,img/img_00019931.jpg,full-body clothes,236,100,305,205,318,82
3223,img/img_00019958.jpg,full-body clothes,419,359,359,0,419,0
3224,img/img_00019960.jpg,full-body clothes,392,61,160,99,497,105
3225,img/img_00019961.jpg,full-body clothes,382,58,214,156,481,99
3226,img/img_00019971.jpg,full-body clothes,476,192,192,0,476,0
3227,img/img_00019982.jpg,upper-body clothes,225,111,136,25,315,90
3228,img/img_00019983.jpg,upper-body clothes,238,131,230,99,339,101
3229,img/img_00020003.jpg,upper-body clothes,269,190,259,69,444,175
3230,img/img_00020004.jpg,upper-body clothes,151,96,137,41,229,78
3231,img/img_00020006.jpg,upper-body clothes,120,163,163,0,120,0
3232,img/img_00020011.jpg,upper-body clothes,92,57,126,69,139,47
3233,img/img_00020012.jpg,upper-body clothes,313,120,218,98,446,133
3234,img/img_00020018.jpg,upper-body clothes,174,98,217,119,290,116
3235,img/img_00020038.jpg,full-body clothes,365,163,251,88,492,127
3236,img/img_00020052.jpg,upper-body clothes,172,92,171,79,252,80
3237,img/img_00020060.jpg,full-body clothes,317,144,239,95,456,139
3238,img/img_00020080.jpg,lower-body clothes,167,139,139,0,167,0
3239,img/img_00020084.jpg,lower-body clothes,93,87,230,143,276,183
3240,img/img_00020086.jpg,lower-body clothes,138,100,230,130,375,237
3241,img/img_00020094.jpg,lower-body clothes,257,99,453,354,440,183
3242,img/img_00020100.jpg,lower-body clothes,209,110,248,138,417,208
3243,img/img_00020102.jpg,lower-body clothes,211,80,151,71,411,200
3244,img/img_00020121.jpg,lower-body clothes,79,105,254,149,264,185
3245,img/img_00020123.jpg,lower-body clothes,73,81,171,90,304,231
3246,img/img_00020132.jpg,upper-body clothes,185,99,173,74,229,44
3247,img/img_00020138.jpg,lower-body clothes,161,18,203,185,379,218
3248,img/img_00020139.jpg,lower-body clothes,374,155,240,85,409,35
3249,img/img_00020150.jpg,lower-body clothes,226,89,271,182,423,197
3250,img/img_00020153.jpg,lower-body clothes,424,34,173,139,468,44
3251,img/img_00020165.jpg,full-body clothes,235,38,163,125,322,87
3252,img/img_00020177.jpg,full-body clothes,291,273,273,0,291,0
3253,img/img_00020178.jpg,full-body clothes,247,103,305,202,327,80
3254,img/img_00020179.jpg,full-body clothes,106,175,175,0,106,0
3255,img/img_00020188.jpg,upper-body clothes,308,209,309,100,362,54
3256,img/img_00020195.jpg,upper-body clothes,185,164,182,18,230,45
3257,img/img_00020198.jpg,full-body clothes,296,112,217,105,418,122
3258,img/img_00020203.jpg,full-body clothes,259,100,218,118,418,159
3259,img/img_00020204.jpg,full-body clothes,222,116,241,125,310,88
3260,img/img_00020205.jpg,full-body clothes,249,176,194,18,412,163
3261,img/img_00020206.jpg,full-body clothes,197,105,202,97,331,134
3262,img/img_00020208.jpg,upper-body clothes,324,164,205,41,478,154
3263,img/img_00020212.jpg,upper-body clothes,114,82,400,318,257,143
3264,img/img_00020219.jpg,full-body clothes,364,89,225,136,478,114
3265,img/img_00020239.jpg,upper-body clothes,68,99,182,83,173,105
3266,img/img_00020248.jpg,upper-body clothes,143,71,121,50,220,77
3267,img/img_00020252.jpg,upper-body clothes,483,167,324,157,495,12
3268,img/img_00020253.jpg,full-body clothes,311,217,217,0,311,0
3269,img/img_00020256.jpg,full-body clothes,206,266,266,0,206,0
3270,img/img_00020261.jpg,full-body clothes,203,52,151,99,266,63
3271,img/img_00020270.jpg,full-body clothes,314,139,235,96,433,119
3272,img/img_00020274.jpg,full-body clothes,133,45,141,96,183,50
3273,img/img_00020283.jpg,upper-body clothes,158,88,200,112,246,88
3274,img/img_00020285.jpg,upper-body clothes,285,141,206,65,391,106
3275,img/img_00020295.jpg,upper-body clothes,316,86,462,376,475,159
3276,img/img_00020296.jpg,upper-body clothes,273,289,289,0,273,0
3277,img/img_00020305.jpg,lower-body clothes,187,61,225,164,414,227
3278,img/img_00020316.jpg,lower-body clothes,189,68,140,72,331,142
3279,img/img_00020344.jpg,full-body clothes,150,64,178,114,156,6
3280,img/img_00020371.jpg,upper-body clothes,267,291,291,0,267,0
3281,img/img_00020373.jpg,upper-body clothes,250,218,373,155,423,173
3282,img/img_00020390.jpg,upper-body clothes,171,171,171,0,171,0
3283,img/img_00020394.jpg,upper-body clothes,154,91,138,47,227,73
3284,img/img_00020397.jpg,upper-body clothes,312,75,220,145,487,175
3285,img/img_00020406.jpg,lower-body clothes,100,87,215,128,274,174
3286,img/img_00020412.jpg,lower-body clothes,88,76,213,137,301,213
3287,img/img_00020413.jpg,lower-body clothes,146,80,191,111,285,139
3288,img/img_00020414.jpg,lower-body clothes,230,103,170,67,413,183
3289,img/img_00020416.jpg,full-body clothes,351,107,244,137,451,100
3290,img/img_00020420.jpg,full-body clothes,378,25,184,159,463,85
3291,img/img_00020428.jpg,full-body clothes,345,50,207,157,457,112
3292,img/img_00020430.jpg,full-body clothes,184,66,128,62,231,47
3293,img/img_00020433.jpg,full-body clothes,320,480,480,0,320,0
3294,img/img_00020440.jpg,full-body clothes,120,57,90,33,172,52
3295,img/img_00020443.jpg,full-body clothes,240,102,162,60,365,125
3296,img/img_00020450.jpg,upper-body clothes,304,262,262,0,304,0
3297,img/img_00020451.jpg,upper-body clothes,301,170,253,83,426,125
3298,img/img_00020456.jpg,upper-body clothes,133,87,498,411,388,255
3299,img/img_00020461.jpg,upper-body clothes,147,103,161,58,215,68
3300,img/img_00020462.jpg,upper-body clothes,130,83,144,61,197,67
3301,img/img_00020464.jpg,full-body clothes,167,124,124,0,167,0
3302,img/img_00020465.jpg,full-body clothes,222,165,199,34,316,94
3303,img/img_00020473.jpg,upper-body clothes,357,205,272,67,416,59
3304,img/img_00020474.jpg,upper-body clothes,458,193,193,0,458,0
3305,img/img_00020478.jpg,upper-body clothes,503,284,284,0,503,0
3306,img/img_00020479.jpg,upper-body clothes,146,85,85,0,146,0
3307,img/img_00020480.jpg,upper-body clothes,127,87,176,89,187,60
3308,img/img_00020494.jpg,full-body clothes,176,104,264,160,254,78
3309,img/img_00020497.jpg,full-body clothes,192,42,116,74,234,42
3310,img/img_00020500.jpg,full-body clothes,158,76,162,86,211,53
3311,img/img_00020512.jpg,upper-body clothes,489,249,249,0,489,0
3312,img/img_00020525.jpg,upper-body clothes,281,113,113,0,281,0
3313,img/img_00020534.jpg,upper-body clothes,328,423,423,0,328,0
3314,img/img_00020535.jpg,upper-body clothes,403,310,310,0,403,0
3315,img/img_00020546.jpg,upper-body clothes,254,140,212,72,376,122
3316,img/img_00020548.jpg,upper-body clothes,331,190,303,113,477,146
3317,img/img_00020553.jpg,full-body clothes,356,130,226,96,442,86
3318,img/img_00020555.jpg,full-body clothes,363,134,244,110,466,103
3319,img/img_00020556.jpg,full-body clothes,234,65,151,86,275,41
3320,img/img_00020561.jpg,full-body clothes,198,54,136,82,245,47
3321,img/img_00020568.jpg,full-body clothes,272,228,228,0,272,0
3322,img/img_00020576.jpg,full-body clothes,319,93,173,80,430,111
3323,img/img_00020582.jpg,full-body clothes,246,127,143,16,335,89
3324,img/img_00020585.jpg,full-body clothes,203,76,195,119,273,70
3325,img/img_00020594.jpg,full-body clothes,315,132,225,93,452,137
3326,img/img_00020602.jpg,full-body clothes,266,207,285,78,457,191
3327,img/img_00020607.jpg,full-body clothes,358,101,231,130,442,84
3328,img/img_00020612.jpg,full-body clothes,376,62,179,117,461,85
3329,img/img_00020618.jpg,full-body clothes,324,77,204,127,387,63
3330,img/img_00020620.jpg,full-body clothes,206,66,137,71,253,47
3331,img/img_00020621.jpg,full-body clothes,119,73,143,70,169,50
3332,img/img_00020626.jpg,full-body clothes,236,77,154,77,292,56
3333,img/img_00020632.jpg,full-body clothes,358,76,208,132,451,93
3334,img/img_00020633.jpg,full-body clothes,318,109,231,122,416,98
3335,img/img_00020635.jpg,full-body clothes,381,108,222,114,467,86
3336,img/img_00020636.jpg,full-body clothes,376,159,247,88,470,94
3337,img/img_00020638.jpg,full-body clothes,142,61,123,62,180,38
3338,img/img_00020650.jpg,full-body clothes,214,79,138,59,305,91
3339,img/img_00020651.jpg,full-body clothes,192,116,247,131,280,88
3340,img/img_00020655.jpg,full-body clothes,178,181,243,62,271,93
3341,img/img_00020661.jpg,full-body clothes,82,104,104,0,82,0
3342,img/img_00020662.jpg,full-body clothes,375,153,217,64,506,131
3343,img/img_00020669.jpg,full-body clothes,345,134,209,75,493,148
3344,img/img_00020672.jpg,full-body clothes,179,79,187,108,317,138
3345,img/img_00020675.jpg,full-body clothes,379,158,296,138,503,124
3346,img/img_00020678.jpg,full-body clothes,289,153,227,74,291,2
3347,img/img_00020692.jpg,upper-body clothes,328,147,170,23,435,107
3348,img/img_00020700.jpg,upper-body clothes,346,211,255,44,461,115
3349,img/img_00020702.jpg,upper-body clothes,299,203,252,49,438,139
3350,img/img_00020709.jpg,upper-body clothes,273,159,317,158,390,117
3351,img/img_00020711.jpg,upper-body clothes,86,66,158,92,122,36
3352,img/img_00020733.jpg,full-body clothes,387,82,147,65,481,94
3353,img/img_00020740.jpg,full-body clothes,412,180,333,153,485,73
3354,img/img_00020747.jpg,upper-body clothes,181,148,231,83,276,95
3355,img/img_00020749.jpg,upper-body clothes,324,207,281,74,502,178
3356,img/img_00020750.jpg,upper-body clothes,109,81,114,33,231,122
3357,img/img_00020757.jpg,upper-body clothes,220,167,254,87,306,86
3358,img/img_00020761.jpg,lower-body clothes,229,104,207,103,242,13
3359,img/img_00020767.jpg,lower-body clothes,262,76,424,348,468,206
3360,img/img_00020777.jpg,upper-body clothes,142,122,275,153,254,112
3361,img/img_00020784.jpg,upper-body clothes,69,60,193,133,187,118
3362,img/img_00020786.jpg,upper-body clothes,124,74,152,78,196,72
3363,img/img_00020796.jpg,full-body clothes,477,161,161,0,477,0
3364,img/img_00020799.jpg,full-body clothes,446,247,350,103,457,11
3365,img/img_00020804.jpg,upper-body clothes,58,209,209,0,58,0
3366,img/img_00020812.jpg,upper-body clothes,265,179,263,84,413,148
3367,img/img_00020817.jpg,full-body clothes,424,340,340,0,424,0
3368,img/img_00020821.jpg,upper-body clothes,242,236,236,0,242,0
3369,img/img_00020824.jpg,upper-body clothes,442,169,238,69,486,44
3370,img/img_00020828.jpg,upper-body clothes,127,55,176,121,148,21
3371,img/img_00020833.jpg,upper-body clothes,372,296,395,99,414,42
3372,img/img_00020834.jpg,upper-body clothes,373,299,320,21,432,59
3373,img/img_00020835.jpg,upper-body clothes,343,284,284,0,343,0
3374,img/img_00020844.jpg,full-body clothes,214,222,222,0,214,0
3375,img/img_00020849.jpg,full-body clothes,330,281,281,0,330,0
3376,img/img_00020856.jpg,full-body clothes,276,69,389,320,352,76
3377,img/img_00020858.jpg,upper-body clothes,170,48,138,90,220,50
3378,img/img_00020861.jpg,upper-body clothes,287,149,156,7,376,89
3379,img/img_00020871.jpg,upper-body clothes,217,83,188,105,278,61
3380,img/img_00020880.jpg,upper-body clothes,310,95,216,121,426,116
3381,img/img_00020883.jpg,full-body clothes,482,189,189,0,482,0
3382,img/img_00020901.jpg,full-body clothes,455,212,212,0,455,0
3383,img/img_00020904.jpg,upper-body clothes,292,139,260,121,433,141
3384,img/img_00020910.jpg,upper-body clothes,510,244,244,0,510,0
3385,img/img_00020919.jpg,upper-body clothes,434,312,312,0,434,0
3386,img/img_00020922.jpg,upper-body clothes,291,108,228,120,432,141
3387,img/img_00020923.jpg,upper-body clothes,414,175,250,75,440,26
3388,img/img_00020930.jpg,upper-body clothes,439,234,293,59,479,40
3389,img/img_00020932.jpg,upper-body clothes,286,208,320,112,415,129
3390,img/img_00020938.jpg,upper-body clothes,338,210,280,70,386,48
3391,img/img_00020948.jpg,full-body clothes,244,116,280,164,480,236
3392,img/img_00020954.jpg,full-body clothes,297,169,270,101,447,150
3393,img/img_00020963.jpg,full-body clothes,295,329,329,0,295,0
3394,img/img_00020965.jpg,full-body clothes,128,182,182,0,128,0
3395,img/img_00020967.jpg,upper-body clothes,155,90,209,119,292,137
3396,img/img_00020971.jpg,upper-body clothes,155,78,229,151,336,181
3397,img/img_00020972.jpg,upper-body clothes,125,223,223,0,125,0
3398,img/img_00020973.jpg,upper-body clothes,275,239,239,0,275,0
3399,img/img_00020982.jpg,full-body clothes,351,202,298,96,488,137
3400,img/img_00021009.jpg,full-body clothes,232,82,183,101,353,121
3401,img/img_00021012.jpg,full-body clothes,327,76,205,129,436,109
3402,img/img_00021019.jpg,full-body clothes,493,301,301,0,493,0
3403,img/img_00021020.jpg,full-body clothes,327,199,269,70,464,137
3404,img/img_00021031.jpg,upper-body clothes,194,110,212,102,217,23
3405,img/img_00021032.jpg,upper-body clothes,274,195,274,79,400,126
3406,img/img_00021039.jpg,upper-body clothes,264,84,102,18,400,136
3407,img/img_00021045.jpg,upper-body clothes,500,182,182,0,500,0
3408,img/img_00021051.jpg,upper-body clothes,300,264,408,144,425,125
3409,img/img_00021057.jpg,upper-body clothes,293,160,191,31,343,50
3410,img/img_00021061.jpg,upper-body clothes,467,397,397,0,467,0
3411,img/img_00021064.jpg,upper-body clothes,196,393,393,0,196,0
3412,img/img_00021065.jpg,upper-body clothes,268,166,252,86,327,59
3413,img/img_00021067.jpg,upper-body clothes,307,139,227,88,462,155
3414,img/img_00021069.jpg,upper-body clothes,330,186,186,0,330,0
3415,img/img_00021070.jpg,upper-body clothes,267,99,249,150,399,132
3416,img/img_00021075.jpg,full-body clothes,215,181,181,0,215,0
3417,img/img_00021080.jpg,full-body clothes,130,282,282,0,130,0
3418,img/img_00021105.jpg,upper-body clothes,255,191,275,84,425,170
3419,img/img_00021115.jpg,upper-body clothes,254,36,153,117,343,89
3420,img/img_00021118.jpg,upper-body clothes,146,104,170,66,250,104
3421,img/img_00021123.jpg,upper-body clothes,266,79,171,92,374,108
3422,img/img_00021128.jpg,upper-body clothes,168,51,143,92,223,55
3423,img/img_00021129.jpg,upper-body clothes,352,59,168,109,483,131
3424,img/img_00021133.jpg,upper-body clothes,418,238,304,66,452,34
3425,img/img_00021139.jpg,full-body clothes,380,97,276,179,461,81
3426,img/img_00021140.jpg,full-body clothes,247,58,176,118,283,36
3427,img/img_00021141.jpg,full-body clothes,275,211,211,0,275,0
3428,img/img_00021142.jpg,full-body clothes,361,75,211,136,459,98
3429,img/img_00021165.jpg,full-body clothes,169,118,146,28,227,58
3430,img/img_00021167.jpg,full-body clothes,178,104,215,111,264,86
3431,img/img_00021170.jpg,full-body clothes,335,201,261,60,406,71
3432,img/img_00021171.jpg,full-body clothes,270,181,279,98,351,81
3433,img/img_00021177.jpg,upper-body clothes,192,53,162,109,256,64
3434,img/img_00021178.jpg,upper-body clothes,113,68,131,63,183,70
3435,img/img_00021186.jpg,full-body clothes,339,149,168,19,448,109
3436,img/img_00021198.jpg,upper-body clothes,272,323,323,0,272,0
3437,img/img_00021207.jpg,upper-body clothes,233,134,241,107,295,62
3438,img/img_00021208.jpg,upper-body clothes,338,86,279,193,450,112
3439,img/img_00021209.jpg,upper-body clothes,148,91,156,65,221,73
3440,img/img_00021213.jpg,upper-body clothes,135,95,240,145,217,82
3441,img/img_00021215.jpg,upper-body clothes,47,175,175,0,47,0
3442,img/img_00021233.jpg,full-body clothes,317,201,362,161,462,145
3443,img/img_00021235.jpg,full-body clothes,435,186,336,150,505,70
3444,img/img_00021251.jpg,full-body clothes,499,265,265,0,499,0
3445,img/img_00021254.jpg,upper-body clothes,200,236,236,0,200,0
3446,img/img_00021255.jpg,upper-body clothes,121,33,173,140,163,42
3447,img/img_00021257.jpg,upper-body clothes,153,86,130,44,244,91
3448,img/img_00021263.jpg,upper-body clothes,283,43,149,106,389,106
3449,img/img_00021266.jpg,upper-body clothes,210,115,240,125,330,120
3450,img/img_00021267.jpg,upper-body clothes,145,74,148,74,223,78
3451,img/img_00021272.jpg,upper-body clothes,250,70,247,177,381,131
3452,img/img_00021284.jpg,upper-body clothes,251,64,190,126,361,110
3453,img/img_00021289.jpg,upper-body clothes,140,116,164,48,222,82
3454,img/img_00021305.jpg,upper-body clothes,353,329,329,0,353,0
3455,img/img_00021309.jpg,upper-body clothes,442,247,373,126,494,52
3456,img/img_00021310.jpg,upper-body clothes,198,132,268,136,280,82
3457,img/img_00021312.jpg,upper-body clothes,117,122,122,0,117,0
3458,img/img_00021313.jpg,upper-body clothes,168,84,227,143,244,76
3459,img/img_00021316.jpg,upper-body clothes,104,81,97,16,184,80
3460,img/img_00021318.jpg,upper-body clothes,158,157,200,43,174,16
3461,img/img_00021319.jpg,upper-body clothes,323,124,295,171,470,147
3462,img/img_00021324.jpg,upper-body clothes,457,222,327,105,487,30
3463,img/img_00021326.jpg,upper-body clothes,160,35,91,56,229,69
3464,img/img_00021331.jpg,upper-body clothes,129,50,121,71,215,86
3465,img/img_00021334.jpg,upper-body clothes,203,102,221,119,257,54
3466,img/img_00021354.jpg,upper-body clothes,202,55,178,123,276,74
3467,img/img_00021369.jpg,upper-body clothes,164,118,232,114,273,109
3468,img/img_00021372.jpg,upper-body clothes,320,173,271,98,457,137
3469,img/img_00021384.jpg,upper-body clothes,136,105,129,24,212,76
3470,img/img_00021391.jpg,upper-body clothes,65,217,217,0,65,0
3471,img/img_00021392.jpg,upper-body clothes,494,235,235,0,494,0
3472,img/img_00021394.jpg,upper-body clothes,132,98,351,253,217,85
3473,img/img_00021410.jpg,upper-body clothes,127,171,171,0,127,0
3474,img/img_00021421.jpg,upper-body clothes,202,101,212,111,276,74
3475,img/img_00021436.jpg,upper-body clothes,70,112,112,0,70,0
3476,img/img_00021437.jpg,upper-body clothes,159,293,293,0,159,0
3477,img/img_00021446.jpg,lower-body clothes,168,59,212,153,453,285
3478,img/img_00021469.jpg,lower-body clothes,45,99,161,62,74,29
3479,img/img_00021473.jpg,lower-body clothes,63,92,165,73,82,19
3480,img/img_00021474.jpg,lower-body clothes,46,97,170,73,71,25
3481,img/img_00021476.jpg,lower-body clothes,64,151,225,74,145,81
3482,img/img_00021478.jpg,lower-body clothes,198,73,202,129,306,108
3483,img/img_00021480.jpg,lower-body clothes,122,107,217,110,449,327
3484,img/img_00021481.jpg,lower-body clothes,252,151,151,0,252,0
3485,img/img_00021489.jpg,full-body clothes,209,240,240,0,209,0
3486,img/img_00021491.jpg,full-body clothes,307,167,214,47,428,121
3487,img/img_00021492.jpg,full-body clothes,197,104,205,101,273,76
3488,img/img_00021501.jpg,lower-body clothes,99,149,171,22,158,59
3489,img/img_00021503.jpg,lower-body clothes,44,68,116,48,180,136
3490,img/img_00021505.jpg,lower-body clothes,64,100,201,101,262,198
3491,img/img_00021511.jpg,lower-body clothes,67,98,173,75,238,171
3492,img/img_00021516.jpg,lower-body clothes,46,79,149,70,50,4
3493,img/img_00021532.jpg,lower-body clothes,203,128,253,125,402,199
3494,img/img_00021544.jpg,upper-body clothes,140,63,118,55,227,87
3495,img/img_00021557.jpg,upper-body clothes,221,31,170,139,341,120
3496,img/img_00021569.jpg,upper-body clothes,103,74,124,50,190,87
3497,img/img_00021574.jpg,upper-body clothes,141,222,222,0,141,0
3498,img/img_00021575.jpg,upper-body clothes,250,100,193,93,330,80
3499,img/img_00021577.jpg,upper-body clothes,149,131,280,149,262,113
3500,img/img_00021578.jpg,upper-body clothes,103,80,139,59,175,72
3501,img/img_00021581.jpg,upper-body clothes,265,175,228,53,418,153
3502,img/img_00021599.jpg,upper-body clothes,354,172,288,116,404,50
3503,img/img_00021615.jpg,upper-body clothes,263,320,320,0,263,0
3504,img/img_00021627.jpg,lower-body clothes,240,97,198,101,461,221
3505,img/img_00021634.jpg,lower-body clothes,120,59,138,79,262,142
3506,img/img_00021646.jpg,lower-body clothes,152,62,199,137,395,243
3507,img/img_00021647.jpg,lower-body clothes,160,87,137,50,183,23
3508,img/img_00021660.jpg,upper-body clothes,184,65,192,127,271,87
3509,img/img_00021671.jpg,upper-body clothes,170,45,191,146,304,134
3510,img/img_00021684.jpg,upper-body clothes,251,226,226,0,251,0
3511,img/img_00021693.jpg,lower-body clothes,363,141,216,75,378,15
3512,img/img_00021704.jpg,lower-body clothes,110,44,122,78,226,116
3513,img/img_00021710.jpg,lower-body clothes,185,85,151,66,212,27
3514,img/img_00021717.jpg,upper-body clothes,260,194,287,93,295,35
3515,img/img_00021724.jpg,upper-body clothes,307,118,156,38,455,148
3516,img/img_00021729.jpg,upper-body clothes,215,116,212,96,379,164
3517,img/img_00021739.jpg,upper-body clothes,129,294,294,0,129,0
3518,img/img_00021740.jpg,upper-body clothes,241,141,141,0,241,0
3519,img/img_00021746.jpg,upper-body clothes,171,169,223,54,290,119
3520,img/img_00021751.jpg,upper-body clothes,294,218,252,34,413,119
3521,img/img_00021758.jpg,upper-body clothes,120,51,140,89,181,61
3522,img/img_00021764.jpg,upper-body clothes,195,65,195,130,267,72
3523,img/img_00021767.jpg,upper-body clothes,158,116,182,66,234,76
3524,img/img_00021781.jpg,lower-body clothes,289,309,309,0,289,0
3525,img/img_00021806.jpg,upper-body clothes,389,162,162,0,389,0
3526,img/img_00021813.jpg,full-body clothes,202,89,278,189,271,69
3527,img/img_00021822.jpg,lower-body clothes,76,154,260,106,430,354
3528,img/img_00021838.jpg,lower-body clothes,107,47,105,58,220,113
3529,img/img_00021841.jpg,lower-body clothes,203,68,164,96,424,221
3530,img/img_00021849.jpg,full-body clothes,243,175,244,69,394,151
3531,img/img_00021852.jpg,full-body clothes,343,169,259,90,470,127
3532,img/img_00021854.jpg,full-body clothes,463,281,281,0,463,0
3533,img/img_00021856.jpg,full-body clothes,264,228,295,67,456,192
3534,img/img_00021859.jpg,full-body clothes,276,214,260,46,418,142
3535,img/img_00021867.jpg,upper-body clothes,340,60,186,126,427,87
3536,img/img_00021868.jpg,upper-body clothes,255,201,201,0,255,0
3537,img/img_00021872.jpg,upper-body clothes,270,356,356,0,270,0
3538,img/img_00021881.jpg,lower-body clothes,96,104,133,29,112,16
3539,img/img_00021882.jpg,lower-body clothes,322,239,239,0,322,0
3540,img/img_00021883.jpg,lower-body clothes,169,126,184,58,414,245
3541,img/img_00021886.jpg,lower-body clothes,293,61,240,179,492,199
3542,img/img_00021893.jpg,lower-body clothes,376,141,229,88,378,2
3543,img/img_00021897.jpg,lower-body clothes,164,83,146,63,373,209
3544,img/img_00021914.jpg,lower-body clothes,42,99,197,98,270,228
3545,img/img_00021916.jpg,lower-body clothes,246,229,284,55,324,78
3546,img/img_00021927.jpg,upper-body clothes,203,159,293,134,366,163
3547,img/img_00021930.jpg,upper-body clothes,206,69,230,161,294,88
3548,img/img_00021931.jpg,upper-body clothes,40,158,158,0,40,0
3549,img/img_00021934.jpg,upper-body clothes,169,58,187,129,305,136
3550,img/img_00021939.jpg,upper-body clothes,93,70,192,122,341,248
3551,img/img_00021944.jpg,upper-body clothes,231,142,246,104,432,201
3552,img/img_00021951.jpg,upper-body clothes,148,111,201,90,260,112
3553,img/img_00021955.jpg,upper-body clothes,294,131,272,141,440,146
3554,img/img_00021960.jpg,upper-body clothes,183,99,230,131,275,92
3555,img/img_00021965.jpg,upper-body clothes,25,310,310,0,25,0
3556,img/img_00021970.jpg,upper-body clothes,162,90,190,100,263,101
3557,img/img_00021972.jpg,upper-body clothes,289,183,245,62,436,147
3558,img/img_00021973.jpg,upper-body clothes,188,32,170,138,253,65
3559,img/img_00021980.jpg,upper-body clothes,251,307,326,19,379,128
3560,img/img_00021982.jpg,upper-body clothes,370,295,316,21,441,71
3561,img/img_00021983.jpg,upper-body clothes,347,238,289,51,413,66
3562,img/img_00021985.jpg,lower-body clothes,103,62,159,97,216,113
3563,img/img_00021986.jpg,lower-body clothes,174,61,239,178,420,246
3564,img/img_00021987.jpg,lower-body clothes,276,113,175,62,285,9
3565,img/img_00021990.jpg,lower-body clothes,391,43,197,154,404,13
3566,img/img_00021998.jpg,lower-body clothes,45,19,51,32,51,6
3567,img/img_00022004.jpg,lower-body clothes,280,56,193,137,286,6
3568,img/img_00022009.jpg,upper-body clothes,309,211,313,102,434,125
3569,img/img_00022013.jpg,full-body clothes,154,262,262,0,154,0
3570,img/img_00022015.jpg,full-body clothes,228,223,223,0,228,0
3571,img/img_00022018.jpg,full-body clothes,351,99,210,111,468,117
3572,img/img_00022024.jpg,lower-body clothes,292,261,352,91,321,29
3573,img/img_00022025.jpg,lower-body clothes,216,205,296,91,234,18
3574,img/img_00022028.jpg,lower-body clothes,431,373,418,45,435,4
3575,img/img_00022029.jpg,lower-body clothes,422,340,434,94,450,28
3576,img/img_00022034.jpg,lower-body clothes,163,126,163,37,173,10
3577,img/img_00022041.jpg,upper-body clothes,124,97,210,113,223,99
3578,img/img_00022046.jpg,upper-body clothes,254,140,225,85,287,33
3579,img/img_00022066.jpg,lower-body clothes,200,24,89,65,221,21
3580,img/img_00022067.jpg,lower-body clothes,245,86,224,138,461,216
3581,img/img_00022071.jpg,lower-body clothes,406,156,259,103,446,40
3582,img/img_00022082.jpg,upper-body clothes,199,149,222,73,315,116
3583,img/img_00022083.jpg,upper-body clothes,293,185,255,70,436,143
3584,img/img_00022086.jpg,full-body clothes,131,61,226,165,266,135
3585,img/img_00022093.jpg,full-body clothes,330,220,272,52,463,133
3586,img/img_00022095.jpg,upper-body clothes,270,116,254,138,361,91
3587,img/img_00022099.jpg,upper-body clothes,100,84,161,77,184,84
3588,img/img_00022115.jpg,upper-body clothes,122,98,303,205,214,92
3589,img/img_00022116.jpg,upper-body clothes,260,138,285,147,434,174
3590,img/img_00022117.jpg,upper-body clothes,80,82,201,119,111,31
3591,img/img_00022118.jpg,upper-body clothes,361,258,313,55,481,120
3592,img/img_00022125.jpg,upper-body clothes,85,316,316,0,85,0
3593,img/img_00022127.jpg,upper-body clothes,132,83,150,67,196,64
3594,img/img_00022137.jpg,upper-body clothes,392,336,336,0,392,0
3595,img/img_00022140.jpg,upper-body clothes,487,448,448,0,487,0
3596,img/img_00022142.jpg,upper-body clothes,209,139,210,71,354,145
3597,img/img_00022148.jpg,lower-body clothes,58,78,141,63,74,16
3598,img/img_00022156.jpg,lower-body clothes,33,52,137,85,130,97
3599,img/img_00022157.jpg,lower-body clothes,59,12,176,164,291,232
3600,img/img_00022163.jpg,upper-body clothes,169,131,198,67,254,85
3601,img/img_00022168.jpg,upper-body clothes,298,108,234,126,424,126
3602,img/img_00022178.jpg,upper-body clothes,289,187,289,102,439,150
3603,img/img_00022188.jpg,upper-body clothes,329,442,442,0,329,0
3604,img/img_00022216.jpg,upper-body clothes,159,184,354,170,303,144
3605,img/img_00022231.jpg,upper-body clothes,203,133,220,87,366,163
3606,img/img_00022236.jpg,upper-body clothes,223,139,239,100,434,211
3607,img/img_00022245.jpg,upper-body clothes,234,107,230,123,310,76
3608,img/img_00022246.jpg,upper-body clothes,146,69,126,57,216,70
3609,img/img_00022260.jpg,upper-body clothes,94,87,156,69,198,104
3610,img/img_00022265.jpg,upper-body clothes,245,202,250,48,402,157
3611,img/img_00022269.jpg,upper-body clothes,77,78,102,24,499,422
3612,img/img_00022270.jpg,upper-body clothes,128,89,162,73,173,45
3613,img/img_00022271.jpg,upper-body clothes,213,99,219,120,438,225
3614,img/img_00022274.jpg,upper-body clothes,292,195,287,92,442,150
3615,img/img_00022288.jpg,upper-body clothes,133,155,190,35,158,25
3616,img/img_00022290.jpg,upper-body clothes,156,88,225,137,279,123
3617,img/img_00022297.jpg,lower-body clothes,253,77,199,122,365,112
3618,img/img_00022327.jpg,upper-body clothes,339,230,230,0,339,0
3619,img/img_00022332.jpg,lower-body clothes,229,424,467,43,266,37
3620,img/img_00022350.jpg,lower-body clothes,72,92,227,135,279,207
3621,img/img_00022356.jpg,lower-body clothes,110,156,247,91,407,297
3622,img/img_00022394.jpg,full-body clothes,195,87,236,149,292,97
3623,img/img_00022396.jpg,full-body clothes,175,95,221,126,274,99
3624,img/img_00022399.jpg,full-body clothes,156,49,163,114,214,58
3625,img/img_00022401.jpg,lower-body clothes,100,78,210,132,316,216
3626,img/img_00022406.jpg,lower-body clothes,136,106,204,98,156,20
3627,img/img_00022408.jpg,lower-body clothes,46,80,184,104,311,265
3628,img/img_00022412.jpg,lower-body clothes,123,128,239,111,129,6
3629,img/img_00022421.jpg,full-body clothes,81,110,110,0,81,0
3630,img/img_00022425.jpg,full-body clothes,444,221,221,0,444,0
3631,img/img_00022438.jpg,lower-body clothes,204,76,153,77,462,258
3632,img/img_00022439.jpg,lower-body clothes,335,358,378,20,377,42
3633,img/img_00022450.jpg,lower-body clothes,156,154,237,83,430,274
3634,img/img_00022458.jpg,full-body clothes,219,120,209,89,321,102
3635,img/img_00022464.jpg,full-body clothes,109,54,275,221,271,162
3636,img/img_00022465.jpg,full-body clothes,206,113,253,140,366,160
3637,img/img_00022468.jpg,full-body clothes,274,161,276,115,310,36
3638,img/img_00022487.jpg,full-body clothes,125,88,139,51,396,271
3639,img/img_00022489.jpg,full-body clothes,93,64,280,216,269,176
3640,img/img_00022503.jpg,full-body clothes,163,95,340,245,166,3
3641,img/img_00022505.jpg,lower-body clothes,125,79,233,154,244,119
3642,img/img_00022509.jpg,lower-body clothes,259,430,430,0,259,0
3643,img/img_00022511.jpg,lower-body clothes,397,304,304,0,397,0
3644,img/img_00022514.jpg,lower-body clothes,375,335,367,32,460,85
3645,img/img_00022541.jpg,lower-body clothes,412,307,307,0,412,0
3646,img/img_00022542.jpg,lower-body clothes,444,287,287,0,444,0
3647,img/img_00022557.jpg,lower-body clothes,418,271,271,0,418,0
3648,img/img_00022562.jpg,full-body clothes,327,238,283,45,452,125
3649,img/img_00022585.jpg,full-body clothes,407,236,297,61,461,54
3650,img/img_00022588.jpg,full-body clothes,261,143,170,27,270,9
3651,img/img_00022594.jpg,full-body clothes,293,124,131,7,389,96
3652,img/img_00022612.jpg,full-body clothes,181,100,212,112,249,68
3653,img/img_00022615.jpg,full-body clothes,496,377,377,0,496,0
3654,img/img_00022618.jpg,full-body clothes,457,207,207,0,457,0
3655,img/img_00022623.jpg,full-body clothes,399,306,306,0,399,0
3656,img/img_00022630.jpg,full-body clothes,495,349,349,0,495,0
3657,img/img_00022634.jpg,lower-body clothes,190,79,184,105,413,223
3658,img/img_00022635.jpg,lower-body clothes,48,31,185,154,204,156
3659,img/img_00022648.jpg,full-body clothes,482,256,312,56,489,7
3660,img/img_00022649.jpg,full-body clothes,481,260,325,65,486,5
3661,img/img_00022651.jpg,full-body clothes,380,343,343,0,380,0
3662,img/img_00022670.jpg,full-body clothes,210,140,266,126,338,128
3663,img/img_00022672.jpg,full-body clothes,482,349,349,0,482,0
3664,img/img_00022679.jpg,full-body clothes,231,155,155,0,231,0
3665,img/img_00022681.jpg,full-body clothes,265,100,187,87,485,220
3666,img/img_00022683.jpg,full-body clothes,504,268,268,0,504,0
3667,img/img_00022689.jpg,full-body clothes,488,247,247,0,488,0
3668,img/img_00022692.jpg,full-body clothes,393,104,244,140,462,69
3669,img/img_00022710.jpg,full-body clothes,453,362,373,11,470,17
3670,img/img_00022746.jpg,full-body clothes,287,238,247,9,383,96
3671,img/img_00022747.jpg,full-body clothes,148,100,201,101,282,134
3672,img/img_00022750.jpg,full-body clothes,245,47,70,23,260,15
3673,img/img_00022767.jpg,full-body clothes,193,300,300,0,193,0
3674,img/img_00022789.jpg,full-body clothes,242,66,203,137,269,27
3675,img/img_00022796.jpg,full-body clothes,458,201,201,0,458,0
3676,img/img_00022803.jpg,full-body clothes,474,160,257,97,495,21
3677,img/img_00022804.jpg,full-body clothes,321,291,291,0,321,0
3678,img/img_00022807.jpg,full-body clothes,366,92,179,87,401,35
3679,img/img_00022809.jpg,full-body clothes,351,154,287,133,484,133
3680,img/img_00022818.jpg,full-body clothes,482,361,361,0,482,0
3681,img/img_00022827.jpg,full-body clothes,348,133,200,67,454,106
3682,img/img_00022837.jpg,full-body clothes,169,104,202,98,260,91
3683,img/img_00022838.jpg,full-body clothes,187,185,185,0,187,0
3684,img/img_00022842.jpg,full-body clothes,182,376,376,0,182,0
3685,img/img_00022845.jpg,full-body clothes,271,273,273,0,271,0
3686,img/img_00022849.jpg,full-body clothes,178,65,127,62,348,170
3687,img/img_00022858.jpg,full-body clothes,501,221,221,0,501,0
3688,img/img_00022866.jpg,full-body clothes,338,359,359,0,338,0
3689,img/img_00022867.jpg,full-body clothes,455,292,292,0,455,0
3690,img/img_00022870.jpg,full-body clothes,285,146,254,108,406,121
3691,img/img_00022873.jpg,full-body clothes,489,246,246,0,489,0
3692,img/img_00022878.jpg,lower-body clothes,217,99,270,171,436,219
3693,img/img_00022883.jpg,upper-body clothes,402,205,318,113,407,5
3694,img/img_00022887.jpg,upper-body clothes,397,232,258,26,464,67
3695,img/img_00022888.jpg,full-body clothes,388,234,307,73,465,77
3696,img/img_00022916.jpg,full-body clothes,413,221,232,11,436,23
3697,img/img_00022918.jpg,full-body clothes,415,187,231,44,481,66
3698,img/img_00022922.jpg,full-body clothes,252,138,216,78,429,177
3699,img/img_00022927.jpg,full-body clothes,452,338,367,29,484,32
3700,img/img_00022929.jpg,full-body clothes,335,177,286,109,497,162
3701,img/img_00022932.jpg,full-body clothes,173,63,210,147,332,159
3702,img/img_00022933.jpg,full-body clothes,235,123,207,84,361,126
3703,img/img_00022945.jpg,full-body clothes,406,127,200,73,437,31
3704,img/img_00022949.jpg,full-body clothes,320,132,261,129,417,97
3705,img/img_00022964.jpg,full-body clothes,261,121,207,86,371,110
3706,img/img_00022968.jpg,full-body clothes,197,47,158,111,295,98
3707,img/img_00022977.jpg,lower-body clothes,440,228,228,0,440,0
3708,img/img_00022985.jpg,full-body clothes,340,378,378,0,340,0
3709,img/img_00023002.jpg,full-body clothes,363,25,125,100,486,123
3710,img/img_00023015.jpg,full-body clothes,317,297,334,37,331,14
3711,img/img_00023030.jpg,full-body clothes,277,147,248,101,390,113
3712,img/img_00023035.jpg,full-body clothes,282,326,326,0,282,0
3713,img/img_00023036.jpg,full-body clothes,333,174,274,100,337,4
3714,img/img_00023041.jpg,full-body clothes,310,174,290,116,444,134
3715,img/img_00023043.jpg,full-body clothes,324,187,356,169,496,172
3716,img/img_00023052.jpg,full-body clothes,436,344,344,0,436,0
3717,img/img_00023071.jpg,full-body clothes,371,304,304,0,371,0
3718,img/img_00023077.jpg,full-body clothes,125,71,213,142,276,151
3719,img/img_00023078.jpg,full-body clothes,453,360,360,0,453,0
3720,img/img_00023082.jpg,full-body clothes,260,18,147,129,345,85
3721,img/img_00023083.jpg,full-body clothes,207,118,217,99,433,226
3722,img/img_00023085.jpg,full-body clothes,267,152,253,101,400,133
3723,img/img_00023094.jpg,full-body clothes,401,172,229,57,435,34
3724,img/img_00023099.jpg,full-body clothes,318,362,362,0,318,0
3725,img/img_00023112.jpg,upper-body clothes,375,248,253,5,440,65
3726,img/img_00023114.jpg,upper-body clothes,383,348,348,0,383,0
3727,img/img_00023122.jpg,full-body clothes,335,304,377,73,451,116
3728,img/img_00023125.jpg,full-body clothes,306,179,316,137,308,2
3729,img/img_00023130.jpg,lower-body clothes,84,32,252,220,134,50
3730,img/img_00023134.jpg,full-body clothes,280,335,335,0,280,0
3731,img/img_00023135.jpg,full-body clothes,397,347,347,0,397,0
3732,img/img_00023139.jpg,full-body clothes,492,297,297,0,492,0
3733,img/img_00023141.jpg,full-body clothes,149,86,298,212,343,194
3734,img/img_00023142.jpg,full-body clothes,56,46,234,188,230,174
3735,img/img_00023145.jpg,full-body clothes,266,140,240,100,280,14
3736,img/img_00023146.jpg,full-body clothes,440,245,245,0,440,0
3737,img/img_00023162.jpg,full-body clothes,277,271,271,0,277,0
3738,img/img_00023167.jpg,full-body clothes,389,277,299,22,430,41
3739,img/img_00023175.jpg,full-body clothes,340,149,199,50,387,47
3740,img/img_00023184.jpg,full-body clothes,252,214,273,59,424,172
3741,img/img_00023189.jpg,full-body clothes,332,209,365,156,489,157
3742,img/img_00023199.jpg,full-body clothes,276,178,267,89,281,5
3743,img/img_00023204.jpg,full-body clothes,263,149,181,32,411,148
3744,img/img_00023205.jpg,full-body clothes,294,161,246,85,349,55
3745,img/img_00023212.jpg,full-body clothes,402,332,332,0,402,0
3746,img/img_00023214.jpg,full-body clothes,474,241,279,38,482,8
3747,img/img_00023224.jpg,full-body clothes,469,352,352,0,469,0
3748,img/img_00023231.jpg,full-body clothes,277,367,367,0,277,0
3749,img/img_00023232.jpg,full-body clothes,303,256,266,10,308,5
3750,img/img_00023249.jpg,full-body clothes,158,107,239,132,311,153
3751,img/img_00023254.jpg,full-body clothes,261,149,261,112,354,93
3752,img/img_00023270.jpg,full-body clothes,383,155,300,145,470,87
3753,img/img_00023272.jpg,full-body clothes,199,96,253,157,233,34
3754,img/img_00023274.jpg,full-body clothes,219,115,211,96,307,88
3755,img/img_00023284.jpg,full-body clothes,470,239,239,0,470,0
3756,img/img_00023303.jpg,upper-body clothes,263,146,205,59,281,18
3757,img/img_00023313.jpg,full-body clothes,447,333,366,33,495,48
3758,img/img_00023324.jpg,full-body clothes,449,290,290,0,449,0
3759,img/img_00023334.jpg,full-body clothes,465,353,361,8,469,4
3760,img/img_00023335.jpg,full-body clothes,353,209,292,83,374,21
3761,img/img_00023340.jpg,full-body clothes,229,117,242,125,296,67
3762,img/img_00023341.jpg,full-body clothes,209,107,243,136,283,74
3763,img/img_00023342.jpg,full-body clothes,136,68,253,185,283,147
3764,img/img_00023348.jpg,full-body clothes,345,225,225,0,345,0
3765,img/img_00023356.jpg,full-body clothes,231,126,294,168,243,12
3766,img/img_00023369.jpg,full-body clothes,495,335,335,0,495,0
3767,img/img_00023374.jpg,full-body clothes,206,64,232,168,271,65
3768,img/img_00023384.jpg,full-body clothes,226,138,235,97,358,132
3769,img/img_00023386.jpg,full-body clothes,317,359,359,0,317,0
3770,img/img_00023392.jpg,full-body clothes,240,109,215,106,333,93
3771,img/img_00023396.jpg,full-body clothes,214,104,243,139,282,68
3772,img/img_00023400.jpg,full-body clothes,191,51,230,179,280,89
3773,img/img_00023402.jpg,full-body clothes,395,322,322,0,395,0
3774,img/img_00023407.jpg,full-body clothes,143,55,231,176,321,178
3775,img/img_00023412.jpg,full-body clothes,227,97,168,71,330,103
3776,img/img_00023416.jpg,full-body clothes,489,266,294,28,500,11
3777,img/img_00023421.jpg,full-body clothes,237,122,299,177,357,120
3778,img/img_00023425.jpg,full-body clothes,164,106,221,115,350,186
3779,img/img_00023426.jpg,full-body clothes,498,316,344,28,503,5
3780,img/img_00023430.jpg,full-body clothes,389,168,265,97,426,37
3781,img/img_00023436.jpg,full-body clothes,368,196,265,69,501,133
3782,img/img_00023447.jpg,full-body clothes,460,282,282,0,460,0
3783,img/img_00023457.jpg,full-body clothes,340,110,264,154,375,35
3784,img/img_00023458.jpg,full-body clothes,436,240,317,77,468,32
3785,img/img_00023460.jpg,full-body clothes,434,166,222,56,465,31
3786,img/img_00023461.jpg,full-body clothes,428,119,269,150,473,45
3787,img/img_00023463.jpg,full-body clothes,254,66,235,169,319,65
3788,img/img_00023469.jpg,full-body clothes,274,114,193,79,401,127
3789,img/img_00023472.jpg,full-body clothes,206,104,228,124,332,126
3790,img/img_00023473.jpg,full-body clothes,190,60,172,112,303,113
3791,img/img_00023476.jpg,upper-body clothes,115,204,204,0,115,0
3792,img/img_00023485.jpg,full-body clothes,319,201,241,40,495,176
3793,img/img_00023496.jpg,full-body clothes,407,235,279,44,445,38
3794,img/img_00023505.jpg,full-body clothes,248,136,191,55,381,133
3795,img/img_00023508.jpg,full-body clothes,417,193,316,123,460,43
3796,img/img_00023516.jpg,full-body clothes,372,215,279,64,379,7
3797,img/img_00023523.jpg,full-body clothes,130,65,224,159,242,112
3798,img/img_00023527.jpg,full-body clothes,404,228,253,25,441,37
3799,img/img_00023540.jpg,full-body clothes,488,298,298,0,488,0
3800,img/img_00023554.jpg,full-body clothes,395,249,318,69,423,28
3801,img/img_00023564.jpg,lower-body clothes,295,111,211,100,302,7
3802,img/img_00023565.jpg,full-body clothes,420,360,360,0,420,0
3803,img/img_00023566.jpg,full-body clothes,402,174,256,82,450,48
3804,img/img_00023580.jpg,full-body clothes,391,296,296,0,391,0
3805,img/img_00023603.jpg,lower-body clothes,405,155,249,94,452,47
3806,img/img_00023604.jpg,lower-body clothes,443,173,278,105,471,28
3807,img/img_00023606.jpg,lower-body clothes,152,281,281,0,152,0
3808,img/img_00023609.jpg,lower-body clothes,220,219,219,0,220,0
3809,img/img_00023614.jpg,lower-body clothes,82,27,202,175,274,192
3810,img/img_00023619.jpg,lower-body clothes,82,30,191,161,463,381
3811,img/img_00023628.jpg,full-body clothes,131,59,167,108,273,142
3812,img/img_00023632.jpg,full-body clothes,349,216,216,0,349,0
3813,img/img_00023634.jpg,full-body clothes,142,50,185,135,225,83
3814,img/img_00023635.jpg,full-body clothes,115,58,226,168,267,152
3815,img/img_00023649.jpg,full-body clothes,247,247,323,76,291,44
3816,img/img_00023672.jpg,full-body clothes,99,78,283,205,194,95
3817,img/img_00023676.jpg,full-body clothes,494,323,323,0,494,0
3818,img/img_00023680.jpg,full-body clothes,240,147,243,96,274,34
3819,img/img_00023683.jpg,full-body clothes,442,300,300,0,442,0
3820,img/img_00023684.jpg,full-body clothes,459,235,235,0,459,0
3821,img/img_00023686.jpg,full-body clothes,164,90,235,145,318,154
3822,img/img_00023688.jpg,full-body clothes,495,300,300,0,495,0
3823,img/img_00023702.jpg,full-body clothes,420,326,363,37,462,42
3824,img/img_00023706.jpg,full-body clothes,325,289,349,60,431,106
3825,img/img_00023709.jpg,full-body clothes,450,293,293,0,450,0
3826,img/img_00023721.jpg,full-body clothes,158,89,170,81,357,199
3827,img/img_00023726.jpg,full-body clothes,306,109,186,77,442,136
3828,img/img_00023731.jpg,full-body clothes,164,100,290,190,351,187
3829,img/img_00023733.jpg,full-body clothes,434,162,292,130,473,39
3830,img/img_00023746.jpg,full-body clothes,261,270,270,0,261,0
3831,img/img_00023755.jpg,full-body clothes,370,139,272,133,390,20
3832,img/img_00023759.jpg,full-body clothes,462,346,346,0,462,0
3833,img/img_00023795.jpg,full-body clothes,349,193,244,51,484,135
3834,img/img_00023797.jpg,full-body clothes,336,290,343,53,458,122
3835,img/img_00023804.jpg,lower-body clothes,281,319,347,28,369,88
3836,img/img_00023806.jpg,lower-body clothes,99,316,316,0,99,0
3837,img/img_00023813.jpg,lower-body clothes,195,229,229,0,195,0
3838,img/img_00023819.jpg,full-body clothes,505,346,346,0,505,0
3839,img/img_00023823.jpg,full-body clothes,408,232,333,101,425,17
3840,img/img_00023848.jpg,full-body clothes,446,192,270,78,495,49
3841,img/img_00023852.jpg,full-body clothes,406,210,251,41,427,21
3842,img/img_00023854.jpg,full-body clothes,295,99,154,55,301,6
3843,img/img_00023857.jpg,full-body clothes,262,191,314,123,352,90
3844,img/img_00023862.jpg,full-body clothes,298,66,212,146,334,36
3845,img/img_00023866.jpg,full-body clothes,337,132,228,96,470,133
3846,img/img_00023869.jpg,full-body clothes,467,253,253,0,467,0
3847,img/img_00023876.jpg,full-body clothes,469,370,370,0,469,0
3848,img/img_00023880.jpg,full-body clothes,214,95,223,128,323,109
3849,img/img_00023884.jpg,full-body clothes,496,344,344,0,496,0
3850,img/img_00023890.jpg,lower-body clothes,141,143,251,108,148,7
3851,img/img_00023903.jpg,full-body clothes,468,369,369,0,468,0
3852,img/img_00023912.jpg,full-body clothes,256,112,247,135,343,87
3853,img/img_00023913.jpg,full-body clothes,313,115,150,35,440,127
3854,img/img_00023918.jpg,full-body clothes,262,96,224,128,455,193
3855,img/img_00023922.jpg,full-body clothes,338,199,274,75,457,119
3856,img/img_00023923.jpg,full-body clothes,324,198,266,68,439,115
3857,img/img_00023926.jpg,lower-body clothes,406,246,297,51,482,76
3858,img/img_00023927.jpg,lower-body clothes,390,298,339,41,449,59
3859,img/img_00023934.jpg,lower-body clothes,168,107,136,29,351,183
3860,img/img_00023942.jpg,full-body clothes,331,298,298,0,331,0
3861,img/img_00023947.jpg,full-body clothes,360,203,280,77,412,52
3862,img/img_00023953.jpg,full-body clothes,487,376,376,0,487,0
3863,img/img_00023958.jpg,full-body clothes,377,255,300,45,381,4
3864,img/img_00023964.jpg,full-body clothes,230,84,240,156,351,121
3865,img/img_00023973.jpg,full-body clothes,465,365,365,0,465,0
3866,img/img_00023975.jpg,full-body clothes,459,325,325,0,459,0
3867,img/img_00023982.jpg,full-body clothes,457,245,290,45,488,31
3868,img/img_00023983.jpg,full-body clothes,435,301,333,32,461,26
3869,img/img_00023994.jpg,lower-body clothes,225,109,241,132,482,257
3870,img/img_00023995.jpg,lower-body clothes,231,105,239,134,483,252
3871,img/img_00024007.jpg,lower-body clothes,460,284,330,46,461,1
3872,img/img_00024016.jpg,full-body clothes,473,251,251,0,473,0
3873,img/img_00024019.jpg,full-body clothes,420,381,381,0,420,0
3874,img/img_00024020.jpg,lower-body clothes,388,165,250,85,479,91
3875,img/img_00024026.jpg,lower-body clothes,67,44,197,153,341,274
3876,img/img_00024030.jpg,lower-body clothes,322,166,260,94,452,130
3877,img/img_00024060.jpg,full-body clothes,303,108,301,193,482,179
3878,img/img_00024063.jpg,full-body clothes,194,172,414,242,304,110
3879,img/img_00024068.jpg,full-body clothes,231,85,190,105,358,127
3880,img/img_00024072.jpg,full-body clothes,289,121,181,60,398,109
3881,img/img_00024083.jpg,full-body clothes,328,123,223,100,450,122
3882,img/img_00024085.jpg,full-body clothes,237,69,124,55,359,122
3883,img/img_00024098.jpg,lower-body clothes,138,159,244,85,218,80
3884,img/img_00024106.jpg,lower-body clothes,116,138,327,189,290,174
3885,img/img_00024108.jpg,full-body clothes,258,166,264,98,474,216
3886,img/img_00024117.jpg,lower-body clothes,279,342,449,107,334,55
3887,img/img_00024127.jpg,lower-body clothes,409,262,262,0,409,0
3888,img/img_00024136.jpg,lower-body clothes,261,226,352,126,327,66
3889,img/img_00024139.jpg,lower-body clothes,140,107,175,68,306,166
3890,img/img_00024142.jpg,lower-body clothes,190,42,228,186,432,242
3891,img/img_00024151.jpg,lower-body clothes,292,104,224,120,420,128
3892,img/img_00024153.jpg,lower-body clothes,398,156,254,98,470,72
3893,img/img_00024155.jpg,lower-body clothes,475,266,266,0,475,0
3894,img/img_00024157.jpg,lower-body clothes,205,99,167,68,376,171
3895,img/img_00024189.jpg,lower-body clothes,108,77,194,117,342,234
3896,img/img_00024201.jpg,full-body clothes,377,221,283,62,451,74
3897,img/img_00024206.jpg,lower-body clothes,324,265,314,49,446,122
3898,img/img_00024207.jpg,lower-body clothes,221,397,397,0,221,0
3899,img/img_00024214.jpg,lower-body clothes,158,94,180,86,376,218
3900,img/img_00024216.jpg,lower-body clothes,310,335,364,29,446,136
3901,img/img_00024221.jpg,lower-body clothes,41,32,182,150,278,237
3902,img/img_00024222.jpg,lower-body clothes,287,238,306,68,364,77
3903,img/img_00024229.jpg,lower-body clothes,249,82,258,176,467,218
3904,img/img_00024233.jpg,lower-body clothes,68,42,161,119,305,237
3905,img/img_00024237.jpg,lower-body clothes,335,90,193,103,441,106
3906,img/img_00024244.jpg,lower-body clothes,187,180,288,108,244,57
3907,img/img_00024265.jpg,full-body clothes,399,380,380,0,399,0
3908,img/img_00024268.jpg,full-body clothes,335,336,338,2,424,89
3909,img/img_00024278.jpg,full-body clothes,342,220,220,0,342,0
3910,img/img_00024285.jpg,full-body clothes,253,122,269,147,290,37
3911,img/img_00024291.jpg,full-body clothes,505,355,355,0,505,0
3912,img/img_00024293.jpg,full-body clothes,393,381,381,0,393,0
3913,img/img_00024308.jpg,lower-body clothes,124,95,234,139,420,296
3914,img/img_00024323.jpg,full-body clothes,403,395,458,63,430,27
3915,img/img_00024327.jpg,full-body clothes,327,297,297,0,327,0
3916,img/img_00024329.jpg,full-body clothes,499,347,347,0,499,0
3917,img/img_00024331.jpg,full-body clothes,500,230,230,0,500,0
3918,img/img_00024337.jpg,lower-body clothes,223,215,306,91,436,213
3919,img/img_00024340.jpg,full-body clothes,304,130,226,96,372,68
3920,img/img_00024341.jpg,full-body clothes,371,324,324,0,371,0
3921,img/img_00024344.jpg,full-body clothes,343,233,371,138,472,129
3922,img/img_00024354.jpg,full-body clothes,223,64,215,151,246,23
3923,img/img_00024355.jpg,full-body clothes,436,270,270,0,436,0
3924,img/img_00024359.jpg,full-body clothes,456,282,282,0,456,0
3925,img/img_00024364.jpg,full-body clothes,231,146,214,68,270,39
3926,img/img_00024370.jpg,full-body clothes,227,138,280,142,288,61
3927,img/img_00024374.jpg,full-body clothes,113,65,222,157,254,141
3928,img/img_00024378.jpg,full-body clothes,301,150,221,71,458,157
3929,img/img_00024384.jpg,full-body clothes,227,96,310,214,294,67
3930,img/img_00024390.jpg,full-body clothes,131,89,206,117,256,125
3931,img/img_00024404.jpg,full-body clothes,269,290,290,0,269,0
3932,img/img_00024409.jpg,full-body clothes,374,219,219,0,374,0
3933,img/img_00024419.jpg,full-body clothes,504,292,292,0,504,0
3934,img/img_00024428.jpg,full-body clothes,379,222,275,53,484,105
3935,img/img_00024432.jpg,full-body clothes,382,224,276,52,485,103
3936,img/img_00024434.jpg,full-body clothes,496,259,259,0,496,0
3937,img/img_00024439.jpg,full-body clothes,453,330,330,0,453,0
3938,img/img_00024446.jpg,full-body clothes,411,248,317,69,431,20
3939,img/img_00024451.jpg,full-body clothes,286,248,317,69,408,122
3940,img/img_00024452.jpg,full-body clothes,298,243,281,38,438,140
3941,img/img_00024455.jpg,full-body clothes,387,152,248,96,449,62
3942,img/img_00024456.jpg,full-body clothes,413,134,303,169,510,97
3943,img/img_00024462.jpg,full-body clothes,320,173,344,171,336,16
3944,img/img_00024476.jpg,full-body clothes,461,333,333,0,461,0
3945,img/img_00024495.jpg,lower-body clothes,252,117,286,169,423,171
3946,img/img_00024502.jpg,lower-body clothes,338,166,189,23,371,33
3947,img/img_00024510.jpg,full-body clothes,235,110,285,175,241,6
3948,img/img_00024521.jpg,full-body clothes,306,132,253,121,397,91
3949,img/img_00024524.jpg,full-body clothes,308,125,261,136,317,9
3950,img/img_00024528.jpg,full-body clothes,468,264,264,0,468,0
3951,img/img_00024529.jpg,full-body clothes,302,258,258,0,302,0
3952,img/img_00024558.jpg,full-body clothes,419,352,352,0,419,0
3953,img/img_00024559.jpg,full-body clothes,408,341,341,0,408,0
3954,img/img_00024560.jpg,full-body clothes,188,155,316,161,350,162
3955,img/img_00024570.jpg,upper-body clothes,476,364,364,0,476,0
3956,img/img_00024572.jpg,upper-body clothes,408,239,239,0,408,0
3957,img/img_00024577.jpg,full-body clothes,436,291,291,0,436,0
3958,img/img_00024596.jpg,full-body clothes,337,322,322,0,337,0
3959,img/img_00024600.jpg,full-body clothes,445,299,335,36,453,8
3960,img/img_00024613.jpg,lower-body clothes,265,499,507,8,295,30
3961,img/img_00024615.jpg,full-body clothes,463,221,221,0,463,0
3962,img/img_00024616.jpg,full-body clothes,179,82,226,144,298,119
3963,img/img_00024620.jpg,full-body clothes,501,311,311,0,501,0
3964,img/img_00024621.jpg,full-body clothes,441,333,333,0,441,0
3965,img/img_00024628.jpg,full-body clothes,224,150,254,104,312,88
3966,img/img_00024629.jpg,full-body clothes,187,122,260,138,302,115
3967,img/img_00024639.jpg,lower-body clothes,151,71,258,187,384,233
3968,img/img_00024641.jpg,lower-body clothes,205,136,276,140,439,234
3969,img/img_00024645.jpg,full-body clothes,415,366,366,0,415,0
3970,img/img_00024653.jpg,lower-body clothes,262,128,266,138,361,99
3971,img/img_00024654.jpg,lower-body clothes,128,44,237,193,360,232
3972,img/img_00024655.jpg,lower-body clothes,202,74,196,122,401,199
3973,img/img_00024660.jpg,lower-body clothes,279,277,380,103,319,40
3974,img/img_00024663.jpg,lower-body clothes,158,70,181,111,366,208
3975,img/img_00024664.jpg,lower-body clothes,166,64,197,133,322,156
3976,img/img_00024671.jpg,full-body clothes,308,198,260,62,442,134
3977,img/img_00024684.jpg,full-body clothes,330,319,373,54,335,5
3978,img/img_00024686.jpg,full-body clothes,270,139,258,119,416,146
3979,img/img_00024693.jpg,upper-body clothes,301,173,260,87,471,170
3980,img/img_00024696.jpg,upper-body clothes,511,293,293,0,511,0
3981,img/img_00024699.jpg,upper-body clothes,36,274,274,0,36,0
3982,img/img_00024703.jpg,full-body clothes,493,310,310,0,493,0
3983,img/img_00024706.jpg,full-body clothes,430,269,269,0,430,0
3984,img/img_00024709.jpg,upper-body clothes,253,176,300,124,496,243
3985,img/img_00024712.jpg,full-body clothes,399,251,251,0,399,0
3986,img/img_00024717.jpg,full-body clothes,469,243,243,0,469,0
3987,img/img_00024722.jpg,full-body clothes,231,117,234,117,319,88
3988,img/img_00024731.jpg,full-body clothes,209,111,289,178,286,77
3989,img/img_00024742.jpg,full-body clothes,497,291,303,12,511,14
3990,img/img_00024745.jpg,full-body clothes,407,241,297,56,472,65
3991,img/img_00024758.jpg,full-body clothes,272,284,284,0,272,0
3992,img/img_00024771.jpg,full-body clothes,304,335,335,0,304,0
3993,img/img_00024779.jpg,full-body clothes,363,208,227,19,366,3
3994,img/img_00024782.jpg,full-body clothes,126,89,150,61,249,123
3995,img/img_00024786.jpg,full-body clothes,234,372,401,29,313,79
3996,img/img_00024797.jpg,full-body clothes,309,229,316,87,423,114
3997,img/img_00024799.jpg,full-body clothes,383,376,376,0,383,0
3998,img/img_00024803.jpg,full-body clothes,289,207,207,0,289,0
3999,img/img_00024808.jpg,full-body clothes,364,195,247,52,499,135
4000,img/img_00024821.jpg,full-body clothes,213,84,218,134,325,112
4001,img/img_00024835.jpg,lower-body clothes,481,303,303,0,481,0
4002,img/img_00024837.jpg,lower-body clothes,23,352,352,0,23,0
4003,img/img_00024847.jpg,lower-body clothes,65,15,155,140,284,219
4004,img/img_00024849.jpg,full-body clothes,160,62,163,101,351,191
4005,img/img_00024864.jpg,full-body clothes,341,151,268,117,457,116
4006,img/img_00024866.jpg,full-body clothes,166,155,282,127,256,90
4007,img/img_00024870.jpg,full-body clothes,252,198,347,149,328,76
4008,img/img_00024875.jpg,full-body clothes,433,349,349,0,433,0
4009,img/img_00024878.jpg,full-body clothes,290,283,305,22,489,199
4010,img/img_00024882.jpg,full-body clothes,453,239,313,74,478,25
4011,img/img_00024883.jpg,full-body clothes,205,41,382,341,262,57
4012,img/img_00024890.jpg,full-body clothes,265,147,246,99,392,127
4013,img/img_00024891.jpg,full-body clothes,350,204,241,37,507,157
4014,img/img_00024897.jpg,full-body clothes,193,146,384,238,287,94
4015,img/img_00024905.jpg,full-body clothes,450,322,322,0,450,0
4016,img/img_00024906.jpg,full-body clothes,109,59,273,214,272,163
4017,img/img_00024920.jpg,full-body clothes,505,324,324,0,505,0
4018,img/img_00024933.jpg,full-body clothes,156,101,226,125,307,151
4019,img/img_00024940.jpg,full-body clothes,483,174,298,124,501,18
4020,img/img_00024941.jpg,full-body clothes,492,353,353,0,492,0
4021,img/img_00024951.jpg,full-body clothes,243,137,291,154,418,175
4022,img/img_00024958.jpg,full-body clothes,303,83,184,101,442,139
4023,img/img_00024962.jpg,full-body clothes,336,171,274,103,470,134
4024,img/img_00024964.jpg,full-body clothes,504,261,261,0,504,0
4025,img/img_00024969.jpg,full-body clothes,335,248,277,29,484,149
4026,img/img_00024972.jpg,full-body clothes,289,270,270,0,289,0
4027,img/img_00024985.jpg,lower-body clothes,61,36,270,234,392,331
4028,img/img_00024987.jpg,full-body clothes,314,56,160,104,321,7
4029,img/img_00024991.jpg,full-body clothes,450,288,326,38,460,10
4030,img/img_00024999.jpg,lower-body clothes,147,84,198,114,337,190
4031,img/img_00025001.jpg,lower-body clothes,338,292,305,13,359,21
4032,img/img_00025002.jpg,lower-body clothes,381,293,335,42,402,21
4033,img/img_00025010.jpg,lower-body clothes,485,372,372,0,485,0
4034,img/img_00025026.jpg,lower-body clothes,97,70,203,133,237,140
4035,img/img_00025030.jpg,full-body clothes,283,291,291,0,283,0
4036,img/img_00025037.jpg,lower-body clothes,168,105,239,134,204,36
4037,img/img_00025041.jpg,lower-body clothes,471,256,256,0,471,0
4038,img/img_00025050.jpg,lower-body clothes,116,117,212,95,365,249
4039,img/img_00025064.jpg,full-body clothes,407,247,293,46,497,90
4040,img/img_00025078.jpg,upper-body clothes,440,285,285,0,440,0
4041,img/img_00025086.jpg,lower-body clothes,455,66,239,173,461,6
4042,img/img_00025088.jpg,lower-body clothes,354,368,368,0,354,0
4043,img/img_00025096.jpg,upper-body clothes,388,343,367,24,431,43
4044,img/img_00025115.jpg,full-body clothes,308,159,271,112,324,16
4045,img/img_00025122.jpg,upper-body clothes,333,247,296,49,361,28
4046,img/img_00025127.jpg,lower-body clothes,172,136,227,91,447,275
4047,img/img_00025129.jpg,lower-body clothes,279,217,303,86,428,149
4048,img/img_00025136.jpg,lower-body clothes,214,258,261,3,371,157
4049,img/img_00025140.jpg,lower-body clothes,334,317,325,8,428,94
4050,img/img_00025141.jpg,lower-body clothes,80,68,242,174,219,139
4051,img/img_00025142.jpg,lower-body clothes,314,306,337,31,379,65
4052,img/img_00025149.jpg,lower-body clothes,231,231,290,59,376,145
4053,img/img_00025153.jpg,upper-body clothes,227,166,263,97,304,77
4054,img/img_00025155.jpg,full-body clothes,416,136,236,100,469,53
4055,img/img_00025172.jpg,lower-body clothes,221,152,280,128,402,181
4056,img/img_00025178.jpg,full-body clothes,266,183,291,108,319,53
4057,img/img_00025180.jpg,full-body clothes,440,317,363,46,476,36
4058,img/img_00025196.jpg,full-body clothes,249,162,244,82,357,108
4059,img/img_00025218.jpg,full-body clothes,320,194,242,48,450,130
4060,img/img_00025220.jpg,full-body clothes,219,118,159,41,359,140
4061,img/img_00025235.jpg,full-body clothes,186,83,234,151,303,117
4062,img/img_00025242.jpg,full-body clothes,272,174,285,111,376,104
4063,img/img_00025248.jpg,full-body clothes,189,107,245,138,254,65
4064,img/img_00025249.jpg,full-body clothes,481,246,295,49,486,5
4065,img/img_00025253.jpg,full-body clothes,418,212,258,46,480,62
4066,img/img_00025266.jpg,full-body clothes,421,285,285,0,421,0
4067,img/img_00025276.jpg,full-body clothes,316,245,260,15,424,108
4068,img/img_00025287.jpg,full-body clothes,77,52,228,176,216,139
4069,img/img_00025293.jpg,full-body clothes,380,281,281,0,380,0
4070,img/img_00025298.jpg,full-body clothes,484,290,290,0,484,0
4071,img/img_00025309.jpg,lower-body clothes,320,293,322,29,446,126
4072,img/img_00025310.jpg,lower-body clothes,86,67,229,162,169,83
4073,img/img_00025311.jpg,lower-body clothes,95,99,180,81,336,241
4074,img/img_00025323.jpg,full-body clothes,267,88,241,153,387,120
4075,img/img_00025325.jpg,full-body clothes,282,101,199,98,369,87
4076,img/img_00025326.jpg,full-body clothes,504,355,355,0,504,0
4077,img/img_00025328.jpg,full-body clothes,482,368,368,0,482,0
4078,img/img_00025337.jpg,full-body clothes,457,184,274,90,487,30
4079,img/img_00025339.jpg,full-body clothes,457,207,265,58,465,8
4080,img/img_00025341.jpg,full-body clothes,416,234,295,61,449,33
4081,img/img_00025343.jpg,full-body clothes,318,222,222,0,318,0
4082,img/img_00025348.jpg,full-body clothes,281,115,244,129,417,136
4083,img/img_00025353.jpg,full-body clothes,468,262,262,0,468,0
4084,img/img_00025358.jpg,full-body clothes,201,305,305,0,201,0
4085,img/img_00025360.jpg,full-body clothes,314,201,266,65,437,123
4086,img/img_00025361.jpg,full-body clothes,148,116,248,132,276,128
4087,img/img_00025362.jpg,full-body clothes,354,237,280,43,487,133
4088,img/img_00025381.jpg,lower-body clothes,302,256,302,46,408,106
4089,img/img_00025382.jpg,lower-body clothes,175,125,302,177,454,279
4090,img/img_00025386.jpg,upper-body clothes,432,369,369,0,432,0
4091,img/img_00025399.jpg,upper-body clothes,436,234,234,0,436,0
4092,img/img_00025407.jpg,full-body clothes,507,314,314,0,507,0
4093,img/img_00025411.jpg,full-body clothes,500,380,380,0,500,0
4094,img/img_00025414.jpg,full-body clothes,418,135,284,149,492,74
4095,img/img_00025416.jpg,full-body clothes,419,166,287,121,451,32
4096,img/img_00025421.jpg,full-body clothes,428,176,268,92,466,38
4097,img/img_00025422.jpg,full-body clothes,349,185,237,52,487,138
4098,img/img_00025432.jpg,full-body clothes,367,139,185,46,372,5
4099,img/img_00025438.jpg,full-body clothes,149,88,209,121,267,118
4100,img/img_00025439.jpg,full-body clothes,355,285,310,25,421,66
4101,img/img_00025450.jpg,full-body clothes,483,360,360,0,483,0
4102,img/img_00025454.jpg,full-body clothes,331,137,233,96,339,8
4103,img/img_00025456.jpg,full-body clothes,191,70,265,195,304,113
4104,img/img_00025460.jpg,full-body clothes,284,304,304,0,284,0
4105,img/img_00025461.jpg,full-body clothes,199,107,308,201,295,96
4106,img/img_00025480.jpg,full-body clothes,381,134,280,146,459,78
4107,img/img_00025494.jpg,full-body clothes,366,240,240,0,366,0
4108,img/img_00025495.jpg,full-body clothes,504,352,352,0,504,0
4109,img/img_00025497.jpg,upper-body clothes,321,399,399,0,321,0
4110,img/img_00025506.jpg,upper-body clothes,377,368,377,9,460,83
4111,img/img_00025513.jpg,full-body clothes,145,64,208,144,302,157
4112,img/img_00025515.jpg,full-body clothes,207,87,204,117,353,146
4113,img/img_00025520.jpg,full-body clothes,507,310,310,0,507,0
4114,img/img_00025528.jpg,lower-body clothes,400,174,255,81,430,30
4115,img/img_00025531.jpg,full-body clothes,318,108,190,82,432,114
4116,img/img_00025533.jpg,full-body clothes,282,280,280,0,282,0
4117,img/img_00025535.jpg,full-body clothes,313,108,235,127,395,82
4118,img/img_00025550.jpg,full-body clothes,224,85,214,129,416,192
4119,img/img_00025553.jpg,full-body clothes,394,178,247,69,405,11
4120,img/img_00025556.jpg,upper-body clothes,238,204,289,85,316,78
4121,img/img_00025558.jpg,upper-body clothes,461,359,375,16,468,7
4122,img/img_00025567.jpg,full-body clothes,260,372,372,0,260,0
4123,img/img_00025568.jpg,full-body clothes,224,136,169,33,301,77
4124,img/img_00025591.jpg,lower-body clothes,310,208,233,25,446,136
4125,img/img_00025595.jpg,full-body clothes,303,136,236,100,414,111
4126,img/img_00025596.jpg,full-body clothes,329,170,263,93,427,98
4127,img/img_00025607.jpg,full-body clothes,249,118,196,78,287,38
4128,img/img_00025616.jpg,full-body clothes,139,69,216,147,303,164
4129,img/img_00025621.jpg,upper-body clothes,372,142,242,100,390,18
4130,img/img_00025623.jpg,upper-body clothes,450,271,271,0,450,0
4131,img/img_00025632.jpg,upper-body clothes,197,138,152,14,341,144
4132,img/img_00025640.jpg,full-body clothes,271,207,328,121,433,162
4133,img/img_00025641.jpg,full-body clothes,318,123,236,113,338,20
4134,img/img_00025645.jpg,full-body clothes,305,86,244,158,390,85
4135,img/img_00025646.jpg,full-body clothes,208,100,255,155,218,10
4136,img/img_00025648.jpg,full-body clothes,308,210,240,30,480,172
4137,img/img_00025649.jpg,full-body clothes,188,102,240,138,286,98
4138,img/img_00025658.jpg,full-body clothes,395,232,319,87,401,6
4139,img/img_00025660.jpg,full-body clothes,429,200,331,131,441,12
4140,img/img_00025663.jpg,full-body clothes,469,290,290,0,469,0
4141,img/img_00025679.jpg,upper-body clothes,348,305,322,17,378,30
4142,img/img_00025681.jpg,upper-body clothes,50,77,156,79,246,196
4143,img/img_00025684.jpg,upper-body clothes,477,361,361,0,477,0
4144,img/img_00025685.jpg,upper-body clothes,455,364,373,9,461,6
4145,img/img_00025690.jpg,upper-body clothes,352,302,323,21,447,95
4146,img/img_00025700.jpg,full-body clothes,387,308,308,0,387,0
4147,img/img_00025710.jpg,full-body clothes,217,141,288,147,339,122
4148,img/img_00025713.jpg,full-body clothes,444,328,378,50,505,61
4149,img/img_00025714.jpg,upper-body clothes,348,269,308,39,443,95
4150,img/img_00025715.jpg,upper-body clothes,378,298,344,46,452,74
4151,img/img_00025721.jpg,full-body clothes,416,259,302,43,478,62
4152,img/img_00025723.jpg,full-body clothes,278,174,262,88,283,5
4153,img/img_00025756.jpg,full-body clothes,438,267,303,36,450,12
4154,img/img_00025763.jpg,full-body clothes,443,211,211,0,443,0
4155,img/img_00025772.jpg,full-body clothes,332,157,263,106,446,114
4156,img/img_00025777.jpg,full-body clothes,409,285,322,37,427,18
4157,img/img_00025784.jpg,lower-body clothes,95,76,272,196,380,285
4158,img/img_00025789.jpg,lower-body clothes,131,106,253,147,414,283
4159,img/img_00025799.jpg,lower-body clothes,76,47,262,215,286,210
4160,img/img_00025801.jpg,lower-body clothes,102,219,219,0,102,0
4161,img/img_00025812.jpg,full-body clothes,465,371,371,0,465,0
4162,img/img_00025822.jpg,full-body clothes,499,372,372,0,499,0
4163,img/img_00025831.jpg,full-body clothes,500,276,276,0,500,0
4164,img/img_00025841.jpg,full-body clothes,377,346,346,0,377,0
4165,img/img_00025851.jpg,full-body clothes,410,304,317,13,464,54
4166,img/img_00025854.jpg,full-body clothes,177,118,247,129,297,120
4167,img/img_00025859.jpg,full-body clothes,263,272,272,0,263,0
4168,img/img_00025863.jpg,lower-body clothes,325,105,237,132,434,109
4169,img/img_00025864.jpg,lower-body clothes,405,104,214,110,464,59
4170,img/img_00025874.jpg,full-body clothes,224,180,258,78,368,144
4171,img/img_00025877.jpg,full-body clothes,75,46,254,208,183,108
4172,img/img_00025879.jpg,upper-body clothes,225,162,267,105,387,162
4173,img/img_00025885.jpg,full-body clothes,253,177,231,54,448,195
4174,img/img_00025889.jpg,full-body clothes,449,310,327,17,487,38
4175,img/img_00025890.jpg,full-body clothes,304,124,259,135,305,1
4176,img/img_00025892.jpg,full-body clothes,426,219,260,41,498,72
4177,img/img_00025898.jpg,full-body clothes,305,186,343,157,308,3
4178,img/img_00025899.jpg,full-body clothes,204,368,368,0,204,0
4179,img/img_00025903.jpg,full-body clothes,199,178,293,115,438,239
4180,img/img_00025904.jpg,upper-body clothes,239,203,305,102,376,137
4181,img/img_00025908.jpg,upper-body clothes,182,228,228,0,182,0
4182,img/img_00025910.jpg,upper-body clothes,66,255,255,0,66,0
4183,img/img_00025921.jpg,full-body clothes,198,96,272,176,214,16
4184,img/img_00025941.jpg,lower-body clothes,355,111,229,118,427,72
4185,img/img_00025945.jpg,upper-body clothes,225,178,282,104,380,155
4186,img/img_00025949.jpg,upper-body clothes,113,82,187,105,281,168
4187,img/img_00025955.jpg,upper-body clothes,339,311,324,13,433,94
4188,img/img_00025958.jpg,upper-body clothes,171,316,316,0,171,0
4189,img/img_00025959.jpg,upper-body clothes,450,274,274,0,450,0
4190,img/img_00025967.jpg,full-body clothes,418,229,280,51,450,32
4191,img/img_00025988.jpg,full-body clothes,484,321,321,0,484,0
4192,img/img_00025993.jpg,full-body clothes,111,77,275,198,278,167
4193,img/img_00025997.jpg,lower-body clothes,322,323,332,9,437,115
4194,img/img_00026006.jpg,lower-body clothes,429,273,273,0,429,0
4195,img/img_00026008.jpg,lower-body clothes,125,104,216,112,382,257
4196,img/img_00026021.jpg,full-body clothes,182,61,170,109,324,142
4197,img/img_00026028.jpg,lower-body clothes,308,114,254,140,445,137
4198,img/img_00026030.jpg,lower-body clothes,335,128,291,163,349,14
4199,img/img_00026031.jpg,lower-body clothes,212,130,289,159,366,154
4200,img/img_00026032.jpg,lower-body clothes,415,273,273,0,415,0
4201,img/img_00026036.jpg,lower-body clothes,215,85,241,156,330,115
4202,img/img_00026042.jpg,full-body clothes,212,33,212,179,382,170
4203,img/img_00026064.jpg,upper-body clothes,175,130,299,169,273,98
4204,img/img_00026070.jpg,full-body clothes,461,288,348,60,491,30
4205,img/img_00026073.jpg,full-body clothes,326,369,369,0,326,0
4206,img/img_00026076.jpg,full-body clothes,498,338,338,0,498,0
4207,img/img_00026082.jpg,full-body clothes,316,179,264,85,454,138
4208,img/img_00026093.jpg,full-body clothes,492,321,321,0,492,0
4209,img/img_00026094.jpg,full-body clothes,322,259,259,0,322,0
4210,img/img_00026105.jpg,full-body clothes,434,313,313,0,434,0
4211,img/img_00026106.jpg,full-body clothes,429,189,303,114,451,22
4212,img/img_00026107.jpg,upper-body clothes,29,204,204,0,29,0
4213,img/img_00026108.jpg,upper-body clothes,271,190,261,71,412,141
4214,img/img_00026114.jpg,upper-body clothes,136,123,238,115,262,126
4215,img/img_00026130.jpg,upper-body clothes,254,196,277,81,389,135
4216,img/img_00026133.jpg,upper-body clothes,333,256,299,43,436,103
4217,img/img_00026135.jpg,upper-body clothes,199,164,238,74,301,102
4218,img/img_00026156.jpg,full-body clothes,344,116,208,92,471,127
4219,img/img_00026172.jpg,full-body clothes,325,89,216,127,431,106
4220,img/img_00026176.jpg,full-body clothes,239,136,180,44,250,11
4221,img/img_00026177.jpg,full-body clothes,367,60,218,158,372,5
4222,img/img_00026178.jpg,full-body clothes,468,254,345,91,472,4
4223,img/img_00026181.jpg,full-body clothes,470,313,363,50,508,38
4224,img/img_00026190.jpg,lower-body clothes,447,270,322,52,461,14
4225,img/img_00026200.jpg,full-body clothes,160,57,313,256,382,222
4226,img/img_00026203.jpg,full-body clothes,457,251,251,0,457,0
4227,img/img_00026211.jpg,full-body clothes,295,231,293,62,435,140
4228,img/img_00026213.jpg,full-body clothes,427,70,200,130,508,81
4229,img/img_00026217.jpg,full-body clothes,232,148,258,110,453,221
4230,img/img_00026219.jpg,full-body clothes,264,75,258,183,287,23
4231,img/img_00026223.jpg,full-body clothes,294,335,357,22,476,182
4232,img/img_00026226.jpg,full-body clothes,204,79,175,96,447,243
4233,img/img_00026227.jpg,full-body clothes,219,65,176,111,432,213
4234,img/img_00026229.jpg,full-body clothes,422,226,226,0,422,0
4235,img/img_00026235.jpg,full-body clothes,504,341,341,0,504,0
4236,img/img_00026236.jpg,full-body clothes,390,270,270,0,390,0
4237,img/img_00026244.jpg,full-body clothes,448,267,325,58,475,27
4238,img/img_00026259.jpg,upper-body clothes,284,376,376,0,284,0
4239,img/img_00026260.jpg,upper-body clothes,253,249,306,57,299,46
4240,img/img_00026271.jpg,upper-body clothes,505,364,364,0,505,0
4241,img/img_00026288.jpg,upper-body clothes,267,151,236,85,393,126
4242,img/img_00026305.jpg,full-body clothes,426,257,340,83,429,3
4243,img/img_00026306.jpg,full-body clothes,507,200,200,0,507,0
4244,img/img_00026310.jpg,full-body clothes,257,212,212,0,257,0
4245,img/img_00026311.jpg,full-body clothes,504,327,327,0,504,0
4246,img/img_00026312.jpg,full-body clothes,488,331,338,7,507,19
4247,img/img_00026324.jpg,full-body clothes,372,271,279,8,488,116
4248,img/img_00026325.jpg,lower-body clothes,122,161,249,88,134,12
4249,img/img_00026335.jpg,full-body clothes,378,262,336,74,504,126
4250,img/img_00026337.jpg,lower-body clothes,235,173,285,112,427,192
4251,img/img_00026338.jpg,lower-body clothes,242,261,284,23,473,231
4252,img/img_00026349.jpg,lower-body clothes,78,39,216,177,124,46
4253,img/img_00026353.jpg,lower-body clothes,458,353,375,22,509,51
4254,img/img_00026355.jpg,full-body clothes,312,317,317,0,312,0
4255,img/img_00026356.jpg,full-body clothes,380,314,314,0,380,0
4256,img/img_00026360.jpg,full-body clothes,229,127,243,116,230,1
4257,img/img_00026363.jpg,full-body clothes,280,162,239,77,431,151
4258,img/img_00026368.jpg,full-body clothes,415,294,294,0,415,0
4259,img/img_00026371.jpg,full-body clothes,286,129,262,133,394,108
4260,img/img_00026376.jpg,full-body clothes,279,159,283,124,293,14
4261,img/img_00026377.jpg,full-body clothes,299,256,313,57,465,166
4262,img/img_00026381.jpg,full-body clothes,220,82,196,114,292,72
4263,img/img_00026383.jpg,full-body clothes,354,189,196,7,382,28
4264,img/img_00026389.jpg,lower-body clothes,239,50,237,187,339,100
4265,img/img_00026391.jpg,full-body clothes,271,170,240,70,408,137
4266,img/img_00026394.jpg,full-body clothes,177,84,178,94,302,125
4267,img/img_00026406.jpg,upper-body clothes,477,340,340,0,477,0
4268,img/img_00026418.jpg,lower-body clothes,391,98,228,130,427,36
4269,img/img_00026442.jpg,full-body clothes,167,112,234,122,277,110
4270,img/img_00026448.jpg,full-body clothes,118,82,224,142,391,273
4271,img/img_00026452.jpg,full-body clothes,280,204,273,69,322,42
4272,img/img_00026461.jpg,full-body clothes,482,313,313,0,482,0
4273,img/img_00026462.jpg,full-body clothes,185,88,203,115,263,78
4274,img/img_00026465.jpg,full-body clothes,483,250,250,0,483,0
4275,img/img_00026478.jpg,upper-body clothes,398,323,323,0,398,0
4276,img/img_00026493.jpg,upper-body clothes,364,288,319,31,448,84
4277,img/img_00026497.jpg,lower-body clothes,508,375,375,0,508,0
4278,img/img_00026508.jpg,full-body clothes,498,310,310,0,498,0
4279,img/img_00026512.jpg,lower-body clothes,323,192,257,65,403,80
4280,img/img_00026516.jpg,lower-body clothes,446,330,330,0,446,0
4281,img/img_00026520.jpg,full-body clothes,430,255,255,0,430,0
4282,img/img_00026526.jpg,full-body clothes,344,276,276,0,344,0
4283,img/img_00026530.jpg,full-body clothes,340,204,204,0,340,0
4284,img/img_00026532.jpg,full-body clothes,416,287,296,9,466,50
4285,img/img_00026536.jpg,lower-body clothes,366,137,250,113,423,57
4286,img/img_00026544.jpg,full-body clothes,432,190,279,89,457,25
4287,img/img_00026555.jpg,lower-body clothes,137,67,173,106,382,245
4288,img/img_00026556.jpg,lower-body clothes,310,117,228,111,484,174
4289,img/img_00026558.jpg,lower-body clothes,126,65,218,153,281,155
4290,img/img_00026560.jpg,lower-body clothes,194,109,243,134,349,155
4291,img/img_00026563.jpg,lower-body clothes,142,47,230,183,367,225
4292,img/img_00026579.jpg,upper-body clothes,296,295,350,55,303,7
4293,img/img_00026595.jpg,full-body clothes,315,141,209,68,330,15
4294,img/img_00026597.jpg,full-body clothes,139,236,236,0,139,0
4295,img/img_00026608.jpg,upper-body clothes,197,171,273,102,329,132
4296,img/img_00026609.jpg,upper-body clothes,273,242,298,56,330,57
4297,img/img_00026613.jpg,upper-body clothes,351,310,310,0,351,0
4298,img/img_00026614.jpg,full-body clothes,89,48,262,214,308,219
4299,img/img_00026626.jpg,lower-body clothes,177,94,229,135,308,131
4300,img/img_00026627.jpg,lower-body clothes,262,138,278,140,332,70
4301,img/img_00026629.jpg,lower-body clothes,147,68,197,129,352,205
4302,img/img_00026636.jpg,upper-body clothes,100,255,255,0,100,0
4303,img/img_00026646.jpg,lower-body clothes,325,226,226,0,325,0
4304,img/img_00026666.jpg,lower-body clothes,238,156,263,107,249,11
4305,img/img_00026671.jpg,lower-body clothes,505,268,268,0,505,0
4306,img/img_00026676.jpg,lower-body clothes,182,138,226,88,403,221
4307,img/img_00026682.jpg,full-body clothes,282,86,236,150,487,205
4308,img/img_00026696.jpg,full-body clothes,257,100,229,129,377,120
4309,img/img_00026702.jpg,full-body clothes,484,350,379,29,493,9
4310,img/img_00026707.jpg,full-body clothes,394,228,275,47,426,32
4311,img/img_00026710.jpg,full-body clothes,105,57,212,155,291,186
4312,img/img_00026723.jpg,full-body clothes,360,159,262,103,464,104
4313,img/img_00026725.jpg,full-body clothes,351,455,455,0,351,0
4314,img/img_00026727.jpg,full-body clothes,200,106,197,91,363,163
4315,img/img_00026734.jpg,full-body clothes,506,302,302,0,506,0
4316,img/img_00026739.jpg,full-body clothes,376,245,367,122,509,133
4317,img/img_00026740.jpg,full-body clothes,264,115,258,143,415,151
4318,img/img_00026750.jpg,full-body clothes,239,324,324,0,239,0
4319,img/img_00026762.jpg,full-body clothes,300,165,304,139,398,98
4320,img/img_00026768.jpg,lower-body clothes,166,72,217,145,373,207
4321,img/img_00026769.jpg,lower-body clothes,77,296,296,0,77,0
4322,img/img_00026776.jpg,full-body clothes,466,387,387,0,466,0
4323,img/img_00026779.jpg,full-body clothes,346,297,297,0,346,0
4324,img/img_00026780.jpg,full-body clothes,180,103,265,162,331,151
4325,img/img_00026783.jpg,full-body clothes,215,127,199,72,439,224
4326,img/img_00026786.jpg,full-body clothes,486,354,354,0,486,0
4327,img/img_00026789.jpg,lower-body clothes,459,207,207,0,459,0
4328,img/img_00026791.jpg,full-body clothes,414,230,230,0,414,0
4329,img/img_00026802.jpg,full-body clothes,455,260,260,0,455,0
4330,img/img_00026806.jpg,full-body clothes,504,278,278,0,504,0
4331,img/img_00026814.jpg,full-body clothes,476,333,333,0,476,0
4332,img/img_00026825.jpg,full-body clothes,389,276,285,9,434,45
4333,img/img_00026829.jpg,full-body clothes,394,162,271,109,397,3
4334,img/img_00026843.jpg,upper-body clothes,408,341,370,29,482,74
4335,img/img_00026848.jpg,upper-body clothes,399,341,365,24,457,58
4336,img/img_00026853.jpg,full-body clothes,370,221,282,61,497,127
4337,img/img_00026854.jpg,full-body clothes,277,147,340,193,288,11
4338,img/img_00026865.jpg,upper-body clothes,367,367,376,9,380,13
4339,img/img_00026874.jpg,upper-body clothes,230,216,281,65,382,152
4340,img/img_00026884.jpg,upper-body clothes,345,353,370,17,357,12
4341,img/img_00026895.jpg,full-body clothes,346,273,273,0,346,0
4342,img/img_00026898.jpg,full-body clothes,145,245,245,0,145,0
4343,img/img_00026910.jpg,full-body clothes,189,101,220,119,205,16
4344,img/img_00026913.jpg,full-body clothes,422,262,285,23,439,17
4345,img/img_00026921.jpg,full-body clothes,493,304,304,0,493,0
4346,img/img_00026945.jpg,upper-body clothes,312,173,214,41,348,36
4347,img/img_00026957.jpg,lower-body clothes,368,144,229,85,412,44
4348,img/img_00026961.jpg,full-body clothes,400,363,363,0,400,0
4349,img/img_00026977.jpg,full-body clothes,273,147,259,112,380,107
4350,img/img_00026983.jpg,full-body clothes,121,23,271,248,321,200
4351,img/img_00026992.jpg,full-body clothes,157,93,202,109,291,134
4352,img/img_00027001.jpg,full-body clothes,263,131,194,63,369,106
4353,img/img_00027003.jpg,full-body clothes,338,327,333,6,453,115
4354,img/img_00027008.jpg,full-body clothes,244,143,261,118,324,80
4355,img/img_00027011.jpg,full-body clothes,189,131,268,137,310,121
4356,img/img_00027025.jpg,lower-body clothes,212,99,192,93,283,71
4357,img/img_00027033.jpg,upper-body clothes,465,346,371,25,484,19
4358,img/img_00027035.jpg,upper-body clothes,121,229,229,0,121,0
4359,img/img_00027037.jpg,full-body clothes,450,271,271,0,450,0
4360,img/img_00027038.jpg,full-body clothes,406,218,218,0,406,0
4361,img/img_00027041.jpg,full-body clothes,385,299,340,41,386,1
4362,img/img_00027044.jpg,full-body clothes,496,341,354,13,502,6
4363,img/img_00027064.jpg,full-body clothes,243,191,191,0,243,0
4364,img/img_00027065.jpg,upper-body clothes,247,182,258,76,389,142
4365,img/img_00027072.jpg,full-body clothes,498,289,289,0,498,0
4366,img/img_00027079.jpg,lower-body clothes,235,119,239,120,390,155
4367,img/img_00027082.jpg,upper-body clothes,216,233,269,36,226,10
4368,img/img_00027086.jpg,upper-body clothes,227,193,252,59,362,135
4369,img/img_00027095.jpg,full-body clothes,195,112,230,118,372,177
4370,img/img_00027096.jpg,full-body clothes,218,115,235,120,257,39
4371,img/img_00027107.jpg,full-body clothes,505,262,262,0,505,0
4372,img/img_00027122.jpg,full-body clothes,167,88,235,147,240,73
4373,img/img_00027124.jpg,full-body clothes,176,97,235,138,179,3
4374,img/img_00027125.jpg,full-body clothes,354,234,287,53,489,135
4375,img/img_00027146.jpg,lower-body clothes,439,205,205,0,439,0
4376,img/img_00027147.jpg,lower-body clothes,344,115,225,110,388,44
4377,img/img_00027148.jpg,lower-body clothes,198,297,297,0,198,0
4378,img/img_00027152.jpg,full-body clothes,290,194,194,0,290,0
4379,img/img_00027162.jpg,upper-body clothes,323,418,442,24,337,14
4380,img/img_00027179.jpg,full-body clothes,310,166,188,22,392,82
4381,img/img_00027190.jpg,full-body clothes,314,212,290,78,478,164
4382,img/img_00027193.jpg,full-body clothes,485,374,374,0,485,0
4383,img/img_00027199.jpg,lower-body clothes,276,202,241,39,371,95
4384,img/img_00027202.jpg,lower-body clothes,273,25,178,153,469,196
4385,img/img_00027204.jpg,lower-body clothes,201,108,228,120,238,37
4386,img/img_00027206.jpg,lower-body clothes,339,428,428,0,339,0
4387,img/img_00027208.jpg,lower-body clothes,458,270,270,0,458,0
4388,img/img_00027219.jpg,lower-body clothes,36,332,332,0,36,0
4389,img/img_00027226.jpg,full-body clothes,354,225,225,0,354,0
4390,img/img_00027227.jpg,full-body clothes,237,178,266,88,422,185
4391,img/img_00027228.jpg,full-body clothes,257,128,252,124,414,157
4392,img/img_00027234.jpg,upper-body clothes,241,163,239,76,378,137
4393,img/img_00027236.jpg,full-body clothes,353,178,255,77,498,145
4394,img/img_00027244.jpg,full-body clothes,391,341,341,0,391,0
4395,img/img_00027245.jpg,upper-body clothes,327,255,301,46,476,149
4396,img/img_00027266.jpg,lower-body clothes,436,294,294,0,436,0
4397,img/img_00027269.jpg,lower-body clothes,357,143,212,69,469,112
4398,img/img_00027272.jpg,lower-body clothes,367,374,380,6,454,87
4399,img/img_00027298.jpg,full-body clothes,109,62,214,152,394,285
4400,img/img_00027300.jpg,full-body clothes,117,71,188,117,280,163
4401,img/img_00027301.jpg,full-body clothes,226,317,317,0,226,0
4402,img/img_00027302.jpg,full-body clothes,269,363,377,14,466,197
4403,img/img_00027316.jpg,lower-body clothes,264,134,258,124,375,111
4404,img/img_00027319.jpg,lower-body clothes,222,109,170,61,414,192
4405,img/img_00027324.jpg,lower-body clothes,430,184,260,76,440,10
4406,img/img_00027325.jpg,lower-body clothes,168,63,216,153,383,215
4407,img/img_00027327.jpg,lower-body clothes,1,1,1,0,1,0
4408,img/img_00027331.jpg,lower-body clothes,90,329,329,0,90,0
4409,img/img_00027338.jpg,lower-body clothes,1,1,1,0,1,0
4410,img/img_00027341.jpg,full-body clothes,450,261,309,48,486,36
4411,img/img_00027343.jpg,full-body clothes,158,98,213,115,258,100
4412,img/img_00027354.jpg,lower-body clothes,167,148,264,116,508,341
4413,img/img_00027356.jpg,lower-body clothes,291,201,359,158,499,208
4414,img/img_00027359.jpg,lower-body clothes,452,305,331,26,511,59
4415,img/img_00027360.jpg,lower-body clothes,95,25,205,180,396,301
4416,img/img_00027370.jpg,full-body clothes,439,212,271,59,468,29
4417,img/img_00027375.jpg,full-body clothes,476,358,358,0,476,0
4418,img/img_00027376.jpg,full-body clothes,317,198,268,70,358,41
4419,img/img_00027378.jpg,full-body clothes,223,136,191,55,230,7
4420,img/img_00027391.jpg,full-body clothes,372,176,226,50,376,4
4421,img/img_00027408.jpg,full-body clothes,333,246,266,20,407,74
4422,img/img_00027409.jpg,full-body clothes,487,367,367,0,487,0
4423,img/img_00027411.jpg,lower-body clothes,414,126,237,111,449,35
4424,img/img_00027416.jpg,lower-body clothes,292,128,256,128,362,70
4425,img/img_00027423.jpg,full-body clothes,278,114,258,144,325,47
4426,img/img_00027424.jpg,full-body clothes,364,422,422,0,364,0
4427,img/img_00027432.jpg,upper-body clothes,223,148,255,107,391,168
4428,img/img_00027433.jpg,upper-body clothes,210,143,267,124,364,154
4429,img/img_00027445.jpg,upper-body clothes,239,164,255,91,439,200
4430,img/img_00027448.jpg,upper-body clothes,443,258,258,0,443,0
4431,img/img_00027468.jpg,lower-body clothes,284,244,280,36,384,100
4432,img/img_00027472.jpg,lower-body clothes,96,76,163,87,311,215
4433,img/img_00027473.jpg,full-body clothes,321,132,231,99,448,127
4434,img/img_00027474.jpg,full-body clothes,478,260,283,23,506,28
4435,img/img_00027478.jpg,upper-body clothes,344,284,326,42,445,101
4436,img/img_00027482.jpg,lower-body clothes,331,102,204,102,393,62
4437,img/img_00027492.jpg,lower-body clothes,377,219,258,39,448,71
4438,img/img_00027502.jpg,full-body clothes,79,111,179,68,132,53
4439,img/img_00027505.jpg,full-body clothes,261,344,344,0,261,0
4440,img/img_00027512.jpg,full-body clothes,448,379,379,0,448,0
4441,img/img_00027521.jpg,upper-body clothes,353,341,374,33,449,96
4442,img/img_00027529.jpg,upper-body clothes,351,309,342,33,414,63
4443,img/img_00027533.jpg,full-body clothes,419,275,312,37,422,3
4444,img/img_00027540.jpg,full-body clothes,295,115,157,42,323,28
4445,img/img_00027550.jpg,full-body clothes,309,145,282,137,412,103
4446,img/img_00027551.jpg,full-body clothes,133,59,183,124,401,268
4447,img/img_00027554.jpg,full-body clothes,401,250,312,62,438,37
4448,img/img_00027561.jpg,upper-body clothes,416,355,373,18,432,16
4449,img/img_00027563.jpg,lower-body clothes,341,145,252,107,360,19
4450,img/img_00027566.jpg,lower-body clothes,268,119,284,165,422,154
4451,img/img_00027567.jpg,lower-body clothes,379,126,245,119,404,25
4452,img/img_00027571.jpg,lower-body clothes,246,131,271,140,361,115
4453,img/img_00027572.jpg,lower-body clothes,412,249,249,0,412,0
4454,img/img_00027580.jpg,upper-body clothes,193,92,166,74,368,175
4455,img/img_00027581.jpg,upper-body clothes,270,171,266,95,317,47
4456,img/img_00027585.jpg,upper-body clothes,463,242,242,0,463,0
4457,img/img_00027586.jpg,upper-body clothes,456,324,324,0,456,0
4458,img/img_00027611.jpg,full-body clothes,487,259,319,60,509,22
4459,img/img_00027612.jpg,full-body clothes,462,367,373,6,499,37
4460,img/img_00027613.jpg,full-body clothes,480,356,356,0,480,0
4461,img/img_00027614.jpg,full-body clothes,482,312,354,42,502,20
4462,img/img_00027615.jpg,full-body clothes,326,317,317,0,326,0
4463,img/img_00027619.jpg,full-body clothes,103,68,167,99,263,160
4464,img/img_00027620.jpg,full-body clothes,256,148,263,115,393,137
4465,img/img_00027628.jpg,full-body clothes,263,143,230,87,431,168
4466,img/img_00027637.jpg,upper-body clothes,291,213,275,62,418,127
4467,img/img_00027648.jpg,upper-body clothes,436,313,329,16,478,42
4468,img/img_00027653.jpg,upper-body clothes,437,322,335,13,466,29
4469,img/img_00027654.jpg,upper-body clothes,166,363,363,0,166,0
4470,img/img_00027659.jpg,upper-body clothes,152,131,204,73,223,71
4471,img/img_00027665.jpg,upper-body clothes,218,163,302,139,373,155
4472,img/img_00027669.jpg,upper-body clothes,216,156,297,141,371,155
4473,img/img_00027691.jpg,full-body clothes,263,181,210,29,363,100
4474,img/img_00027701.jpg,full-body clothes,178,80,211,131,305,127
4475,img/img_00027718.jpg,full-body clothes,355,148,239,91,394,39
4476,img/img_00027722.jpg,full-body clothes,257,109,280,171,377,120
4477,img/img_00027730.jpg,lower-body clothes,383,129,236,107,402,19
4478,img/img_00027736.jpg,lower-body clothes,291,200,200,0,291,0
4479,img/img_00027738.jpg,lower-body clothes,302,253,264,11,473,171
4480,img/img_00027747.jpg,upper-body clothes,294,183,266,83,451,157
4481,img/img_00027749.jpg,upper-body clothes,39,260,260,0,39,0
4482,img/img_00027757.jpg,upper-body clothes,298,239,293,54,447,149
4483,img/img_00027778.jpg,lower-body clothes,243,168,316,148,468,225
4484,img/img_00027780.jpg,upper-body clothes,334,234,290,56,470,136
4485,img/img_00027782.jpg,upper-body clothes,347,388,388,0,347,0
4486,img/img_00027786.jpg,full-body clothes,315,195,293,98,486,171
4487,img/img_00027791.jpg,full-body clothes,397,361,368,7,483,86
4488,img/img_00027800.jpg,full-body clothes,466,295,336,41,506,40
4489,img/img_00027809.jpg,lower-body clothes,254,223,260,37,434,180
4490,img/img_00027810.jpg,lower-body clothes,328,302,343,41,485,157
4491,img/img_00027813.jpg,lower-body clothes,42,301,301,0,42,0
4492,img/img_00027825.jpg,full-body clothes,404,237,326,89,421,17
4493,img/img_00027830.jpg,lower-body clothes,285,240,336,96,435,150
4494,img/img_00027832.jpg,lower-body clothes,47,324,324,0,47,0
4495,img/img_00027835.jpg,lower-body clothes,92,124,124,0,92,0
4496,img/img_00027844.jpg,upper-body clothes,278,217,293,76,432,154
4497,img/img_00027846.jpg,lower-body clothes,142,79,214,135,330,188
4498,img/img_00027857.jpg,lower-body clothes,172,93,244,151,344,172
4499,img/img_00027869.jpg,lower-body clothes,88,223,223,0,88,0
4500,img/img_00027874.jpg,upper-body clothes,241,212,283,71,390,149
4501,img/img_00027880.jpg,upper-body clothes,379,282,318,36,436,57
4502,img/img_00027887.jpg,lower-body clothes,291,128,227,99,462,171
4503,img/img_00027892.jpg,lower-body clothes,337,138,232,94,356,19
4504,img/img_00027895.jpg,lower-body clothes,244,138,235,97,335,91
4505,img/img_00027897.jpg,lower-body clothes,446,195,291,96,459,13
4506,img/img_00027898.jpg,upper-body clothes,136,107,223,116,335,199
4507,img/img_00027900.jpg,upper-body clothes,429,317,317,0,429,0
4508,img/img_00027903.jpg,upper-body clothes,446,344,352,8,505,59
4509,img/img_00027905.jpg,upper-body clothes,278,259,269,10,483,205
4510,img/img_00027907.jpg,lower-body clothes,400,73,179,106,452,52
4511,img/img_00027912.jpg,upper-body clothes,99,180,180,0,99,0
4512,img/img_00027914.jpg,upper-body clothes,263,218,282,64,383,120
4513,img/img_00027917.jpg,upper-body clothes,239,269,363,94,386,147
4514,img/img_00027919.jpg,upper-body clothes,310,216,244,28,456,146
4515,img/img_00027923.jpg,upper-body clothes,366,253,253,0,366,0
4516,img/img_00027929.jpg,full-body clothes,354,119,223,104,363,9
4517,img/img_00027930.jpg,full-body clothes,250,117,235,118,298,48
4518,img/img_00027935.jpg,full-body clothes,340,153,282,129,347,7
4519,img/img_00027937.jpg,full-body clothes,280,109,250,141,428,148
4520,img/img_00027959.jpg,full-body clothes,151,47,176,129,420,269
4521,img/img_00027969.jpg,full-body clothes,307,255,255,0,307,0
4522,img/img_00027970.jpg,full-body clothes,397,185,185,0,397,0
4523,img/img_00027971.jpg,full-body clothes,318,192,264,72,399,81
4524,img/img_00027973.jpg,full-body clothes,358,213,213,0,358,0
4525,img/img_00027984.jpg,upper-body clothes,238,190,290,100,392,154
4526,img/img_00027987.jpg,upper-body clothes,253,179,287,108,411,158
4527,img/img_00027990.jpg,upper-body clothes,392,245,245,0,392,0
4528,img/img_00027992.jpg,upper-body clothes,224,193,296,103,357,133
4529,img/img_00027993.jpg,upper-body clothes,272,251,270,19,435,163
4530,img/img_00027998.jpg,upper-body clothes,493,259,259,0,493,0
4531,img/img_00028001.jpg,upper-body clothes,253,232,300,68,296,43
4532,img/img_00028006.jpg,upper-body clothes,429,250,250,0,429,0
4533,img/img_00028021.jpg,full-body clothes,220,124,242,118,349,129
4534,img/img_00028029.jpg,full-body clothes,400,340,340,0,400,0
4535,img/img_00028035.jpg,full-body clothes,390,211,301,90,413,23
4536,img/img_00028049.jpg,full-body clothes,214,88,182,94,316,102
4537,img/img_00028051.jpg,full-body clothes,209,107,257,150,366,157
4538,img/img_00028074.jpg,full-body clothes,227,88,130,42,348,121
4539,img/img_00028078.jpg,full-body clothes,99,73,205,132,308,209
4540,img/img_00028091.jpg,upper-body clothes,406,326,340,14,495,89
4541,img/img_00028102.jpg,full-body clothes,381,272,272,0,381,0
4542,img/img_00028110.jpg,full-body clothes,203,105,196,91,301,98
4543,img/img_00028111.jpg,full-body clothes,438,311,318,7,500,62
4544,img/img_00028114.jpg,full-body clothes,205,107,241,134,298,93
4545,img/img_00028123.jpg,lower-body clothes,58,258,258,0,58,0
4546,img/img_00028128.jpg,full-body clothes,303,148,252,104,432,129
4547,img/img_00028131.jpg,full-body clothes,294,147,238,91,435,141
4548,img/img_00028138.jpg,full-body clothes,435,329,329,0,435,0
4549,img/img_00028145.jpg,lower-body clothes,449,297,297,0,449,0
4550,img/img_00028165.jpg,lower-body clothes,235,132,237,105,362,127
4551,img/img_00028167.jpg,upper-body clothes,352,295,315,20,441,89
4552,img/img_00028173.jpg,upper-body clothes,363,301,414,113,385,22
4553,img/img_00028184.jpg,upper-body clothes,457,363,379,16,479,22
4554,img/img_00028193.jpg,lower-body clothes,231,37,179,142,243,12
4555,img/img_00028205.jpg,lower-body clothes,398,284,284,0,398,0
4556,img/img_00028212.jpg,upper-body clothes,249,299,299,0,249,0
4557,img/img_00028226.jpg,full-body clothes,501,303,303,0,501,0
4558,img/img_00028238.jpg,upper-body clothes,476,332,332,0,476,0
4559,img/img_00028244.jpg,upper-body clothes,237,169,247,78,370,133
4560,img/img_00028246.jpg,upper-body clothes,365,248,319,71,392,27
4561,img/img_00028247.jpg,upper-body clothes,385,364,374,10,472,87
4562,img/img_00028249.jpg,full-body clothes,434,72,204,132,476,42
4563,img/img_00028251.jpg,full-body clothes,281,153,263,110,363,82
4564,img/img_00028255.jpg,full-body clothes,244,124,284,160,404,160
4565,img/img_00028257.jpg,full-body clothes,491,322,322,0,491,0
4566,img/img_00028260.jpg,lower-body clothes,414,115,215,100,430,16
4567,img/img_00028264.jpg,full-body clothes,405,201,286,85,430,25
4568,img/img_00028280.jpg,full-body clothes,75,44,225,181,291,216
4569,img/img_00028288.jpg,full-body clothes,488,354,354,0,488,0
4570,img/img_00028296.jpg,full-body clothes,186,224,224,0,186,0
4571,img/img_00028297.jpg,full-body clothes,385,135,269,134,391,6
4572,img/img_00028305.jpg,full-body clothes,359,318,318,0,359,0
4573,img/img_00028312.jpg,full-body clothes,440,300,300,0,440,0
4574,img/img_00028321.jpg,upper-body clothes,279,313,338,25,468,189
4575,img/img_00028325.jpg,full-body clothes,472,317,317,0,472,0
4576,img/img_00028328.jpg,full-body clothes,493,303,303,0,493,0
4577,img/img_00028340.jpg,full-body clothes,400,325,331,6,472,72
4578,img/img_00028359.jpg,full-body clothes,162,77,199,122,341,179
4579,img/img_00028361.jpg,full-body clothes,486,345,345,0,486,0
4580,img/img_00028364.jpg,full-body clothes,343,343,343,0,343,0
4581,img/img_00028366.jpg,full-body clothes,435,325,365,40,486,51
4582,img/img_00028367.jpg,full-body clothes,301,377,377,0,301,0
4583,img/img_00028368.jpg,upper-body clothes,322,263,304,41,446,124
4584,img/img_00028374.jpg,lower-body clothes,334,167,214,47,426,92
4585,img/img_00028377.jpg,lower-body clothes,399,157,157,0,399,0
4586,img/img_00028380.jpg,lower-body clothes,443,151,240,89,483,40
4587,img/img_00028381.jpg,lower-body clothes,427,237,237,0,427,0
4588,img/img_00028392.jpg,lower-body clothes,1,1,1,0,1,0
4589,img/img_00028413.jpg,lower-body clothes,179,99,218,119,409,230
4590,img/img_00028421.jpg,full-body clothes,430,225,299,74,495,65
4591,img/img_00028425.jpg,full-body clothes,438,290,360,70,452,14
4592,img/img_00028427.jpg,full-body clothes,492,340,340,0,492,0
4593,img/img_00028431.jpg,lower-body clothes,314,185,311,126,386,72
4594,img/img_00028449.jpg,lower-body clothes,398,230,230,0,398,0
4595,img/img_00028458.jpg,upper-body clothes,482,267,267,0,482,0
4596,img/img_00028462.jpg,upper-body clothes,407,350,350,0,407,0
4597,img/img_00028465.jpg,upper-body clothes,457,372,372,0,457,0
4598,img/img_00028468.jpg,upper-body clothes,389,371,382,11,486,97
4599,img/img_00028469.jpg,upper-body clothes,229,239,345,106,297,68
4600,img/img_00028470.jpg,upper-body clothes,361,261,298,37,470,109
4601,img/img_00028477.jpg,upper-body clothes,163,254,254,0,163,0
4602,img/img_00028478.jpg,full-body clothes,358,421,421,0,358,0
4603,img/img_00028479.jpg,upper-body clothes,368,244,279,35,433,65
4604,img/img_00028485.jpg,lower-body clothes,27,258,258,0,27,0
4605,img/img_00028491.jpg,upper-body clothes,137,457,457,0,137,0
4606,img/img_00028504.jpg,upper-body clothes,281,162,283,121,433,152
4607,img/img_00028512.jpg,upper-body clothes,310,359,368,9,392,82
4608,img/img_00028515.jpg,upper-body clothes,230,181,235,54,241,11
4609,img/img_00028517.jpg,upper-body clothes,376,223,281,58,380,4
4610,img/img_00028536.jpg,full-body clothes,193,160,307,147,412,219
4611,img/img_00028541.jpg,full-body clothes,235,290,290,0,235,0
4612,img/img_00028551.jpg,full-body clothes,341,208,235,27,370,29
4613,img/img_00028552.jpg,full-body clothes,144,92,196,104,235,91
4614,img/img_00028553.jpg,full-body clothes,86,66,168,102,288,202
4615,img/img_00028557.jpg,full-body clothes,318,188,271,83,451,133
4616,img/img_00028558.jpg,full-body clothes,383,421,421,0,383,0
4617,img/img_00028563.jpg,lower-body clothes,325,168,252,84,395,70
4618,img/img_00028577.jpg,full-body clothes,472,248,248,0,472,0
4619,img/img_00028582.jpg,full-body clothes,362,174,249,75,482,120
4620,img/img_00028588.jpg,full-body clothes,348,507,507,0,348,0
4621,img/img_00028593.jpg,full-body clothes,179,65,163,98,225,46
4622,img/img_00028603.jpg,lower-body clothes,162,74,165,91,310,148
4623,img/img_00028614.jpg,lower-body clothes,329,272,351,79,422,93
4624,img/img_00028615.jpg,lower-body clothes,277,154,233,79,347,70
4625,img/img_00028622.jpg,upper-body clothes,431,322,322,0,431,0
4626,img/img_00028629.jpg,full-body clothes,199,160,160,0,199,0
4627,img/img_00028636.jpg,full-body clothes,300,165,258,93,385,85
4628,img/img_00028639.jpg,lower-body clothes,360,151,274,123,403,43
4629,img/img_00028642.jpg,lower-body clothes,415,214,214,0,415,0
4630,img/img_00028644.jpg,lower-body clothes,419,319,358,39,488,69
4631,img/img_00028647.jpg,lower-body clothes,409,134,252,118,463,54
4632,img/img_00028652.jpg,upper-body clothes,309,245,296,51,404,95
4633,img/img_00028666.jpg,upper-body clothes,317,375,375,0,317,0
4634,img/img_00028667.jpg,upper-body clothes,238,172,266,94,391,153
4635,img/img_00028673.jpg,lower-body clothes,416,96,236,140,454,38
4636,img/img_00028675.jpg,upper-body clothes,476,286,286,0,476,0
4637,img/img_00028678.jpg,upper-body clothes,365,309,326,17,454,89
4638,img/img_00028687.jpg,upper-body clothes,407,309,327,18,461,54
4639,img/img_00028688.jpg,upper-body clothes,401,316,330,14,460,59
4640,img/img_00028694.jpg,upper-body clothes,330,233,304,71,484,154
4641,img/img_00028701.jpg,upper-body clothes,39,284,284,0,39,0
4642,img/img_00028705.jpg,full-body clothes,267,189,267,78,394,127
4643,img/img_00028707.jpg,upper-body clothes,294,228,285,57,311,17
4644,img/img_00028710.jpg,upper-body clothes,277,185,274,89,446,169
4645,img/img_00028711.jpg,upper-body clothes,307,213,300,87,349,42
4646,img/img_00028714.jpg,upper-body clothes,477,348,360,12,490,13
4647,img/img_00028719.jpg,upper-body clothes,486,376,376,0,486,0
4648,img/img_00028722.jpg,upper-body clothes,215,146,235,89,350,135
4649,img/img_00028723.jpg,upper-body clothes,442,239,239,0,442,0
4650,img/img_00028724.jpg,upper-body clothes,358,321,328,7,370,12
4651,img/img_00028730.jpg,full-body clothes,351,177,256,79,488,137
4652,img/img_00028732.jpg,full-body clothes,505,362,362,0,505,0
4653,img/img_00028733.jpg,full-body clothes,286,245,245,0,286,0
4654,img/img_00028743.jpg,full-body clothes,184,93,201,108,314,130
4655,img/img_00028747.jpg,full-body clothes,337,180,246,66,387,50
4656,img/img_00028748.jpg,lower-body clothes,352,331,334,3,425,73
4657,img/img_00028756.jpg,lower-body clothes,383,264,264,0,383,0
4658,img/img_00028762.jpg,upper-body clothes,378,299,324,25,392,14
4659,img/img_00028773.jpg,full-body clothes,482,368,368,0,482,0
4660,img/img_00028781.jpg,full-body clothes,312,354,354,0,312,0
4661,img/img_00028782.jpg,full-body clothes,390,338,338,0,390,0
4662,img/img_00028786.jpg,full-body clothes,174,303,303,0,174,0
4663,img/img_00028792.jpg,full-body clothes,202,146,233,87,299,97
4664,img/img_00028796.jpg,full-body clothes,176,101,173,72,296,120
4665,img/img_00028799.jpg,full-body clothes,454,267,267,0,454,0
4666,img/img_00028805.jpg,full-body clothes,244,227,227,0,244,0
4667,img/img_00028811.jpg,full-body clothes,130,77,283,206,306,176
4668,img/img_00028819.jpg,full-body clothes,270,189,220,31,350,80
4669,img/img_00028828.jpg,upper-body clothes,214,127,233,106,403,189
4670,img/img_00028851.jpg,full-body clothes,254,158,302,144,395,141
4671,img/img_00028855.jpg,full-body clothes,222,108,121,13,303,81
4672,img/img_00028866.jpg,upper-body clothes,34,251,251,0,34,0
4673,img/img_00028871.jpg,upper-body clothes,486,323,323,0,486,0
4674,img/img_00028872.jpg,upper-body clothes,186,353,353,0,186,0
4675,img/img_00028885.jpg,lower-body clothes,363,221,292,71,453,90
4676,img/img_00028888.jpg,full-body clothes,436,266,349,83,498,62
4677,img/img_00028889.jpg,lower-body clothes,455,172,273,101,468,13
4678,img/img_00028891.jpg,upper-body clothes,246,185,260,75,374,128
4679,img/img_00028892.jpg,upper-body clothes,251,179,258,79,386,135
4680,img/img_00028894.jpg,upper-body clothes,374,263,296,33,503,129
4681,img/img_00028895.jpg,upper-body clothes,470,343,343,0,470,0
4682,img/img_00028907.jpg,lower-body clothes,290,304,330,26,486,196
4683,img/img_00028919.jpg,lower-body clothes,272,284,287,3,365,93
4684,img/img_00028921.jpg,full-body clothes,382,281,318,37,458,76
4685,img/img_00028924.jpg,full-body clothes,364,331,351,20,496,132
4686,img/img_00028925.jpg,full-body clothes,490,357,393,36,495,5
4687,img/img_00028927.jpg,full-body clothes,327,137,229,92,427,100
4688,img/img_00028932.jpg,full-body clothes,227,266,266,0,227,0
4689,img/img_00028934.jpg,full-body clothes,243,93,253,160,436,193
4690,img/img_00028935.jpg,full-body clothes,396,256,256,0,396,0
4691,img/img_00028936.jpg,full-body clothes,399,351,351,0,399,0
4692,img/img_00028949.jpg,full-body clothes,162,262,262,0,162,0
4693,img/img_00028954.jpg,upper-body clothes,486,375,375,0,486,0
4694,img/img_00028958.jpg,full-body clothes,507,308,308,0,507,0
4695,img/img_00028963.jpg,full-body clothes,376,262,262,0,376,0
4696,img/img_00028969.jpg,full-body clothes,186,95,203,108,316,130
4697,img/img_00028976.jpg,upper-body clothes,128,57,224,167,276,148
4698,img/img_00028978.jpg,upper-body clothes,200,123,265,142,309,109
4699,img/img_00028985.jpg,full-body clothes,495,295,295,0,495,0
4700,img/img_00028992.jpg,upper-body clothes,97,80,240,160,313,216
4701,img/img_00028996.jpg,lower-body clothes,490,247,324,77,495,5
4702,img/img_00029003.jpg,full-body clothes,403,257,298,41,475,72
4703,img/img_00029005.jpg,full-body clothes,221,107,248,141,307,86
4704,img/img_00029009.jpg,upper-body clothes,359,279,314,35,452,93
4705,img/img_00029027.jpg,full-body clothes,167,89,182,93,249,82
4706,img/img_00029030.jpg,lower-body clothes,379,94,218,124,438,59
4707,img/img_00029035.jpg,lower-body clothes,296,36,234,198,377,81
4708,img/img_00029040.jpg,lower-body clothes,98,327,327,0,98,0
4709,img/img_00029049.jpg,upper-body clothes,362,282,295,13,384,22
4710,img/img_00029050.jpg,upper-body clothes,163,115,215,100,259,96
4711,img/img_00029052.jpg,upper-body clothes,334,280,290,10,485,151
4712,img/img_00029058.jpg,upper-body clothes,100,97,97,0,100,0
4713,img/img_00029065.jpg,upper-body clothes,158,146,307,161,265,107
4714,img/img_00029071.jpg,full-body clothes,280,106,225,119,363,83
4715,img/img_00029080.jpg,full-body clothes,287,206,215,9,392,105
4716,img/img_00029090.jpg,full-body clothes,122,96,206,110,391,269
4717,img/img_00029096.jpg,full-body clothes,191,131,256,125,372,181
4718,img/img_00029100.jpg,full-body clothes,219,182,312,130,283,64
4719,img/img_00029103.jpg,full-body clothes,492,349,349,0,492,0
4720,img/img_00029104.jpg,full-body clothes,346,187,284,97,409,63
4721,img/img_00029107.jpg,full-body clothes,471,353,367,14,481,10
4722,img/img_00029108.jpg,full-body clothes,362,261,261,0,362,0
4723,img/img_00029117.jpg,full-body clothes,368,238,269,31,489,121
4724,img/img_00029128.jpg,full-body clothes,211,288,288,0,211,0
4725,img/img_00029133.jpg,full-body clothes,216,231,231,0,216,0
4726,img/img_00029140.jpg,full-body clothes,433,332,332,0,433,0
4727,img/img_00029153.jpg,full-body clothes,374,210,264,54,471,97
4728,img/img_00029158.jpg,full-body clothes,233,112,283,171,309,76
4729,img/img_00029161.jpg,full-body clothes,266,121,179,58,301,35
4730,img/img_00029162.jpg,full-body clothes,204,29,148,119,294,90
4731,img/img_00029176.jpg,full-body clothes,275,147,178,31,325,50
4732,img/img_00029185.jpg,full-body clothes,382,189,236,47,402,20
4733,img/img_00029203.jpg,full-body clothes,368,212,212,0,368,0
4734,img/img_00029224.jpg,full-body clothes,391,228,279,51,396,5
4735,img/img_00029229.jpg,full-body clothes,265,158,249,91,359,94
4736,img/img_00029238.jpg,full-body clothes,424,248,248,0,424,0
4737,img/img_00029242.jpg,full-body clothes,504,201,201,0,504,0
4738,img/img_00029253.jpg,upper-body clothes,316,259,289,30,492,176
4739,img/img_00029255.jpg,upper-body clothes,227,144,235,91,403,176
4740,img/img_00029256.jpg,upper-body clothes,152,107,238,131,297,145
4741,img/img_00029259.jpg,upper-body clothes,153,137,252,115,253,100
4742,img/img_00029275.jpg,lower-body clothes,359,273,273,0,359,0
4743,img/img_00029278.jpg,upper-body clothes,267,299,343,44,489,222
4744,img/img_00029286.jpg,upper-body clothes,280,234,275,41,399,119
4745,img/img_00029292.jpg,upper-body clothes,467,368,368,0,467,0
4746,img/img_00029293.jpg,upper-body clothes,208,131,223,92,422,214
4747,img/img_00029303.jpg,lower-body clothes,341,136,260,124,385,44
4748,img/img_00029307.jpg,upper-body clothes,271,158,274,116,425,154
4749,img/img_00029310.jpg,upper-body clothes,94,415,415,0,94,0
4750,img/img_00029314.jpg,upper-body clothes,220,197,333,136,418,198
4751,img/img_00029320.jpg,upper-body clothes,373,352,371,19,468,95
4752,img/img_00029333.jpg,upper-body clothes,449,375,375,0,449,0
4753,img/img_00029336.jpg,upper-body clothes,143,238,238,0,143,0
4754,img/img_00029339.jpg,upper-body clothes,433,274,274,0,433,0
4755,img/img_00029343.jpg,lower-body clothes,203,173,305,132,464,261
4756,img/img_00029344.jpg,lower-body clothes,426,176,269,93,449,23
4757,img/img_00029356.jpg,lower-body clothes,509,310,310,0,509,0
4758,img/img_00029363.jpg,full-body clothes,276,45,203,158,451,175
4759,img/img_00029370.jpg,full-body clothes,348,115,253,138,437,89
4760,img/img_00029393.jpg,lower-body clothes,409,143,246,103,421,12
4761,img/img_00029396.jpg,upper-body clothes,290,222,287,65,455,165
4762,img/img_00029407.jpg,upper-body clothes,387,257,270,13,416,29
4763,img/img_00029429.jpg,lower-body clothes,327,123,225,102,356,29
4764,img/img_00029430.jpg,lower-body clothes,189,110,207,97,404,215
4765,img/img_00029457.jpg,upper-body clothes,274,209,267,58,306,32
4766,img/img_00029463.jpg,lower-body clothes,335,126,215,89,403,68
4767,img/img_00029489.jpg,lower-body clothes,385,134,239,105,436,51
4768,img/img_00029494.jpg,lower-body clothes,108,221,221,0,108,0
4769,img/img_00029496.jpg,lower-body clothes,220,85,227,142,468,248
4770,img/img_00029500.jpg,lower-body clothes,384,129,221,92,439,55
4771,img/img_00029501.jpg,lower-body clothes,385,135,239,104,435,50
4772,img/img_00029516.jpg,full-body clothes,180,105,224,119,471,291
4773,img/img_00029519.jpg,full-body clothes,348,60,60,0,348,0
4774,img/img_00029523.jpg,full-body clothes,161,90,230,140,294,133
4775,img/img_00029524.jpg,full-body clothes,178,263,263,0,178,0
4776,img/img_00029525.jpg,full-body clothes,475,343,343,0,475,0
4777,img/img_00029533.jpg,full-body clothes,192,87,193,106,328,136
4778,img/img_00029539.jpg,full-body clothes,284,184,216,32,436,152
4779,img/img_00029541.jpg,full-body clothes,185,107,190,83,297,112
4780,img/img_00029548.jpg,lower-body clothes,385,138,257,119,411,26
4781,img/img_00029551.jpg,lower-body clothes,482,182,182,0,482,0
4782,img/img_00029556.jpg,lower-body clothes,383,166,272,106,418,35
4783,img/img_00029564.jpg,lower-body clothes,295,75,211,136,464,169
4784,img/img_00029573.jpg,full-body clothes,220,119,240,121,242,22
4785,img/img_00029592.jpg,upper-body clothes,497,366,366,0,497,0
4786,img/img_00029610.jpg,upper-body clothes,161,120,199,79,265,104
4787,img/img_00029612.jpg,upper-body clothes,250,215,279,64,398,148
4788,img/img_00029619.jpg,upper-body clothes,271,199,265,66,423,152
4789,img/img_00029622.jpg,upper-body clothes,323,236,288,52,491,168
4790,img/img_00029628.jpg,upper-body clothes,191,142,248,106,258,67
4791,img/img_00029648.jpg,upper-body clothes,242,173,233,60,372,130
4792,img/img_00029652.jpg,upper-body clothes,260,373,373,0,260,0
4793,img/img_00029658.jpg,upper-body clothes,287,196,267,71,433,146
4794,img/img_00029662.jpg,upper-body clothes,447,369,369,0,447,0
4795,img/img_00029667.jpg,upper-body clothes,364,239,284,45,372,8
4796,img/img_00029673.jpg,lower-body clothes,292,110,152,42,340,48
4797,img/img_00029681.jpg,upper-body clothes,129,88,232,144,251,122
4798,img/img_00029685.jpg,upper-body clothes,304,212,298,86,465,161
4799,img/img_00029689.jpg,upper-body clothes,355,289,331,42,422,67
4800,img/img_00029690.jpg,upper-body clothes,354,243,243,0,354,0
4801,img/img_00029703.jpg,upper-body clothes,274,268,350,82,334,60
4802,img/img_00029712.jpg,upper-body clothes,502,373,373,0,502,0
4803,img/img_00029714.jpg,full-body clothes,227,158,224,66,393,166
4804,img/img_00029716.jpg,full-body clothes,261,137,296,159,355,94
4805,img/img_00029717.jpg,full-body clothes,384,238,290,52,476,92
4806,img/img_00029729.jpg,full-body clothes,412,295,300,5,421,9
4807,img/img_00029734.jpg,full-body clothes,344,235,289,54,353,9
4808,img/img_00029735.jpg,full-body clothes,162,169,228,59,363,201
4809,img/img_00029754.jpg,lower-body clothes,372,173,278,105,390,18
4810,img/img_00029760.jpg,lower-body clothes,257,168,255,87,285,28
4811,img/img_00029763.jpg,upper-body clothes,419,336,336,0,419,0
4812,img/img_00029764.jpg,upper-body clothes,412,308,308,0,412,0
4813,img/img_00029768.jpg,upper-body clothes,339,248,324,76,374,35
4814,img/img_00029770.jpg,upper-body clothes,138,99,245,146,267,129
4815,img/img_00029775.jpg,full-body clothes,436,320,339,19,509,73
4816,img/img_00029778.jpg,full-body clothes,277,266,309,43,427,150
4817,img/img_00029788.jpg,upper-body clothes,185,126,240,114,195,10
4818,img/img_00029795.jpg,lower-body clothes,266,133,235,102,311,45
4819,img/img_00029801.jpg,upper-body clothes,299,212,269,57,443,144
4820,img/img_00029808.jpg,upper-body clothes,119,457,457,0,119,0
4821,img/img_00029814.jpg,upper-body clothes,201,178,255,77,316,115
4822,img/img_00029816.jpg,upper-body clothes,192,151,217,66,347,155
4823,img/img_00029819.jpg,upper-body clothes,389,387,411,24,445,56
4824,img/img_00029821.jpg,full-body clothes,500,314,314,0,500,0
4825,img/img_00029826.jpg,upper-body clothes,368,248,302,54,399,31
4826,img/img_00029828.jpg,lower-body clothes,308,95,381,286,383,75
4827,img/img_00029830.jpg,lower-body clothes,75,308,308,0,75,0
4828,img/img_00029842.jpg,full-body clothes,146,66,175,109,230,84
4829,img/img_00029846.jpg,full-body clothes,208,115,212,97,227,19
4830,img/img_00029858.jpg,lower-body clothes,319,110,237,127,395,76
4831,img/img_00029860.jpg,lower-body clothes,242,189,319,130,468,226
4832,img/img_00029861.jpg,lower-body clothes,459,216,285,69,507,48
4833,img/img_00029866.jpg,full-body clothes,396,337,337,0,396,0
4834,img/img_00029874.jpg,full-body clothes,166,62,248,186,372,206
4835,img/img_00029884.jpg,lower-body clothes,355,373,373,0,355,0
4836,img/img_00029910.jpg,full-body clothes,163,127,296,169,175,12
4837,img/img_00029911.jpg,full-body clothes,251,173,259,86,459,208
4838,img/img_00029918.jpg,lower-body clothes,361,152,255,103,399,38
4839,img/img_00029931.jpg,full-body clothes,339,179,228,49,458,119
4840,img/img_00029933.jpg,full-body clothes,445,319,379,60,504,59
4841,img/img_00029935.jpg,full-body clothes,235,137,279,142,373,138
4842,img/img_00029941.jpg,full-body clothes,497,375,375,0,497,0
4843,img/img_00029971.jpg,upper-body clothes,287,216,278,62,453,166
4844,img/img_00029978.jpg,full-body clothes,275,243,243,0,275,0
4845,img/img_00029980.jpg,full-body clothes,342,192,204,12,347,5
4846,img/img_00029989.jpg,full-body clothes,192,127,261,134,352,160
4847,img/img_00029995.jpg,full-body clothes,376,366,366,0,376,0
4848,img/img_00029999.jpg,full-body clothes,104,59,260,201,225,121
4849,img/img_00030002.jpg,full-body clothes,240,128,209,81,254,14
4850,img/img_00030007.jpg,full-body clothes,175,99,227,128,281,106
4851,img/img_00030018.jpg,full-body clothes,321,342,342,0,321,0
4852,img/img_00030032.jpg,full-body clothes,198,93,168,75,288,90
4853,img/img_00030038.jpg,upper-body clothes,194,276,282,6,347,153
4854,img/img_00030039.jpg,lower-body clothes,484,230,230,0,484,0
4855,img/img_00030041.jpg,lower-body clothes,178,101,256,155,325,147
4856,img/img_00030044.jpg,lower-body clothes,483,324,324,0,483,0
4857,img/img_00030045.jpg,lower-body clothes,297,240,311,71,409,112
4858,img/img_00030050.jpg,full-body clothes,220,153,265,112,348,128
4859,img/img_00030053.jpg,full-body clothes,433,168,252,84,485,52
4860,img/img_00030059.jpg,lower-body clothes,363,138,248,110,410,47
4861,img/img_00030060.jpg,lower-body clothes,233,27,183,156,314,81
4862,img/img_00030065.jpg,full-body clothes,495,299,299,0,495,0
4863,img/img_00030069.jpg,full-body clothes,336,161,254,93,459,123
4864,img/img_00030080.jpg,full-body clothes,468,382,382,0,468,0
4865,img/img_00030091.jpg,full-body clothes,227,310,310,0,227,0
4866,img/img_00030103.jpg,lower-body clothes,151,105,238,133,387,236
4867,img/img_00030110.jpg,upper-body clothes,350,240,290,50,360,10
4868,img/img_00030117.jpg,upper-body clothes,495,381,381,0,495,0
4869,img/img_00030118.jpg,upper-body clothes,463,319,319,0,463,0
4870,img/img_00030119.jpg,lower-body clothes,319,252,294,42,428,109
4871,img/img_00030120.jpg,lower-body clothes,15,58,58,0,15,0
4872,img/img_00030122.jpg,full-body clothes,287,134,230,96,385,98
4873,img/img_00030128.jpg,lower-body clothes,505,207,207,0,505,0
4874,img/img_00030130.jpg,lower-body clothes,1,1,1,0,1,0
4875,img/img_00030137.jpg,lower-body clothes,322,229,229,0,322,0
4876,img/img_00030139.jpg,lower-body clothes,185,120,316,196,409,224
4877,img/img_00030143.jpg,lower-body clothes,339,121,257,136,349,10
4878,img/img_00030145.jpg,upper-body clothes,399,304,326,22,405,6
4879,img/img_00030167.jpg,lower-body clothes,376,138,249,111,412,36
4880,img/img_00030178.jpg,upper-body clothes,379,371,371,0,379,0
4881,img/img_00030179.jpg,upper-body clothes,171,142,280,138,263,92
4882,img/img_00030180.jpg,upper-body clothes,454,312,312,0,454,0
4883,img/img_00030181.jpg,upper-body clothes,425,332,332,0,425,0
4884,img/img_00030182.jpg,upper-body clothes,327,325,336,11,423,96
4885,img/img_00030184.jpg,upper-body clothes,481,340,340,0,481,0
4886,img/img_00030186.jpg,upper-body clothes,397,360,360,0,397,0
4887,img/img_00030188.jpg,upper-body clothes,291,260,260,0,291,0
4888,img/img_00030190.jpg,upper-body clothes,284,325,363,38,466,182
4889,img/img_00030191.jpg,upper-body clothes,454,278,278,0,454,0
4890,img/img_00030192.jpg,upper-body clothes,356,248,300,52,365,9
4891,img/img_00030194.jpg,full-body clothes,281,256,256,0,281,0
4892,img/img_00030213.jpg,full-body clothes,130,86,198,112,290,160
4893,img/img_00030232.jpg,full-body clothes,266,165,252,87,430,164
4894,img/img_00030235.jpg,full-body clothes,199,280,280,0,199,0
4895,img/img_00030238.jpg,lower-body clothes,324,234,265,31,439,115
4896,img/img_00030240.jpg,full-body clothes,323,241,241,0,323,0
4897,img/img_00030245.jpg,full-body clothes,345,320,320,0,345,0
4898,img/img_00030248.jpg,full-body clothes,274,173,232,59,386,112
4899,img/img_00030252.jpg,full-body clothes,424,280,318,38,491,67
4900,img/img_00030253.jpg,full-body clothes,420,261,323,62,462,42
4901,img/img_00030259.jpg,lower-body clothes,240,108,239,131,270,30
4902,img/img_00030274.jpg,full-body clothes,357,257,288,31,395,38
4903,img/img_00030275.jpg,full-body clothes,449,244,285,41,453,4
4904,img/img_00030281.jpg,upper-body clothes,343,240,296,56,487,144
4905,img/img_00030309.jpg,upper-body clothes,495,377,377,0,495,0
4906,img/img_00030311.jpg,full-body clothes,317,278,278,0,317,0
4907,img/img_00030316.jpg,upper-body clothes,281,221,256,35,290,9
4908,img/img_00030320.jpg,upper-body clothes,502,346,346,0,502,0
4909,img/img_00030322.jpg,full-body clothes,246,486,486,0,246,0
4910,img/img_00030323.jpg,full-body clothes,394,237,253,16,500,106
4911,img/img_00030332.jpg,full-body clothes,398,268,268,0,398,0
4912,img/img_00030334.jpg,full-body clothes,475,301,301,0,475,0
4913,img/img_00030339.jpg,full-body clothes,261,156,290,134,437,176
4914,img/img_00030342.jpg,full-body clothes,133,27,198,171,321,188
4915,img/img_00030354.jpg,lower-body clothes,174,39,265,226,354,180
4916,img/img_00030364.jpg,full-body clothes,281,66,197,131,357,76
4917,img/img_00030369.jpg,full-body clothes,271,144,260,116,279,8
4918,img/img_00030371.jpg,full-body clothes,419,265,368,103,433,14
4919,img/img_00030380.jpg,full-body clothes,499,230,246,16,511,12
4920,img/img_00030381.jpg,full-body clothes,245,116,250,134,335,90
4921,img/img_00030384.jpg,full-body clothes,188,98,221,123,317,129
4922,img/img_00030392.jpg,upper-body clothes,468,358,372,14,486,18
4923,img/img_00030394.jpg,lower-body clothes,357,130,239,109,401,44
4924,img/img_00030401.jpg,full-body clothes,383,241,290,49,422,39
4925,img/img_00030406.jpg,full-body clothes,248,290,290,0,248,0
4926,img/img_00030412.jpg,full-body clothes,329,219,327,108,463,134
4927,img/img_00030416.jpg,full-body clothes,431,377,377,0,431,0
4928,img/img_00030419.jpg,full-body clothes,328,299,314,15,458,130
4929,img/img_00030420.jpg,full-body clothes,484,235,253,18,485,1
4930,img/img_00030422.jpg,full-body clothes,415,278,346,68,454,39
4931,img/img_00030429.jpg,full-body clothes,175,257,257,0,175,0
4932,img/img_00030431.jpg,full-body clothes,299,279,279,0,299,0
4933,img/img_00030436.jpg,full-body clothes,185,121,232,111,258,73
4934,img/img_00030437.jpg,full-body clothes,358,368,368,0,358,0
4935,img/img_00030440.jpg,lower-body clothes,132,281,281,0,132,0
4936,img/img_00030448.jpg,full-body clothes,263,308,308,0,263,0
4937,img/img_00030451.jpg,full-body clothes,469,372,372,0,469,0
4938,img/img_00030454.jpg,full-body clothes,258,277,277,0,258,0
4939,img/img_00030469.jpg,upper-body clothes,348,242,284,42,357,9
4940,img/img_00030474.jpg,lower-body clothes,294,149,257,108,434,140
4941,img/img_00030478.jpg,lower-body clothes,209,108,239,131,368,159
4942,img/img_00030479.jpg,full-body clothes,339,309,319,10,415,76
4943,img/img_00030488.jpg,full-body clothes,452,298,298,0,452,0
4944,img/img_00030500.jpg,lower-body clothes,165,132,227,95,358,193
4945,img/img_00030506.jpg,upper-body clothes,458,363,376,13,473,15
4946,img/img_00030512.jpg,upper-body clothes,470,349,349,0,470,0
4947,img/img_00030525.jpg,full-body clothes,144,73,101,28,206,62
4948,img/img_00030533.jpg,upper-body clothes,282,206,275,69,441,159
4949,img/img_00030537.jpg,lower-body clothes,269,205,298,93,290,21
4950,img/img_00030546.jpg,upper-body clothes,292,203,275,72,445,153
4951,img/img_00030570.jpg,full-body clothes,325,219,271,52,400,75
4952,img/img_00030571.jpg,full-body clothes,321,155,223,68,368,47
4953,img/img_00030575.jpg,full-body clothes,352,119,212,93,438,86
4954,img/img_00030576.jpg,full-body clothes,467,168,268,100,495,28
4955,img/img_00030584.jpg,upper-body clothes,250,177,239,62,259,9
4956,img/img_00030589.jpg,upper-body clothes,355,258,319,61,397,42
4957,img/img_00030596.jpg,full-body clothes,102,52,226,174,169,67
4958,img/img_00030603.jpg,full-body clothes,396,212,306,94,413,17
4959,img/img_00030604.jpg,full-body clothes,438,338,338,0,438,0
4960,img/img_00030606.jpg,full-body clothes,453,368,368,0,453,0
4961,img/img_00030612.jpg,full-body clothes,453,210,272,62,472,19
4962,img/img_00030620.jpg,full-body clothes,217,339,339,0,217,0
4963,img/img_00030625.jpg,upper-body clothes,106,83,149,66,115,9
4964,img/img_00030626.jpg,upper-body clothes,391,218,218,0,391,0
4965,img/img_00030628.jpg,upper-body clothes,436,349,372,23,455,19
4966,img/img_00030632.jpg,upper-body clothes,319,319,352,33,409,90
4967,img/img_00030633.jpg,upper-body clothes,356,185,185,0,356,0
4968,img/img_00030636.jpg,upper-body clothes,330,319,358,39,471,141
4969,img/img_00030639.jpg,upper-body clothes,487,366,366,0,487,0
4970,img/img_00030648.jpg,lower-body clothes,211,118,242,124,430,219
4971,img/img_00030649.jpg,lower-body clothes,222,64,198,134,440,218
4972,img/img_00030654.jpg,lower-body clothes,215,71,175,104,474,259
4973,img/img_00030662.jpg,lower-body clothes,201,86,140,54,435,234
4974,img/img_00030665.jpg,lower-body clothes,169,57,140,83,315,146
4975,img/img_00030666.jpg,lower-body clothes,225,84,210,126,478,253
4976,img/img_00030671.jpg,lower-body clothes,196,71,213,142,449,253
4977,img/img_00030680.jpg,lower-body clothes,223,112,221,109,446,223
4978,img/img_00030698.jpg,upper-body clothes,200,154,251,97,343,143
4979,img/img_00030712.jpg,lower-body clothes,244,81,205,124,453,209
4980,img/img_00030715.jpg,lower-body clothes,249,136,241,105,448,199
4981,img/img_00030723.jpg,lower-body clothes,175,178,178,0,175,0
4982,img/img_00030725.jpg,lower-body clothes,191,65,210,145,446,255
4983,img/img_00030739.jpg,upper-body clothes,129,87,214,127,218,89
4984,img/img_00030745.jpg,upper-body clothes,266,62,127,65,391,125
4985,img/img_00030747.jpg,upper-body clothes,299,107,159,52,415,116
4986,img/img_00030757.jpg,full-body clothes,233,60,172,112,312,79
4987,img/img_00030760.jpg,full-body clothes,238,81,225,144,307,69
4988,img/img_00030777.jpg,lower-body clothes,180,82,140,58,201,21
4989,img/img_00030779.jpg,lower-body clothes,497,283,283,0,497,0
4990,img/img_00030785.jpg,lower-body clothes,421,153,276,123,429,8
4991,img/img_00030788.jpg,lower-body clothes,38,281,281,0,38,0
4992,img/img_00030791.jpg,lower-body clothes,5,252,252,0,5,0
4993,img/img_00030796.jpg,full-body clothes,333,175,490,315,424,91
4994,img/img_00030803.jpg,full-body clothes,372,129,236,107,486,114
4995,img/img_00030811.jpg,upper-body clothes,299,421,468,47,437,138
4996,img/img_00030816.jpg,upper-body clothes,441,282,341,59,502,61
4997,img/img_00030824.jpg,lower-body clothes,247,65,167,102,451,204
4998,img/img_00030858.jpg,full-body clothes,327,109,245,136,444,117
4999,img/img_00030863.jpg,full-body clothes,148,52,123,71,206,58
5000,img/img_00030872.jpg,full-body clothes,166,110,219,109,237,71
5001,img/img_00030877.jpg,full-body clothes,363,85,216,131,475,112
5002,img/img_00030878.jpg,full-body clothes,384,64,211,147,463,79
5003,img/img_00030886.jpg,full-body clothes,236,77,201,124,286,50
5004,img/img_00030887.jpg,full-body clothes,362,76,235,159,454,92
5005,img/img_00030890.jpg,full-body clothes,317,70,302,232,408,91
5006,img/img_00030891.jpg,full-body clothes,305,88,203,115,387,82
5007,img/img_00030893.jpg,full-body clothes,341,97,210,113,430,89
5008,img/img_00030896.jpg,lower-body clothes,486,101,234,133,504,18
5009,img/img_00030902.jpg,lower-body clothes,456,179,274,95,459,3
5010,img/img_00030907.jpg,lower-body clothes,108,276,276,0,108,0
5011,img/img_00030915.jpg,lower-body clothes,234,23,116,93,241,7
5012,img/img_00030922.jpg,lower-body clothes,132,69,142,73,244,112
5013,img/img_00030928.jpg,lower-body clothes,165,47,178,131,283,118
5014,img/img_00030938.jpg,lower-body clothes,280,55,191,136,467,187
5015,img/img_00030943.jpg,lower-body clothes,413,146,256,110,423,10
5016,img/img_00030965.jpg,upper-body clothes,135,59,221,162,206,71
5017,img/img_00030970.jpg,upper-body clothes,128,101,113,12,208,80
5018,img/img_00030992.jpg,upper-body clothes,70,71,120,49,128,58
5019,img/img_00030993.jpg,upper-body clothes,74,54,189,135,143,69
5020,img/img_00030998.jpg,upper-body clothes,344,249,249,0,344,0
5021,img/img_00031000.jpg,upper-body clothes,312,134,231,97,441,129
5022,img/img_00031001.jpg,upper-body clothes,96,87,192,105,198,102
5023,img/img_00031012.jpg,upper-body clothes,132,37,100,63,219,87
5024,img/img_00031031.jpg,upper-body clothes,244,161,261,100,388,144
5025,img/img_00031045.jpg,upper-body clothes,96,78,122,44,164,68
5026,img/img_00031052.jpg,upper-body clothes,140,102,205,103,234,94
5027,img/img_00031054.jpg,upper-body clothes,126,101,216,115,240,114
5028,img/img_00031058.jpg,upper-body clothes,265,174,301,127,415,150
5029,img/img_00031062.jpg,upper-body clothes,273,89,201,112,451,178
5030,img/img_00031066.jpg,upper-body clothes,142,87,213,126,243,101
5031,img/img_00031072.jpg,upper-body clothes,134,84,100,16,218,84
5032,img/img_00031079.jpg,upper-body clothes,395,244,244,0,395,0
5033,img/img_00031097.jpg,lower-body clothes,232,52,148,96,441,209
5034,img/img_00031128.jpg,lower-body clothes,200,63,222,159,394,194
5035,img/img_00031132.jpg,lower-body clothes,139,83,83,0,139,0
5036,img/img_00031133.jpg,lower-body clothes,231,74,149,75,263,32
5037,img/img_00031137.jpg,lower-body clothes,258,80,194,114,265,7
5038,img/img_00031144.jpg,lower-body clothes,137,48,149,101,261,124
5039,img/img_00031147.jpg,upper-body clothes,284,156,240,84,438,154
5040,img/img_00031157.jpg,upper-body clothes,211,120,218,98,318,107
5041,img/img_00031164.jpg,lower-body clothes,155,65,204,139,417,262
5042,img/img_00031166.jpg,lower-body clothes,243,85,184,99,463,220
5043,img/img_00031173.jpg,lower-body clothes,315,77,182,105,326,11
5044,img/img_00031176.jpg,lower-body clothes,180,54,65,11,332,152
5045,img/img_00031191.jpg,lower-body clothes,176,130,216,86,400,224
5046,img/img_00031206.jpg,lower-body clothes,155,73,199,126,338,183
5047,img/img_00031212.jpg,lower-body clothes,194,178,263,85,238,44
5048,img/img_00031214.jpg,lower-body clothes,127,47,214,167,149,22
5049,img/img_00031222.jpg,lower-body clothes,133,173,246,73,169,36
5050,img/img_00031232.jpg,lower-body clothes,102,122,254,132,357,255
5051,img/img_00031238.jpg,lower-body clothes,425,205,205,0,425,0
5052,img/img_00031243.jpg,lower-body clothes,158,63,186,123,417,259
5053,img/img_00031268.jpg,upper-body clothes,367,326,415,89,439,72
5054,img/img_00031274.jpg,upper-body clothes,278,99,233,134,371,93
5055,img/img_00031277.jpg,upper-body clothes,301,76,124,48,420,119
5056,img/img_00031278.jpg,upper-body clothes,310,61,136,75,428,118
5057,img/img_00031285.jpg,upper-body clothes,268,141,229,88,418,150
5058,img/img_00031286.jpg,upper-body clothes,96,114,221,107,219,123
5059,img/img_00031297.jpg,upper-body clothes,190,110,309,199,329,139
5060,img/img_00031320.jpg,upper-body clothes,212,130,180,50,318,106
5061,img/img_00031322.jpg,upper-body clothes,179,223,334,111,427,248
5062,img/img_00031323.jpg,upper-body clothes,145,109,149,40,156,11
5063,img/img_00031327.jpg,upper-body clothes,188,263,365,102,429,241
5064,img/img_00031331.jpg,lower-body clothes,435,26,207,181,444,9
5065,img/img_00031379.jpg,upper-body clothes,231,97,225,128,343,112
5066,img/img_00031380.jpg,upper-body clothes,241,106,203,97,342,101
5067,img/img_00031402.jpg,lower-body clothes,217,102,187,85,400,183
5068,img/img_00031405.jpg,lower-body clothes,168,83,121,38,410,242
5069,img/img_00031408.jpg,lower-body clothes,70,430,430,0,70,0
5070,img/img_00031416.jpg,full-body clothes,232,137,238,101,320,88
5071,img/img_00031420.jpg,full-body clothes,380,135,277,142,467,87
5072,img/img_00031431.jpg,lower-body clothes,53,48,203,155,407,354
5073,img/img_00031454.jpg,lower-body clothes,207,90,267,177,444,237
5074,img/img_00031477.jpg,full-body clothes,243,63,218,155,374,131
5075,img/img_00031483.jpg,full-body clothes,274,133,335,202,365,91
5076,img/img_00031492.jpg,lower-body clothes,91,54,468,414,359,268
5077,img/img_00031500.jpg,lower-body clothes,110,62,215,153,282,172
5078,img/img_00031511.jpg,lower-body clothes,80,88,202,114,304,224
5079,img/img_00031515.jpg,lower-body clothes,209,246,342,96,317,108
5080,img/img_00031518.jpg,lower-body clothes,76,55,285,230,262,186
5081,img/img_00031521.jpg,lower-body clothes,156,77,175,98,268,112
5082,img/img_00031526.jpg,lower-body clothes,139,54,424,370,313,174
5083,img/img_00031530.jpg,lower-body clothes,195,60,184,124,404,209
5084,img/img_00031532.jpg,lower-body clothes,129,97,97,0,129,0
5085,img/img_00031537.jpg,lower-body clothes,268,81,246,165,459,191
5086,img/img_00031541.jpg,lower-body clothes,170,50,186,136,322,152
5087,img/img_00031545.jpg,lower-body clothes,391,254,254,0,391,0
5088,img/img_00031556.jpg,lower-body clothes,241,86,126,40,438,197
5089,img/img_00031576.jpg,upper-body clothes,310,157,253,96,430,120
5090,img/img_00031582.jpg,full-body clothes,303,162,263,101,434,131
5091,img/img_00031583.jpg,full-body clothes,231,73,195,122,315,84
5092,img/img_00031585.jpg,full-body clothes,349,228,228,0,349,0
5093,img/img_00031586.jpg,full-body clothes,181,133,133,0,181,0
5094,img/img_00031591.jpg,full-body clothes,334,214,214,0,334,0
5095,img/img_00031618.jpg,upper-body clothes,277,149,252,103,438,161
5096,img/img_00031619.jpg,upper-body clothes,255,203,300,97,395,140
5097,img/img_00031620.jpg,upper-body clothes,336,94,190,96,461,125
5098,img/img_00031624.jpg,upper-body clothes,426,300,300,0,426,0
5099,img/img_00031626.jpg,upper-body clothes,222,169,254,85,395,173
5100,img/img_00031634.jpg,lower-body clothes,143,144,144,0,143,0
5101,img/img_00031646.jpg,full-body clothes,400,39,127,88,482,82
5102,img/img_00031647.jpg,full-body clothes,255,322,322,0,255,0
5103,img/img_00031648.jpg,full-body clothes,416,117,229,112,494,78
5104,img/img_00031654.jpg,full-body clothes,363,112,218,106,496,133
5105,img/img_00031661.jpg,lower-body clothes,95,86,252,166,346,251
5106,img/img_00031663.jpg,lower-body clothes,101,90,199,109,292,191
5107,img/img_00031669.jpg,lower-body clothes,96,84,175,91,328,232
5108,img/img_00031672.jpg,lower-body clothes,281,241,285,44,435,154
5109,img/img_00031674.jpg,lower-body clothes,146,197,288,91,317,171
5110,img/img_00031677.jpg,lower-body clothes,90,85,248,163,230,140
5111,img/img_00031679.jpg,lower-body clothes,289,296,355,59,396,107
5112,img/img_00031683.jpg,lower-body clothes,297,349,456,107,447,150
5113,img/img_00031692.jpg,full-body clothes,373,274,313,39,490,117
5114,img/img_00031699.jpg,full-body clothes,328,243,312,69,490,162
5115,img/img_00031700.jpg,full-body clothes,88,91,251,160,262,174
5116,img/img_00031706.jpg,full-body clothes,336,146,266,120,346,10
5117,img/img_00031728.jpg,upper-body clothes,312,215,376,161,334,22
5118,img/img_00031733.jpg,upper-body clothes,437,299,364,65,447,10
5119,img/img_00031734.jpg,upper-body clothes,428,319,326,7,468,40
5120,img/img_00031743.jpg,upper-body clothes,415,256,256,0,415,0
5121,img/img_00031749.jpg,lower-body clothes,337,181,260,79,340,3
5122,img/img_00031764.jpg,upper-body clothes,221,136,166,30,331,110
5123,img/img_00031776.jpg,upper-body clothes,380,352,367,15,467,87
5124,img/img_00031777.jpg,upper-body clothes,426,366,377,11,467,41
5125,img/img_00031789.jpg,upper-body clothes,400,297,335,38,406,6
5126,img/img_00031806.jpg,lower-body clothes,250,123,283,160,272,22
5127,img/img_00031810.jpg,lower-body clothes,183,167,282,115,450,267
5128,img/img_00031813.jpg,full-body clothes,236,136,268,132,243,7
5129,img/img_00031822.jpg,upper-body clothes,413,280,280,0,413,0
5130,img/img_00031825.jpg,full-body clothes,201,262,262,0,201,0
5131,img/img_00031828.jpg,full-body clothes,197,99,214,115,317,120
5132,img/img_00031832.jpg,full-body clothes,253,136,237,101,420,167
5133,img/img_00031841.jpg,full-body clothes,220,111,163,52,271,51
5134,img/img_00031846.jpg,full-body clothes,126,75,189,114,264,138
5135,img/img_00031848.jpg,full-body clothes,220,156,192,36,325,105
5136,img/img_00031849.jpg,full-body clothes,97,58,169,111,214,117
5137,img/img_00031866.jpg,lower-body clothes,283,163,245,82,313,30
5138,img/img_00031890.jpg,upper-body clothes,309,325,325,0,309,0
5139,img/img_00031909.jpg,upper-body clothes,373,299,313,14,385,12
5140,img/img_00031912.jpg,upper-body clothes,286,228,319,91,341,55
5141,img/img_00031913.jpg,upper-body clothes,425,338,338,0,425,0
5142,img/img_00031914.jpg,upper-body clothes,237,163,349,186,277,40
5143,img/img_00031916.jpg,upper-body clothes,365,340,374,34,495,130
5144,img/img_00031917.jpg,upper-body clothes,505,371,371,0,505,0
5145,img/img_00031923.jpg,upper-body clothes,163,130,163,33,198,35
5146,img/img_00031933.jpg,upper-body clothes,105,144,173,29,373,268
5147,img/img_00031934.jpg,upper-body clothes,163,424,424,0,163,0
5148,img/img_00031937.jpg,upper-body clothes,140,145,229,84,288,148
5149,img/img_00031940.jpg,full-body clothes,229,363,363,0,229,0
5150,img/img_00031952.jpg,upper-body clothes,237,168,209,41,367,130
5151,img/img_00031971.jpg,full-body clothes,335,336,336,0,335,0
5152,img/img_00031978.jpg,full-body clothes,457,281,281,0,457,0
5153,img/img_00031983.jpg,full-body clothes,254,97,242,145,359,105
5154,img/img_00031984.jpg,full-body clothes,360,245,245,0,360,0
5155,img/img_00031986.jpg,full-body clothes,297,94,218,124,411,114
5156,img/img_00031998.jpg,full-body clothes,200,323,323,0,200,0
5157,img/img_00032009.jpg,full-body clothes,359,226,268,42,495,136
5158,img/img_00032010.jpg,full-body clothes,277,166,267,101,390,113
5159,img/img_00032015.jpg,full-body clothes,181,78,161,83,405,224
5160,img/img_00032016.jpg,full-body clothes,335,295,330,35,452,117
5161,img/img_00032017.jpg,full-body clothes,272,104,232,128,386,114
5162,img/img_00032020.jpg,full-body clothes,168,102,226,124,336,168
5163,img/img_00032030.jpg,lower-body clothes,18,356,356,0,18,0
5164,img/img_00032038.jpg,lower-body clothes,1,1,1,0,1,0
5165,img/img_00032055.jpg,upper-body clothes,439,318,358,40,444,5
5166,img/img_00032059.jpg,upper-body clothes,171,143,266,123,354,183
5167,img/img_00032071.jpg,upper-body clothes,268,242,254,12,397,129
5168,img/img_00032080.jpg,upper-body clothes,216,187,344,157,233,17
5169,img/img_00032088.jpg,full-body clothes,245,77,242,165,427,182
5170,img/img_00032098.jpg,lower-body clothes,460,254,307,53,471,11
5171,img/img_00032102.jpg,lower-body clothes,133,88,239,151,334,201
5172,img/img_00032112.jpg,upper-body clothes,184,370,370,0,184,0
5173,img/img_00032116.jpg,lower-body clothes,376,168,259,91,392,16
5174,img/img_00032122.jpg,lower-body clothes,430,321,321,0,430,0
5175,img/img_00032123.jpg,lower-body clothes,351,355,355,0,351,0
5176,img/img_00032125.jpg,lower-body clothes,314,252,412,160,331,17
5177,img/img_00032129.jpg,lower-body clothes,259,116,234,118,456,197
5178,img/img_00032134.jpg,upper-body clothes,288,199,369,170,301,13
5179,img/img_00032144.jpg,upper-body clothes,151,105,198,93,297,146
5180,img/img_00032150.jpg,upper-body clothes,209,200,271,71,239,30
5181,img/img_00032155.jpg,upper-body clothes,482,348,348,0,482,0
5182,img/img_00032165.jpg,lower-body clothes,449,155,296,141,464,15
5183,img/img_00032167.jpg,full-body clothes,383,239,259,20,499,116
5184,img/img_00032171.jpg,full-body clothes,240,314,314,0,240,0
5185,img/img_00032172.jpg,full-body clothes,263,74,252,178,364,101
5186,img/img_00032174.jpg,full-body clothes,309,132,272,140,441,132
5187,img/img_00032178.jpg,full-body clothes,170,56,157,101,363,193
5188,img/img_00032179.jpg,full-body clothes,242,137,137,0,242,0
5189,img/img_00032181.jpg,full-body clothes,263,96,185,89,326,63
5190,img/img_00032182.jpg,full-body clothes,217,92,225,133,443,226
5191,img/img_00032195.jpg,full-body clothes,454,142,142,0,454,0
5192,img/img_00032196.jpg,full-body clothes,475,319,364,45,479,4
5193,img/img_00032204.jpg,lower-body clothes,266,99,250,151,358,92
5194,img/img_00032205.jpg,upper-body clothes,270,176,255,79,382,112
5195,img/img_00032216.jpg,full-body clothes,403,213,290,77,448,45
5196,img/img_00032221.jpg,upper-body clothes,387,264,300,36,425,38
5197,img/img_00032230.jpg,full-body clothes,392,275,275,0,392,0
5198,img/img_00032233.jpg,full-body clothes,438,361,361,0,438,0
5199,img/img_00032236.jpg,full-body clothes,494,248,278,30,496,2
5200,img/img_00032244.jpg,full-body clothes,153,95,111,16,305,152
5201,img/img_00032259.jpg,full-body clothes,149,102,281,179,268,119
5202,img/img_00032261.jpg,full-body clothes,501,350,350,0,501,0
5203,img/img_00032280.jpg,lower-body clothes,266,200,200,0,266,0
5204,img/img_00032284.jpg,lower-body clothes,337,121,255,134,370,33
5205,img/img_00032286.jpg,lower-body clothes,449,407,407,0,449,0
5206,img/img_00032288.jpg,lower-body clothes,450,234,303,69,462,12
5207,img/img_00032292.jpg,lower-body clothes,406,187,279,92,415,9
5208,img/img_00032301.jpg,upper-body clothes,371,249,336,87,424,53
5209,img/img_00032304.jpg,upper-body clothes,364,325,325,0,364,0
5210,img/img_00032314.jpg,upper-body clothes,128,103,231,128,310,182
5211,img/img_00032316.jpg,upper-body clothes,314,247,279,32,470,156
5212,img/img_00032319.jpg,upper-body clothes,323,289,289,0,323,0
5213,img/img_00032323.jpg,upper-body clothes,261,278,278,0,261,0
5214,img/img_00032326.jpg,upper-body clothes,181,361,361,0,181,0
5215,img/img_00032330.jpg,full-body clothes,422,286,286,0,422,0
5216,img/img_00032331.jpg,full-body clothes,175,93,231,138,349,174
5217,img/img_00032333.jpg,full-body clothes,135,74,257,183,146,11
5218,img/img_00032339.jpg,full-body clothes,347,107,261,154,482,135
5219,img/img_00032349.jpg,full-body clothes,356,356,356,0,356,0
5220,img/img_00032351.jpg,full-body clothes,143,63,212,149,331,188
5221,img/img_00032352.jpg,full-body clothes,165,51,244,193,311,146
5222,img/img_00032353.jpg,full-body clothes,311,146,237,91,424,113
5223,img/img_00032356.jpg,full-body clothes,353,150,271,121,363,10
5224,img/img_00032358.jpg,full-body clothes,434,149,241,92,469,35
5225,img/img_00032369.jpg,full-body clothes,223,117,212,95,301,78
5226,img/img_00032374.jpg,lower-body clothes,241,126,253,127,341,100
5227,img/img_00032375.jpg,lower-body clothes,258,120,227,107,264,6
5228,img/img_00032380.jpg,lower-body clothes,240,148,286,138,491,251
5229,img/img_00032386.jpg,full-body clothes,276,199,286,87,372,96
5230,img/img_00032389.jpg,full-body clothes,311,169,265,96,443,132
5231,img/img_00032395.jpg,full-body clothes,96,64,64,0,96,0
5232,img/img_00032402.jpg,full-body clothes,354,263,268,5,372,18
5233,img/img_00032407.jpg,full-body clothes,302,116,172,56,468,166
5234,img/img_00032411.jpg,full-body clothes,241,305,305,0,241,0
5235,img/img_00032415.jpg,upper-body clothes,305,210,284,74,451,146
5236,img/img_00032417.jpg,upper-body clothes,327,373,373,0,327,0
5237,img/img_00032421.jpg,upper-body clothes,412,349,359,10,427,15
5238,img/img_00032424.jpg,upper-body clothes,468,377,377,0,468,0
5239,img/img_00032430.jpg,full-body clothes,423,285,377,92,427,4
5240,img/img_00032434.jpg,upper-body clothes,332,278,327,49,457,125
5241,img/img_00032438.jpg,upper-body clothes,293,242,251,9,329,36
5242,img/img_00032440.jpg,upper-body clothes,410,315,334,19,417,7
5243,img/img_00032450.jpg,upper-body clothes,430,328,328,0,430,0
5244,img/img_00032455.jpg,full-body clothes,306,318,318,0,306,0
5245,img/img_00032456.jpg,full-body clothes,469,265,340,75,479,10
5246,img/img_00032467.jpg,full-body clothes,236,106,200,94,335,99
5247,img/img_00032472.jpg,lower-body clothes,132,82,210,128,359,227
5248,img/img_00032480.jpg,lower-body clothes,349,269,269,0,349,0
5249,img/img_00032481.jpg,lower-body clothes,105,86,244,158,244,139
5250,img/img_00032491.jpg,full-body clothes,459,367,367,0,459,0
5251,img/img_00032513.jpg,lower-body clothes,396,252,252,0,396,0
5252,img/img_00032516.jpg,full-body clothes,173,312,312,0,173,0
5253,img/img_00032520.jpg,full-body clothes,444,370,370,0,444,0
5254,img/img_00032521.jpg,full-body clothes,297,150,271,121,305,8
5255,img/img_00032522.jpg,full-body clothes,235,176,326,150,251,16
5256,img/img_00032532.jpg,full-body clothes,506,276,276,0,506,0
5257,img/img_00032536.jpg,full-body clothes,404,200,342,142,486,82
5258,img/img_00032548.jpg,full-body clothes,283,182,290,108,417,134
5259,img/img_00032551.jpg,full-body clothes,513,333,333,0,513,0
5260,img/img_00032555.jpg,full-body clothes,400,312,354,42,423,23
5261,img/img_00032578.jpg,full-body clothes,440,332,332,0,440,0
5262,img/img_00032590.jpg,upper-body clothes,212,129,195,66,332,120
5263,img/img_00032591.jpg,upper-body clothes,142,109,207,98,308,166
5264,img/img_00032596.jpg,lower-body clothes,187,164,242,78,238,51
5265,img/img_00032598.jpg,upper-body clothes,298,283,350,67,483,185
5266,img/img_00032603.jpg,upper-body clothes,143,100,251,151,326,183
5267,img/img_00032610.jpg,upper-body clothes,201,128,177,49,378,177
5268,img/img_00032619.jpg,upper-body clothes,481,311,311,0,481,0
5269,img/img_00032620.jpg,upper-body clothes,471,356,374,18,496,25
5270,img/img_00032626.jpg,upper-body clothes,195,128,267,139,335,140
5271,img/img_00032639.jpg,full-body clothes,403,206,326,120,445,42
5272,img/img_00032646.jpg,full-body clothes,333,240,288,48,441,108
5273,img/img_00032658.jpg,full-body clothes,149,78,206,128,301,152
5274,img/img_00032666.jpg,full-body clothes,194,182,343,161,302,108
5275,img/img_00032680.jpg,full-body clothes,313,313,313,0,313,0
5276,img/img_00032686.jpg,full-body clothes,496,324,324,0,496,0
5277,img/img_00032697.jpg,full-body clothes,174,33,117,84,177,3
5278,img/img_00032701.jpg,full-body clothes,358,323,328,5,512,154
5279,img/img_00032705.jpg,full-body clothes,396,283,283,0,396,0
5280,img/img_00032707.jpg,full-body clothes,418,253,253,0,418,0
5281,img/img_00032717.jpg,full-body clothes,430,251,280,29,451,21
5282,img/img_00032722.jpg,full-body clothes,290,296,296,0,290,0
5283,img/img_00032724.jpg,full-body clothes,299,193,299,106,351,52
5284,img/img_00032727.jpg,lower-body clothes,95,41,174,133,167,72
5285,img/img_00032729.jpg,lower-body clothes,251,202,282,80,270,19
5286,img/img_00032735.jpg,lower-body clothes,267,193,240,47,432,165
5287,img/img_00032738.jpg,lower-body clothes,263,178,268,90,276,13
5288,img/img_00032739.jpg,lower-body clothes,252,195,279,84,296,44
5289,img/img_00032740.jpg,lower-body clothes,20,302,302,0,20,0
5290,img/img_00032741.jpg,lower-body clothes,215,166,298,132,220,5
5291,img/img_00032771.jpg,upper-body clothes,267,232,284,52,430,163
5292,img/img_00032776.jpg,upper-body clothes,197,200,274,74,317,120
5293,img/img_00032782.jpg,full-body clothes,506,345,345,0,506,0
5294,img/img_00032798.jpg,upper-body clothes,504,349,349,0,504,0
5295,img/img_00032806.jpg,lower-body clothes,397,163,163,0,397,0
5296,img/img_00032808.jpg,lower-body clothes,146,127,251,124,180,34
5297,img/img_00032811.jpg,full-body clothes,192,95,190,95,295,103
5298,img/img_00032813.jpg,upper-body clothes,240,142,222,80,413,173
5299,img/img_00032817.jpg,lower-body clothes,319,407,460,53,329,10
5300,img/img_00032822.jpg,lower-body clothes,256,198,273,75,302,46
5301,img/img_00032824.jpg,lower-body clothes,223,164,262,98,295,72
5302,img/img_00032828.jpg,lower-body clothes,452,227,227,0,452,0
5303,img/img_00032833.jpg,lower-body clothes,128,277,277,0,128,0
5304,img/img_00032835.jpg,upper-body clothes,228,125,301,176,375,147
5305,img/img_00032841.jpg,full-body clothes,309,156,271,115,332,23
5306,img/img_00032856.jpg,full-body clothes,427,376,376,0,427,0
5307,img/img_00032857.jpg,full-body clothes,506,240,240,0,506,0
5308,img/img_00032876.jpg,lower-body clothes,37,399,399,0,37,0
5309,img/img_00032880.jpg,lower-body clothes,197,300,300,0,197,0
5310,img/img_00032885.jpg,lower-body clothes,141,344,344,0,141,0
5311,img/img_00032895.jpg,full-body clothes,303,338,338,0,303,0
5312,img/img_00032902.jpg,lower-body clothes,113,99,223,124,315,202
5313,img/img_00032907.jpg,lower-body clothes,305,299,325,26,451,146
5314,img/img_00032916.jpg,lower-body clothes,51,299,299,0,51,0
5315,img/img_00032930.jpg,full-body clothes,261,120,219,99,296,35
5316,img/img_00032947.jpg,full-body clothes,338,367,367,0,338,0
5317,img/img_00032968.jpg,lower-body clothes,216,139,235,96,266,50
5318,img/img_00032987.jpg,full-body clothes,276,141,282,141,398,122
5319,img/img_00032993.jpg,upper-body clothes,190,154,215,61,363,173
5320,img/img_00032994.jpg,upper-body clothes,326,314,351,37,471,145
5321,img/img_00033001.jpg,upper-body clothes,433,337,358,21,464,31
5322,img/img_00033004.jpg,upper-body clothes,289,325,325,0,289,0
5323,img/img_00033006.jpg,upper-body clothes,214,161,285,124,373,159
5324,img/img_00033008.jpg,upper-body clothes,176,119,217,98,293,117
5325,img/img_00033009.jpg,upper-body clothes,449,363,363,0,449,0
5326,img/img_00033012.jpg,full-body clothes,293,119,219,100,398,105
5327,img/img_00033016.jpg,lower-body clothes,188,144,247,103,237,49
5328,img/img_00033019.jpg,lower-body clothes,501,321,321,0,501,0
5329,img/img_00033021.jpg,lower-body clothes,257,220,325,105,487,230
5330,img/img_00033030.jpg,full-body clothes,310,163,218,55,391,81
5331,img/img_00033035.jpg,lower-body clothes,220,150,236,86,275,55
5332,img/img_00033038.jpg,lower-body clothes,391,319,325,6,421,30
5333,img/img_00033050.jpg,full-body clothes,303,178,245,67,440,137
5334,img/img_00033051.jpg,full-body clothes,301,289,344,55,410,109
5335,img/img_00033053.jpg,full-body clothes,292,223,338,115,409,117
5336,img/img_00033056.jpg,full-body clothes,224,123,240,117,304,80
5337,img/img_00033064.jpg,full-body clothes,184,89,272,183,347,163
5338,img/img_00033065.jpg,full-body clothes,403,314,314,0,403,0
5339,img/img_00033078.jpg,lower-body clothes,427,380,380,0,427,0
5340,img/img_00033081.jpg,lower-body clothes,424,229,345,116,492,68
5341,img/img_00033083.jpg,lower-body clothes,366,19,186,167,382,16
5342,img/img_00033086.jpg,lower-body clothes,224,214,265,51,485,261
5343,img/img_00033087.jpg,lower-body clothes,324,124,225,101,394,70
5344,img/img_00033096.jpg,lower-body clothes,220,486,499,13,238,18
5345,img/img_00033097.jpg,full-body clothes,376,263,293,30,406,30
5346,img/img_00033098.jpg,full-body clothes,340,227,227,0,340,0
5347,img/img_00033112.jpg,upper-body clothes,134,102,182,80,230,96
5348,img/img_00033113.jpg,upper-body clothes,277,161,306,145,295,18
5349,img/img_00033116.jpg,upper-body clothes,311,212,277,65,340,29
5350,img/img_00033117.jpg,upper-body clothes,369,217,271,54,378,9
5351,img/img_00033120.jpg,upper-body clothes,400,245,280,35,452,52
5352,img/img_00033127.jpg,full-body clothes,396,306,306,0,396,0
5353,img/img_00033132.jpg,full-body clothes,467,300,334,34,481,14
5354,img/img_00033155.jpg,full-body clothes,319,278,354,76,345,26
5355,img/img_00033170.jpg,full-body clothes,181,93,258,165,374,193
5356,img/img_00033175.jpg,full-body clothes,310,381,381,0,310,0
5357,img/img_00033186.jpg,full-body clothes,221,264,264,0,221,0
5358,img/img_00033202.jpg,full-body clothes,220,98,254,156,339,119
5359,img/img_00033204.jpg,upper-body clothes,343,197,277,80,425,82
5360,img/img_00033205.jpg,upper-body clothes,201,179,279,100,315,114
5361,img/img_00033210.jpg,upper-body clothes,350,311,363,52,421,71
5362,img/img_00033211.jpg,upper-body clothes,277,245,348,103,314,37
5363,img/img_00033213.jpg,upper-body clothes,207,135,315,180,246,39
5364,img/img_00033214.jpg,full-body clothes,357,115,226,111,368,11
5365,img/img_00033216.jpg,full-body clothes,322,164,236,72,452,130
5366,img/img_00033237.jpg,full-body clothes,387,359,359,0,387,0
5367,img/img_00033238.jpg,upper-body clothes,406,233,309,76,418,12
5368,img/img_00033244.jpg,full-body clothes,258,152,244,92,348,90
5369,img/img_00033249.jpg,full-body clothes,314,369,369,0,314,0
5370,img/img_00033258.jpg,full-body clothes,242,294,294,0,242,0
5371,img/img_00033266.jpg,full-body clothes,342,142,290,148,471,129
5372,img/img_00033267.jpg,full-body clothes,294,133,336,203,334,40
5373,img/img_00033269.jpg,full-body clothes,381,296,305,9,446,65
5374,img/img_00033274.jpg,full-body clothes,301,137,293,156,347,46
5375,img/img_00033279.jpg,full-body clothes,174,55,150,95,342,168
5376,img/img_00033283.jpg,full-body clothes,480,353,353,0,480,0
5377,img/img_00033285.jpg,full-body clothes,390,258,297,39,457,67
5378,img/img_00033286.jpg,full-body clothes,438,267,303,36,476,38
5379,img/img_00033301.jpg,lower-body clothes,152,83,203,120,299,147
5380,img/img_00033312.jpg,upper-body clothes,330,314,329,15,333,3
5381,img/img_00033320.jpg,lower-body clothes,483,237,303,66,501,18
5382,img/img_00033327.jpg,upper-body clothes,83,65,215,150,269,186
5383,img/img_00033338.jpg,upper-body clothes,446,321,348,27,460,14
5384,img/img_00033340.jpg,full-body clothes,220,130,216,86,242,22
5385,img/img_00033342.jpg,lower-body clothes,197,184,279,95,236,39
5386,img/img_00033346.jpg,lower-body clothes,97,85,200,115,294,197
5387,img/img_00033349.jpg,full-body clothes,329,173,266,93,422,93
5388,img/img_00033359.jpg,full-body clothes,255,129,319,190,450,195
5389,img/img_00033362.jpg,full-body clothes,285,150,283,133,292,7
5390,img/img_00033371.jpg,lower-body clothes,104,35,149,114,176,72
5391,img/img_00033373.jpg,upper-body clothes,486,328,328,0,486,0
5392,img/img_00033391.jpg,full-body clothes,424,377,377,0,424,0
5393,img/img_00033403.jpg,full-body clothes,306,252,274,22,454,148
5394,img/img_00033414.jpg,full-body clothes,422,217,289,72,483,61
5395,img/img_00033421.jpg,full-body clothes,474,282,282,0,474,0
5396,img/img_00033424.jpg,full-body clothes,354,135,231,96,492,138
5397,img/img_00033434.jpg,full-body clothes,152,76,200,124,168,16
5398,img/img_00033447.jpg,full-body clothes,311,269,269,0,311,0
5399,img/img_00033462.jpg,full-body clothes,400,330,330,0,400,0
5400,img/img_00033464.jpg,full-body clothes,504,359,359,0,504,0
5401,img/img_00033468.jpg,full-body clothes,489,275,290,15,491,2
5402,img/img_00033475.jpg,upper-body clothes,288,235,293,58,444,156
5403,img/img_00033482.jpg,upper-body clothes,446,285,285,0,446,0
5404,img/img_00033494.jpg,upper-body clothes,121,111,301,190,223,102
5405,img/img_00033514.jpg,full-body clothes,422,261,269,8,448,26
5406,img/img_00033517.jpg,lower-body clothes,488,352,352,0,488,0
5407,img/img_00033519.jpg,upper-body clothes,242,136,258,122,295,53
5408,img/img_00033520.jpg,upper-body clothes,354,188,271,83,368,14
5409,img/img_00033533.jpg,lower-body clothes,370,254,302,48,439,69
5410,img/img_00033561.jpg,upper-body clothes,75,216,216,0,75,0
5411,img/img_00033566.jpg,upper-body clothes,385,307,330,23,390,5
5412,img/img_00033583.jpg,lower-body clothes,346,147,291,144,437,91
5413,img/img_00033584.jpg,lower-body clothes,483,241,241,0,483,0
5414,img/img_00033590.jpg,full-body clothes,152,137,367,230,291,139
5415,img/img_00033596.jpg,full-body clothes,395,323,323,0,395,0
5416,img/img_00033604.jpg,lower-body clothes,365,149,239,90,416,51
5417,img/img_00033605.jpg,lower-body clothes,165,93,221,128,347,182
5418,img/img_00033609.jpg,full-body clothes,411,221,285,64,452,41
5419,img/img_00033624.jpg,full-body clothes,433,249,273,24,509,76
5420,img/img_00033629.jpg,lower-body clothes,21,330,330,0,21,0
5421,img/img_00033640.jpg,full-body clothes,213,101,238,137,386,173
5422,img/img_00033642.jpg,upper-body clothes,367,294,315,21,457,90
5423,img/img_00033644.jpg,full-body clothes,345,300,324,24,378,33
5424,img/img_00033647.jpg,full-body clothes,210,99,211,112,291,81
5425,img/img_00033651.jpg,full-body clothes,378,309,349,40,459,81
5426,img/img_00033668.jpg,full-body clothes,387,296,371,75,406,19
5427,img/img_00033671.jpg,lower-body clothes,503,239,239,0,503,0
5428,img/img_00033672.jpg,full-body clothes,322,270,330,60,470,148
5429,img/img_00033675.jpg,full-body clothes,500,372,372,0,500,0
5430,img/img_00033687.jpg,full-body clothes,489,267,267,0,489,0
5431,img/img_00033697.jpg,lower-body clothes,119,74,210,136,247,128
5432,img/img_00033702.jpg,lower-body clothes,334,372,372,0,334,0
5433,img/img_00033706.jpg,lower-body clothes,121,142,239,97,371,250
5434,img/img_00033708.jpg,full-body clothes,141,71,223,152,302,161
5435,img/img_00033716.jpg,full-body clothes,168,97,203,106,321,153
5436,img/img_00033721.jpg,upper-body clothes,191,212,276,64,506,315
5437,img/img_00033729.jpg,upper-body clothes,495,272,272,0,495,0
5438,img/img_00033735.jpg,upper-body clothes,285,231,286,55,418,133
5439,img/img_00033746.jpg,full-body clothes,291,367,367,0,291,0
5440,img/img_00033754.jpg,lower-body clothes,19,322,322,0,19,0
5441,img/img_00033759.jpg,lower-body clothes,270,184,274,90,284,14
5442,img/img_00033760.jpg,lower-body clothes,68,268,268,0,68,0
5443,img/img_00033778.jpg,full-body clothes,379,181,263,82,474,95
5444,img/img_00033782.jpg,full-body clothes,510,262,262,0,510,0
5445,img/img_00033785.jpg,full-body clothes,462,271,271,0,462,0
5446,img/img_00033789.jpg,full-body clothes,225,105,261,156,307,82
5447,img/img_00033801.jpg,full-body clothes,308,203,295,92,348,40
5448,img/img_00033807.jpg,full-body clothes,385,216,299,83,389,4
5449,img/img_00033810.jpg,full-body clothes,387,276,324,48,433,46
5450,img/img_00033818.jpg,full-body clothes,311,197,284,87,444,133
5451,img/img_00033831.jpg,lower-body clothes,309,194,262,68,331,22
5452,img/img_00033843.jpg,upper-body clothes,267,204,288,84,422,155
5453,img/img_00033845.jpg,upper-body clothes,160,414,414,0,160,0
5454,img/img_00033848.jpg,upper-body clothes,278,198,301,103,449,171
5455,img/img_00033853.jpg,upper-body clothes,508,376,376,0,508,0
5456,img/img_00033866.jpg,full-body clothes,409,198,306,108,431,22
5457,img/img_00033872.jpg,full-body clothes,346,232,346,114,452,106
5458,img/img_00033888.jpg,full-body clothes,497,255,255,0,497,0
5459,img/img_00033895.jpg,full-body clothes,334,239,267,28,349,15
5460,img/img_00033896.jpg,full-body clothes,180,131,244,113,386,206
5461,img/img_00033903.jpg,full-body clothes,404,372,372,0,404,0
5462,img/img_00033904.jpg,full-body clothes,177,118,232,114,293,116
5463,img/img_00033906.jpg,full-body clothes,240,284,284,0,240,0
5464,img/img_00033909.jpg,full-body clothes,199,125,268,143,369,170
5465,img/img_00033912.jpg,upper-body clothes,323,197,276,79,442,119
5466,img/img_00033913.jpg,upper-body clothes,110,183,183,0,110,0
5467,img/img_00033917.jpg,full-body clothes,207,142,241,99,302,95
5468,img/img_00033920.jpg,full-body clothes,305,231,244,13,325,20
5469,img/img_00033928.jpg,full-body clothes,365,331,331,0,365,0
5470,img/img_00033929.jpg,full-body clothes,367,190,242,52,421,54
5471,img/img_00033930.jpg,full-body clothes,203,95,300,205,304,101
5472,img/img_00033932.jpg,full-body clothes,455,379,379,0,455,0
5473,img/img_00033935.jpg,full-body clothes,436,364,364,0,436,0
5474,img/img_00033940.jpg,full-body clothes,305,164,255,91,436,131
5475,img/img_00033941.jpg,full-body clothes,185,98,174,76,299,114
5476,img/img_00033960.jpg,lower-body clothes,61,86,239,153,301,240
5477,img/img_00033962.jpg,lower-body clothes,65,317,317,0,65,0
5478,img/img_00033965.jpg,lower-body clothes,270,27,183,156,344,74
5479,img/img_00033966.jpg,lower-body clothes,333,302,431,129,376,43
5480,img/img_00033967.jpg,lower-body clothes,201,142,254,112,301,100
5481,img/img_00033978.jpg,upper-body clothes,293,201,282,81,440,147
5482,img/img_00033981.jpg,upper-body clothes,345,246,246,0,345,0
5483,img/img_00033990.jpg,upper-body clothes,371,281,310,29,375,4
5484,img/img_00034001.jpg,full-body clothes,491,354,354,0,491,0
5485,img/img_00034023.jpg,upper-body clothes,401,321,335,14,474,73
5486,img/img_00034024.jpg,upper-body clothes,285,214,276,62,424,139
5487,img/img_00034030.jpg,upper-body clothes,333,275,281,6,450,117
5488,img/img_00034032.jpg,full-body clothes,390,281,281,0,390,0
5489,img/img_00034037.jpg,upper-body clothes,179,128,275,147,303,124
5490,img/img_00034042.jpg,full-body clothes,142,16,156,140,405,263
5491,img/img_00034045.jpg,full-body clothes,466,200,292,92,485,19
5492,img/img_00034053.jpg,full-body clothes,316,30,136,106,377,61
5493,img/img_00034059.jpg,full-body clothes,235,332,332,0,235,0
5494,img/img_00034071.jpg,full-body clothes,223,94,199,105,463,240
5495,img/img_00034074.jpg,full-body clothes,167,90,179,89,308,141
5496,img/img_00034076.jpg,full-body clothes,500,376,376,0,500,0
5497,img/img_00034078.jpg,upper-body clothes,293,249,301,52,438,145
5498,img/img_00034106.jpg,upper-body clothes,361,316,331,15,469,108
5499,img/img_00034117.jpg,full-body clothes,238,236,236,0,238,0
5500,img/img_00034118.jpg,full-body clothes,257,203,226,23,351,94
5501,img/img_00034123.jpg,full-body clothes,392,353,353,0,392,0
5502,img/img_00034127.jpg,upper-body clothes,230,172,275,103,277,47
5503,img/img_00034129.jpg,full-body clothes,330,199,276,77,478,148
5504,img/img_00034132.jpg,full-body clothes,481,353,353,0,481,0
5505,img/img_00034133.jpg,full-body clothes,304,185,315,130,329,25
5506,img/img_00034139.jpg,full-body clothes,212,146,246,100,305,93
5507,img/img_00034143.jpg,full-body clothes,319,274,274,0,319,0
5508,img/img_00034153.jpg,upper-body clothes,243,158,317,159,364,121
5509,img/img_00034154.jpg,upper-body clothes,421,300,310,10,445,24
5510,img/img_00034161.jpg,upper-body clothes,214,155,310,155,317,103
5511,img/img_00034165.jpg,upper-body clothes,330,378,378,0,330,0
5512,img/img_00034169.jpg,upper-body clothes,207,240,256,16,237,30
5513,img/img_00034171.jpg,upper-body clothes,199,244,257,13,227,28
5514,img/img_00034178.jpg,upper-body clothes,146,129,175,46,296,150
5515,img/img_00034184.jpg,upper-body clothes,187,136,171,35,356,169
5516,img/img_00034187.jpg,upper-body clothes,147,348,348,0,147,0
5517,img/img_00034190.jpg,full-body clothes,450,343,343,0,450,0
5518,img/img_00034204.jpg,full-body clothes,357,290,303,13,441,84
5519,img/img_00034206.jpg,full-body clothes,189,110,271,161,274,85
5520,img/img_00034209.jpg,full-body clothes,339,268,355,87,503,164
5521,img/img_00034210.jpg,full-body clothes,261,151,217,66,388,127
5522,img/img_00034214.jpg,full-body clothes,407,207,269,62,487,80
5523,img/img_00034219.jpg,full-body clothes,466,279,279,0,466,0
5524,img/img_00034226.jpg,full-body clothes,431,253,312,59,436,5
5525,img/img_00034231.jpg,full-body clothes,455,319,319,0,455,0
5526,img/img_00034239.jpg,full-body clothes,150,32,244,212,366,216
5527,img/img_00034246.jpg,full-body clothes,102,45,251,206,291,189
5528,img/img_00034248.jpg,full-body clothes,138,41,224,183,343,205
5529,img/img_00034252.jpg,upper-body clothes,236,181,232,51,355,119
5530,img/img_00034258.jpg,lower-body clothes,348,463,463,0,348,0
5531,img/img_00034260.jpg,lower-body clothes,300,261,329,68,304,4
5532,img/img_00034276.jpg,full-body clothes,226,123,195,72,328,102
5533,img/img_00034286.jpg,full-body clothes,207,132,235,103,357,150
5534,img/img_00034288.jpg,full-body clothes,329,312,312,0,329,0
5535,img/img_00034314.jpg,full-body clothes,189,328,328,0,189,0
5536,img/img_00034319.jpg,full-body clothes,437,381,381,0,437,0
5537,img/img_00034326.jpg,upper-body clothes,427,348,348,0,427,0
5538,img/img_00034328.jpg,full-body clothes,296,252,286,34,416,120
5539,img/img_00034329.jpg,full-body clothes,181,117,140,23,311,130
5540,img/img_00034341.jpg,upper-body clothes,143,215,222,7,223,80
5541,img/img_00034349.jpg,full-body clothes,325,201,309,108,466,141
5542,img/img_00034353.jpg,full-body clothes,386,283,283,0,386,0
5543,img/img_00034367.jpg,upper-body clothes,338,240,303,63,492,154
5544,img/img_00034377.jpg,upper-body clothes,489,341,341,0,489,0
5545,img/img_00034382.jpg,upper-body clothes,186,352,352,0,186,0
5546,img/img_00034384.jpg,upper-body clothes,256,189,265,76,400,144
5547,img/img_00034399.jpg,upper-body clothes,229,145,257,112,301,72
5548,img/img_00034401.jpg,upper-body clothes,223,173,244,71,352,129
5549,img/img_00034403.jpg,full-body clothes,212,98,201,103,322,110
5550,img/img_00034408.jpg,lower-body clothes,215,152,235,83,265,50
5551,img/img_00034424.jpg,full-body clothes,252,85,249,164,413,161
5552,img/img_00034431.jpg,full-body clothes,134,248,248,0,134,0
5553,img/img_00034432.jpg,upper-body clothes,331,265,306,41,353,22
5554,img/img_00034435.jpg,lower-body clothes,154,126,248,122,191,37
5555,img/img_00034441.jpg,full-body clothes,171,355,355,0,171,0
5556,img/img_00034450.jpg,full-body clothes,341,168,319,151,482,141
5557,img/img_00034453.jpg,full-body clothes,465,337,337,0,465,0
5558,img/img_00034460.jpg,lower-body clothes,142,88,202,114,413,271
5559,img/img_00034462.jpg,lower-body clothes,210,114,194,80,426,216
5560,img/img_00034464.jpg,full-body clothes,381,146,248,102,471,90
5561,img/img_00034479.jpg,upper-body clothes,343,333,350,17,440,97
5562,img/img_00034485.jpg,lower-body clothes,181,68,116,48,352,171
5563,img/img_00034488.jpg,lower-body clothes,479,295,295,0,479,0
5564,img/img_00034489.jpg,lower-body clothes,455,305,305,0,455,0
5565,img/img_00034492.jpg,lower-body clothes,427,256,256,0,427,0
5566,img/img_00034493.jpg,lower-body clothes,433,299,337,38,436,3
5567,img/img_00034499.jpg,upper-body clothes,205,155,216,61,210,5
5568,img/img_00034501.jpg,upper-body clothes,229,167,266,99,381,152
5569,img/img_00034507.jpg,upper-body clothes,397,402,402,0,397,0
5570,img/img_00034508.jpg,upper-body clothes,356,294,324,30,367,11
5571,img/img_00034509.jpg,upper-body clothes,326,219,225,6,471,145
5572,img/img_00034519.jpg,upper-body clothes,364,327,347,20,447,83
5573,img/img_00034520.jpg,upper-body clothes,453,366,366,0,453,0
5574,img/img_00034522.jpg,upper-body clothes,408,197,197,0,408,0
5575,img/img_00034530.jpg,full-body clothes,510,341,341,0,510,0
5576,img/img_00034531.jpg,full-body clothes,286,168,311,143,397,111
5577,img/img_00034549.jpg,full-body clothes,408,210,229,19,459,51
5578,img/img_00034551.jpg,full-body clothes,394,285,285,0,394,0
5579,img/img_00034555.jpg,lower-body clothes,179,143,227,84,262,83
5580,img/img_00034558.jpg,lower-body clothes,186,119,213,94,254,68
5581,img/img_00034560.jpg,lower-body clothes,259,373,430,57,293,34
5582,img/img_00034567.jpg,full-body clothes,193,117,203,86,368,175
5583,img/img_00034571.jpg,full-body clothes,506,282,282,0,506,0
5584,img/img_00034576.jpg,upper-body clothes,20,317,317,0,20,0
5585,img/img_00034577.jpg,upper-body clothes,128,102,205,103,356,228
5586,img/img_00034591.jpg,lower-body clothes,392,141,141,0,392,0
5587,img/img_00034592.jpg,full-body clothes,327,208,275,67,439,112
5588,img/img_00034595.jpg,upper-body clothes,492,198,198,0,492,0
5589,img/img_00034613.jpg,full-body clothes,312,120,232,112,465,153
5590,img/img_00034625.jpg,full-body clothes,442,239,239,0,442,0
5591,img/img_00034627.jpg,full-body clothes,202,119,246,127,299,97
5592,img/img_00034629.jpg,full-body clothes,185,302,302,0,185,0
5593,img/img_00034640.jpg,full-body clothes,337,231,308,77,480,143
5594,img/img_00034646.jpg,full-body clothes,280,162,253,91,305,25
5595,img/img_00034648.jpg,full-body clothes,219,131,250,119,329,110
5596,img/img_00034649.jpg,full-body clothes,276,163,251,88,306,30
5597,img/img_00034673.jpg,full-body clothes,456,327,365,38,461,5
5598,img/img_00034680.jpg,lower-body clothes,392,132,234,102,406,14
5599,img/img_00034682.jpg,lower-body clothes,267,187,187,0,267,0
5600,img/img_00034693.jpg,lower-body clothes,301,222,269,47,345,44
5601,img/img_00034713.jpg,lower-body clothes,499,235,281,46,508,9
5602,img/img_00034716.jpg,full-body clothes,381,112,290,178,508,127
5603,img/img_00034719.jpg,full-body clothes,468,352,352,0,468,0
5604,img/img_00034721.jpg,full-body clothes,411,257,309,52,460,49
5605,img/img_00034725.jpg,full-body clothes,250,373,411,38,311,61
5606,img/img_00034728.jpg,full-body clothes,432,265,265,0,432,0
5607,img/img_00034736.jpg,upper-body clothes,334,255,317,62,357,23
5608,img/img_00034737.jpg,upper-body clothes,310,246,322,76,331,21
5609,img/img_00034740.jpg,upper-body clothes,163,187,302,115,305,142
5610,img/img_00034742.jpg,full-body clothes,312,346,346,0,312,0
5611,img/img_00034747.jpg,lower-body clothes,370,146,236,90,420,50
5612,img/img_00034750.jpg,full-body clothes,158,113,267,154,403,245
5613,img/img_00034757.jpg,full-body clothes,291,135,241,106,306,15
5614,img/img_00034763.jpg,upper-body clothes,412,284,304,20,418,6
5615,img/img_00034764.jpg,upper-body clothes,46,273,273,0,46,0
5616,img/img_00034771.jpg,full-body clothes,460,225,317,92,475,15
5617,img/img_00034775.jpg,full-body clothes,216,33,70,37,468,252
5618,img/img_00034779.jpg,upper-body clothes,485,350,350,0,485,0
5619,img/img_00034795.jpg,upper-body clothes,108,90,277,187,217,109
5620,img/img_00034799.jpg,upper-body clothes,293,257,268,11,332,39
5621,img/img_00034810.jpg,lower-body clothes,80,56,218,162,383,303
5622,img/img_00034811.jpg,lower-body clothes,122,99,229,130,286,164
5623,img/img_00034821.jpg,full-body clothes,394,206,274,68,473,79
5624,img/img_00034826.jpg,full-body clothes,345,259,284,25,441,96
5625,img/img_00034843.jpg,full-body clothes,356,253,253,0,356,0
5626,img/img_00034855.jpg,lower-body clothes,265,169,258,89,338,73
5627,img/img_00034856.jpg,lower-body clothes,416,368,368,0,416,0
5628,img/img_00034857.jpg,lower-body clothes,80,64,238,174,90,10
5629,img/img_00034861.jpg,lower-body clothes,141,113,198,85,146,5
5630,img/img_00034862.jpg,lower-body clothes,393,325,325,0,393,0
5631,img/img_00034863.jpg,lower-body clothes,72,59,212,153,225,153
5632,img/img_00034868.jpg,lower-body clothes,154,148,196,48,388,234
5633,img/img_00034884.jpg,upper-body clothes,322,243,294,51,472,150
5634,img/img_00034887.jpg,full-body clothes,370,135,135,0,370,0
5635,img/img_00034894.jpg,upper-body clothes,382,303,340,37,463,81
5636,img/img_00034914.jpg,upper-body clothes,490,282,282,0,490,0
5637,img/img_00034922.jpg,upper-body clothes,384,359,365,6,448,64
5638,img/img_00034926.jpg,full-body clothes,403,201,277,76,462,59
5639,img/img_00034934.jpg,full-body clothes,313,179,340,161,349,36
5640,img/img_00034936.jpg,full-body clothes,346,344,344,0,346,0
5641,img/img_00034940.jpg,lower-body clothes,413,182,182,0,413,0
5642,img/img_00034946.jpg,lower-body clothes,504,372,377,5,505,1
5643,img/img_00034948.jpg,lower-body clothes,147,83,178,95,389,242
5644,img/img_00034956.jpg,full-body clothes,280,98,190,92,377,97
5645,img/img_00034957.jpg,full-body clothes,401,250,250,0,401,0
5646,img/img_00034972.jpg,lower-body clothes,182,88,189,101,326,144
5647,img/img_00034988.jpg,lower-body clothes,190,178,178,0,190,0
5648,img/img_00034997.jpg,upper-body clothes,292,183,269,86,410,118
5649,img/img_00034998.jpg,upper-body clothes,229,165,267,102,248,19
5650,img/img_00035001.jpg,lower-body clothes,326,114,222,108,381,55
5651,img/img_00035021.jpg,upper-body clothes,444,280,331,51,463,19
5652,img/img_00035028.jpg,upper-body clothes,412,323,323,0,412,0
5653,img/img_00035031.jpg,upper-body clothes,375,196,196,0,375,0
5654,img/img_00035032.jpg,upper-body clothes,242,228,310,82,411,169
5655,img/img_00035034.jpg,upper-body clothes,112,462,462,0,112,0
5656,img/img_00035035.jpg,upper-body clothes,414,265,325,60,426,12
5657,img/img_00035036.jpg,upper-body clothes,377,258,319,61,398,21
5658,img/img_00035037.jpg,upper-body clothes,145,163,260,97,237,92
5659,img/img_00035047.jpg,upper-body clothes,372,222,261,39,379,7
5660,img/img_00035051.jpg,upper-body clothes,351,331,348,17,379,28
5661,img/img_00035052.jpg,upper-body clothes,404,258,295,37,419,15
5662,img/img_00035053.jpg,upper-body clothes,155,95,178,83,282,127
5663,img/img_00035057.jpg,upper-body clothes,332,230,332,102,340,8
5664,img/img_00035062.jpg,upper-body clothes,241,163,262,99,387,146
5665,img/img_00035072.jpg,upper-body clothes,312,258,297,39,469,157
5666,img/img_00035088.jpg,upper-body clothes,164,122,255,133,326,162
5667,img/img_00035110.jpg,upper-body clothes,171,372,372,0,171,0
5668,img/img_00035117.jpg,lower-body clothes,311,112,226,114,371,60
5669,img/img_00035118.jpg,lower-body clothes,308,112,225,113,368,60
5670,img/img_00035119.jpg,lower-body clothes,256,99,252,153,471,215
5671,img/img_00035121.jpg,lower-body clothes,24,297,297,0,24,0
5672,img/img_00035124.jpg,lower-body clothes,65,322,322,0,65,0
5673,img/img_00035125.jpg,lower-body clothes,433,214,214,0,433,0
5674,img/img_00035127.jpg,lower-body clothes,309,163,210,47,311,2
5675,img/img_00035131.jpg,upper-body clothes,388,257,314,57,405,17
5676,img/img_00035146.jpg,upper-body clothes,229,193,278,85,454,225
5677,img/img_00035149.jpg,upper-body clothes,375,308,331,23,381,6
5678,img/img_00035152.jpg,upper-body clothes,188,136,228,92,382,194
5679,img/img_00035170.jpg,lower-body clothes,353,151,257,106,402,49
5680,img/img_00035178.jpg,upper-body clothes,365,243,306,63,433,68
5681,img/img_00035196.jpg,upper-body clothes,371,256,347,91,385,14
5682,img/img_00035197.jpg,upper-body clothes,228,198,217,19,371,143
5683,img/img_00035198.jpg,upper-body clothes,15,248,248,0,15,0
5684,img/img_00035205.jpg,upper-body clothes,253,191,331,140,363,110
5685,img/img_00035223.jpg,lower-body clothes,30,317,317,0,30,0
5686,img/img_00035226.jpg,lower-body clothes,205,197,276,79,478,273
5687,img/img_00035233.jpg,lower-body clothes,349,150,232,82,382,33
5688,img/img_00035237.jpg,lower-body clothes,477,329,329,0,477,0
5689,img/img_00035238.jpg,lower-body clothes,472,211,211,0,472,0
5690,img/img_00035248.jpg,upper-body clothes,373,379,379,0,373,0
5691,img/img_00035253.jpg,upper-body clothes,278,367,367,0,278,0
5692,img/img_00035254.jpg,lower-body clothes,392,132,226,94,418,26
5693,img/img_00035256.jpg,lower-body clothes,381,169,302,133,452,71
5694,img/img_00035257.jpg,lower-body clothes,357,138,249,111,406,49
5695,img/img_00035259.jpg,upper-body clothes,193,352,352,0,193,0
5696,img/img_00035261.jpg,lower-body clothes,404,255,303,48,435,31
5697,img/img_00035263.jpg,lower-body clothes,380,119,239,120,443,63
5698,img/img_00035269.jpg,lower-body clothes,173,68,214,146,358,185
5699,img/img_00035273.jpg,lower-body clothes,442,147,236,89,454,12
5700,img/img_00035274.jpg,lower-body clothes,369,143,257,114,404,35
5701,img/img_00035279.jpg,full-body clothes,225,43,171,128,316,91
5702,img/img_00035281.jpg,full-body clothes,216,57,162,105,328,112
5703,img/img_00035284.jpg,full-body clothes,448,258,258,0,448,0
5704,img/img_00035304.jpg,upper-body clothes,502,376,380,4,507,5
5705,img/img_00035310.jpg,full-body clothes,185,106,231,125,295,110
5706,img/img_00035322.jpg,full-body clothes,354,186,310,124,399,45
5707,img/img_00035325.jpg,full-body clothes,502,343,343,0,502,0
5708,img/img_00035336.jpg,full-body clothes,313,105,211,106,407,94
5709,img/img_00035338.jpg,lower-body clothes,353,109,220,111,437,84
5710,img/img_00035342.jpg,full-body clothes,144,71,202,131,379,235
5711,img/img_00035343.jpg,full-body clothes,140,60,135,75,219,79
5712,img/img_00035347.jpg,full-body clothes,507,342,342,0,507,0
5713,img/img_00035363.jpg,upper-body clothes,307,343,343,0,307,0
5714,img/img_00035364.jpg,upper-body clothes,171,283,283,0,171,0
5715,img/img_00035378.jpg,upper-body clothes,376,336,336,0,376,0
5716,img/img_00035379.jpg,upper-body clothes,303,189,292,103,452,149
5717,img/img_00035383.jpg,lower-body clothes,413,299,299,0,413,0
5718,img/img_00035396.jpg,lower-body clothes,306,290,362,72,431,125
5719,img/img_00035397.jpg,lower-body clothes,83,341,341,0,83,0
5720,img/img_00035405.jpg,lower-body clothes,367,229,260,31,404,37
5721,img/img_00035430.jpg,full-body clothes,326,400,400,0,326,0
5722,img/img_00035433.jpg,full-body clothes,356,250,283,33,462,106
5723,img/img_00035444.jpg,lower-body clothes,412,171,204,33,472,60
5724,img/img_00035446.jpg,full-body clothes,304,105,221,116,419,115
5725,img/img_00035447.jpg,full-body clothes,319,143,255,112,476,157
5726,img/img_00035450.jpg,full-body clothes,302,157,225,68,455,153
5727,img/img_00035455.jpg,full-body clothes,491,254,277,23,502,11
5728,img/img_00035459.jpg,full-body clothes,186,119,234,115,300,114
5729,img/img_00035473.jpg,full-body clothes,304,207,271,64,478,174
5730,img/img_00035477.jpg,lower-body clothes,324,183,183,0,324,0
5731,img/img_00035479.jpg,full-body clothes,437,240,246,6,493,56
5732,img/img_00035482.jpg,full-body clothes,399,165,229,64,425,26
5733,img/img_00035491.jpg,lower-body clothes,301,168,253,85,441,140
5734,img/img_00035498.jpg,lower-body clothes,72,48,246,198,372,300
5735,img/img_00035502.jpg,lower-body clothes,128,114,201,87,377,249
5736,img/img_00035508.jpg,upper-body clothes,299,231,331,100,494,195
5737,img/img_00035512.jpg,upper-body clothes,316,204,269,65,459,143
5738,img/img_00035522.jpg,lower-body clothes,308,216,262,46,408,100
5739,img/img_00035524.jpg,lower-body clothes,369,266,295,29,383,14
5740,img/img_00035526.jpg,full-body clothes,444,222,318,96,470,26
5741,img/img_00035530.jpg,lower-body clothes,95,252,252,0,95,0
5742,img/img_00035539.jpg,lower-body clothes,190,93,260,167,355,165
5743,img/img_00035550.jpg,upper-body clothes,446,330,330,0,446,0
5744,img/img_00035554.jpg,full-body clothes,372,209,209,0,372,0
5745,img/img_00035558.jpg,upper-body clothes,274,161,161,0,274,0
5746,img/img_00035563.jpg,upper-body clothes,440,312,330,18,452,12
5747,img/img_00035572.jpg,upper-body clothes,430,266,266,0,430,0
5748,img/img_00035573.jpg,upper-body clothes,438,347,366,19,459,21
5749,img/img_00035574.jpg,upper-body clothes,289,186,257,71,416,127
5750,img/img_00035576.jpg,lower-body clothes,159,106,201,95,441,282
5751,img/img_00035578.jpg,upper-body clothes,303,185,261,76,429,126
5752,img/img_00035589.jpg,upper-body clothes,330,236,299,63,431,101
5753,img/img_00035590.jpg,full-body clothes,202,74,161,87,393,191
5754,img/img_00035601.jpg,upper-body clothes,317,177,269,92,344,27
5755,img/img_00035602.jpg,upper-body clothes,241,170,255,85,249,8
5756,img/img_00035611.jpg,upper-body clothes,256,200,210,10,333,77
5757,img/img_00035623.jpg,full-body clothes,303,156,239,83,487,184
5758,img/img_00035627.jpg,upper-body clothes,355,224,277,53,490,135
5759,img/img_00035629.jpg,upper-body clothes,265,333,343,10,507,242
5760,img/img_00035634.jpg,upper-body clothes,152,358,358,0,152,0
5761,img/img_00035649.jpg,full-body clothes,360,348,348,0,360,0
5762,img/img_00035653.jpg,full-body clothes,214,116,263,147,282,68
5763,img/img_00035665.jpg,full-body clothes,190,59,228,169,419,229
5764,img/img_00035692.jpg,full-body clothes,237,25,154,129,346,109
5765,img/img_00035707.jpg,full-body clothes,214,150,239,89,340,126
5766,img/img_00035722.jpg,full-body clothes,207,238,238,0,207,0
5767,img/img_00035729.jpg,full-body clothes,335,175,273,98,364,29
5768,img/img_00035731.jpg,full-body clothes,251,359,359,0,251,0
5769,img/img_00035739.jpg,lower-body clothes,331,178,178,0,331,0
5770,img/img_00035750.jpg,upper-body clothes,296,255,323,68,346,50
5771,img/img_00035757.jpg,upper-body clothes,473,263,263,0,473,0
5772,img/img_00035760.jpg,full-body clothes,431,250,294,44,495,64
5773,img/img_00035762.jpg,full-body clothes,223,115,253,138,322,99
5774,img/img_00035774.jpg,full-body clothes,325,209,290,81,474,149
5775,img/img_00035781.jpg,lower-body clothes,242,136,246,110,503,261
5776,img/img_00035782.jpg,lower-body clothes,123,67,221,154,344,221
5777,img/img_00035787.jpg,full-body clothes,268,107,221,114,479,211
5778,img/img_00035788.jpg,full-body clothes,326,285,285,0,326,0
5779,img/img_00035794.jpg,lower-body clothes,307,184,263,79,313,6
5780,img/img_00035796.jpg,lower-body clothes,445,311,321,10,482,37
5781,img/img_00035813.jpg,lower-body clothes,397,256,256,0,397,0
5782,img/img_00035815.jpg,lower-body clothes,340,280,280,0,340,0
5783,img/img_00035818.jpg,full-body clothes,338,308,330,22,420,82
5784,img/img_00035820.jpg,full-body clothes,278,15,155,140,417,139
5785,img/img_00035821.jpg,upper-body clothes,455,326,326,0,455,0
5786,img/img_00035829.jpg,upper-body clothes,309,191,268,77,468,159
5787,img/img_00035833.jpg,upper-body clothes,317,202,279,77,466,149
5788,img/img_00035834.jpg,upper-body clothes,304,386,420,34,332,28
5789,img/img_00035835.jpg,upper-body clothes,420,335,335,0,420,0
5790,img/img_00035838.jpg,upper-body clothes,424,270,270,0,424,0
5791,img/img_00035845.jpg,upper-body clothes,198,132,305,173,386,188
5792,img/img_00035852.jpg,upper-body clothes,493,313,313,0,493,0
5793,img/img_00035853.jpg,upper-body clothes,149,137,259,122,228,79
5794,img/img_00035860.jpg,upper-body clothes,226,172,301,129,374,148
5795,img/img_00035871.jpg,lower-body clothes,387,215,215,0,387,0
5796,img/img_00035873.jpg,lower-body clothes,280,74,190,116,346,66
5797,img/img_00035881.jpg,lower-body clothes,120,127,258,131,303,183
5798,img/img_00035889.jpg,full-body clothes,460,25,226,201,502,42
5799,img/img_00035893.jpg,full-body clothes,444,229,282,53,457,13
5800,img/img_00035894.jpg,full-body clothes,223,120,207,87,356,133
5801,img/img_00035896.jpg,upper-body clothes,374,247,301,54,381,7
5802,img/img_00035908.jpg,upper-body clothes,142,165,178,13,288,146
5803,img/img_00035911.jpg,lower-body clothes,303,248,248,0,303,0
5804,img/img_00035913.jpg,lower-body clothes,169,310,310,0,169,0
5805,img/img_00035933.jpg,lower-body clothes,303,50,168,118,313,10
5806,img/img_00035934.jpg,lower-body clothes,212,148,269,121,270,58
5807,img/img_00035944.jpg,full-body clothes,446,230,230,0,446,0
5808,img/img_00035946.jpg,full-body clothes,71,20,67,47,237,166
5809,img/img_00035957.jpg,full-body clothes,381,306,306,0,381,0
5810,img/img_00035983.jpg,full-body clothes,442,269,318,49,475,33
5811,img/img_00035986.jpg,lower-body clothes,210,254,346,92,239,29
5812,img/img_00035987.jpg,lower-body clothes,129,101,196,95,308,179
5813,img/img_00036004.jpg,lower-body clothes,306,199,272,73,400,94
5814,img/img_00036010.jpg,lower-body clothes,231,151,231,80,284,53
5815,img/img_00036018.jpg,lower-body clothes,44,236,236,0,44,0
5816,img/img_00036028.jpg,lower-body clothes,170,120,243,123,349,179
5817,img/img_00036029.jpg,lower-body clothes,361,312,342,30,418,57
5818,img/img_00036031.jpg,lower-body clothes,199,182,283,101,250,51
5819,img/img_00036052.jpg,full-body clothes,372,287,349,62,395,23
5820,img/img_00036059.jpg,full-body clothes,335,168,255,87,454,119
5821,img/img_00036061.jpg,full-body clothes,236,379,379,0,236,0
5822,img/img_00036066.jpg,full-body clothes,307,174,269,95,470,163
5823,img/img_00036068.jpg,full-body clothes,241,141,190,49,414,173
5824,img/img_00036076.jpg,full-body clothes,427,264,264,0,427,0
5825,img/img_00036079.jpg,full-body clothes,224,107,249,142,320,96
5826,img/img_00036094.jpg,full-body clothes,407,304,304,0,407,0
5827,img/img_00036114.jpg,upper-body clothes,260,238,287,49,416,156
5828,img/img_00036120.jpg,upper-body clothes,278,176,244,68,282,4
5829,img/img_00036122.jpg,upper-body clothes,284,274,337,63,415,131
5830,img/img_00036142.jpg,upper-body clothes,172,129,156,27,351,179
5831,img/img_00036146.jpg,upper-body clothes,290,180,255,75,444,154
5832,img/img_00036169.jpg,lower-body clothes,351,286,311,25,446,95
5833,img/img_00036171.jpg,lower-body clothes,260,371,371,0,260,0
5834,img/img_00036178.jpg,upper-body clothes,275,263,346,83,430,155
5835,img/img_00036183.jpg,lower-body clothes,334,163,237,74,348,14
5836,img/img_00036186.jpg,upper-body clothes,125,80,221,141,267,142
5837,img/img_00036189.jpg,upper-body clothes,23,267,267,0,23,0
5838,img/img_00036195.jpg,upper-body clothes,218,162,271,109,241,23
5839,img/img_00036206.jpg,full-body clothes,396,267,267,0,396,0
5840,img/img_00036211.jpg,full-body clothes,401,372,372,0,401,0
5841,img/img_00036213.jpg,full-body clothes,446,274,274,0,446,0
5842,img/img_00036224.jpg,upper-body clothes,409,236,236,0,409,0
5843,img/img_00036230.jpg,upper-body clothes,198,180,222,42,206,8
5844,img/img_00036233.jpg,upper-body clothes,368,240,309,69,382,14
5845,img/img_00036234.jpg,upper-body clothes,334,233,280,47,373,39
5846,img/img_00036241.jpg,upper-body clothes,146,94,249,155,357,211
5847,img/img_00036242.jpg,upper-body clothes,307,272,279,7,309,2
5848,img/img_00036258.jpg,full-body clothes,489,370,370,0,489,0
5849,img/img_00036261.jpg,full-body clothes,196,135,259,124,249,53
5850,img/img_00036268.jpg,full-body clothes,271,281,281,0,271,0
5851,img/img_00036272.jpg,upper-body clothes,306,225,290,65,461,155
5852,img/img_00036273.jpg,upper-body clothes,311,207,280,73,449,138
5853,img/img_00036275.jpg,upper-body clothes,394,270,319,49,475,81
5854,img/img_00036281.jpg,upper-body clothes,336,257,297,40,349,13
5855,img/img_00036293.jpg,lower-body clothes,200,98,194,96,316,116
5856,img/img_00036300.jpg,lower-body clothes,372,190,295,105,481,109
5857,img/img_00036305.jpg,lower-body clothes,44,211,211,0,44,0
5858,img/img_00036307.jpg,full-body clothes,390,231,294,63,406,16
5859,img/img_00036309.jpg,full-body clothes,258,155,324,169,354,96
5860,img/img_00036323.jpg,upper-body clothes,145,102,267,165,249,104
5861,img/img_00036330.jpg,upper-body clothes,334,251,299,48,339,5
5862,img/img_00036343.jpg,lower-body clothes,275,327,362,35,495,220
5863,img/img_00036350.jpg,lower-body clothes,111,122,248,126,420,309
5864,img/img_00036360.jpg,lower-body clothes,371,114,114,0,371,0
5865,img/img_00036368.jpg,lower-body clothes,224,214,285,71,399,175
5866,img/img_00036370.jpg,lower-body clothes,88,89,170,81,315,227
5867,img/img_00036373.jpg,full-body clothes,176,117,242,125,230,54
5868,img/img_00036386.jpg,upper-body clothes,277,218,289,71,426,149
5869,img/img_00036392.jpg,upper-body clothes,328,262,301,39,423,95
5870,img/img_00036408.jpg,lower-body clothes,181,158,222,64,244,63
5871,img/img_00036411.jpg,lower-body clothes,121,211,211,0,121,0
5872,img/img_00036419.jpg,full-body clothes,274,219,265,46,388,114
5873,img/img_00036426.jpg,full-body clothes,375,246,246,0,375,0
5874,img/img_00036434.jpg,full-body clothes,269,33,150,117,344,75
5875,img/img_00036438.jpg,full-body clothes,489,50,183,133,503,14
5876,img/img_00036444.jpg,full-body clothes,498,267,267,0,498,0
5877,img/img_00036446.jpg,full-body clothes,502,337,337,0,502,0
5878,img/img_00036453.jpg,upper-body clothes,294,224,286,62,465,171
5879,img/img_00036454.jpg,upper-body clothes,300,218,280,62,464,164
5880,img/img_00036470.jpg,upper-body clothes,291,186,251,65,448,157
5881,img/img_00036474.jpg,upper-body clothes,209,182,255,73,360,151
5882,img/img_00036482.jpg,full-body clothes,355,216,279,63,486,131
5883,img/img_00036483.jpg,full-body clothes,248,116,236,120,357,109
5884,img/img_00036490.jpg,upper-body clothes,477,331,331,0,477,0
5885,img/img_00036517.jpg,full-body clothes,356,209,293,84,492,136
5886,img/img_00036528.jpg,full-body clothes,285,125,229,104,383,98
5887,img/img_00036531.jpg,full-body clothes,242,313,313,0,242,0
5888,img/img_00036535.jpg,full-body clothes,257,115,226,111,271,14
5889,img/img_00036546.jpg,upper-body clothes,464,303,303,0,464,0
5890,img/img_00036553.jpg,full-body clothes,502,376,376,0,502,0
5891,img/img_00036557.jpg,full-body clothes,50,29,173,144,165,115
5892,img/img_00036561.jpg,full-body clothes,132,94,206,112,304,172
5893,img/img_00036562.jpg,full-body clothes,365,220,255,35,388,23
5894,img/img_00036567.jpg,full-body clothes,361,272,306,34,475,114
5895,img/img_00036570.jpg,full-body clothes,320,360,360,0,320,0
5896,img/img_00036571.jpg,full-body clothes,211,120,243,123,399,188
5897,img/img_00036577.jpg,lower-body clothes,265,271,271,0,265,0
5898,img/img_00036579.jpg,lower-body clothes,100,77,235,158,298,198
5899,img/img_00036587.jpg,upper-body clothes,411,173,173,0,411,0
5900,img/img_00036590.jpg,upper-body clothes,459,456,456,0,459,0
5901,img/img_00036591.jpg,full-body clothes,394,204,258,54,500,106
5902,img/img_00036603.jpg,full-body clothes,280,158,297,139,290,10
5903,img/img_00036604.jpg,full-body clothes,228,335,335,0,228,0
5904,img/img_00036609.jpg,full-body clothes,428,198,198,0,428,0
5905,img/img_00036610.jpg,full-body clothes,484,224,224,0,484,0
5906,img/img_00036611.jpg,full-body clothes,372,355,355,0,372,0
5907,img/img_00036619.jpg,full-body clothes,350,220,324,104,379,29
5908,img/img_00036623.jpg,full-body clothes,352,142,243,101,443,91
5909,img/img_00036630.jpg,lower-body clothes,448,369,377,8,478,30
5910,img/img_00036632.jpg,upper-body clothes,300,256,298,42,451,151
5911,img/img_00036639.jpg,upper-body clothes,382,291,315,24,428,46
5912,img/img_00036641.jpg,upper-body clothes,484,332,332,0,484,0
5913,img/img_00036642.jpg,upper-body clothes,407,266,275,9,422,15
5914,img/img_00036645.jpg,upper-body clothes,312,242,292,50,440,128
5915,img/img_00036656.jpg,upper-body clothes,147,103,245,142,345,198
5916,img/img_00036657.jpg,lower-body clothes,116,104,226,122,292,176
5917,img/img_00036660.jpg,lower-body clothes,86,62,249,187,88,2
5918,img/img_00036680.jpg,lower-body clothes,242,252,261,9,406,164
5919,img/img_00036682.jpg,upper-body clothes,426,272,272,0,426,0
5920,img/img_00036691.jpg,full-body clothes,333,153,200,47,356,23
5921,img/img_00036692.jpg,full-body clothes,205,109,249,140,345,140
5922,img/img_00036707.jpg,lower-body clothes,124,104,233,129,269,145
5923,img/img_00036709.jpg,lower-body clothes,322,298,355,57,434,112
5924,img/img_00036711.jpg,upper-body clothes,304,238,294,56,477,173
5925,img/img_00036712.jpg,full-body clothes,446,300,300,0,446,0
5926,img/img_00036713.jpg,full-body clothes,232,165,198,33,457,225
5927,img/img_00036718.jpg,full-body clothes,171,75,226,151,413,242
5928,img/img_00036739.jpg,upper-body clothes,282,164,249,85,464,182
5929,img/img_00036740.jpg,upper-body clothes,398,313,329,16,463,65
5930,img/img_00036742.jpg,upper-body clothes,347,279,306,27,470,123
5931,img/img_00036746.jpg,upper-body clothes,115,102,265,163,392,277
5932,img/img_00036766.jpg,lower-body clothes,109,96,390,294,228,119
5933,img/img_00036768.jpg,lower-body clothes,406,278,315,37,448,42
5934,img/img_00036769.jpg,lower-body clothes,263,217,320,103,377,114
5935,img/img_00036774.jpg,lower-body clothes,381,317,317,0,381,0
5936,img/img_00036775.jpg,lower-body clothes,156,253,271,18,245,89
5937,img/img_00036784.jpg,lower-body clothes,202,155,236,81,260,58
5938,img/img_00036790.jpg,lower-body clothes,462,244,244,0,462,0
5939,img/img_00036792.jpg,lower-body clothes,152,125,253,128,308,156
5940,img/img_00036799.jpg,full-body clothes,216,264,264,0,216,0
5941,img/img_00036804.jpg,upper-body clothes,250,236,287,51,404,154
5942,img/img_00036810.jpg,upper-body clothes,211,152,262,110,252,41
5943,img/img_00036814.jpg,lower-body clothes,332,349,354,5,350,18
5944,img/img_00036816.jpg,full-body clothes,414,311,311,0,414,0
5945,img/img_00036827.jpg,full-body clothes,508,356,356,0,508,0
5946,img/img_00036845.jpg,upper-body clothes,240,158,322,164,405,165
5947,img/img_00036846.jpg,upper-body clothes,239,216,216,0,239,0
5948,img/img_00036848.jpg,upper-body clothes,256,169,251,82,394,138
5949,img/img_00036851.jpg,upper-body clothes,321,262,282,20,326,5
5950,img/img_00036870.jpg,full-body clothes,267,345,345,0,267,0
5951,img/img_00036875.jpg,full-body clothes,376,381,381,0,376,0
5952,img/img_00036885.jpg,full-body clothes,307,440,440,0,307,0
5953,img/img_00036889.jpg,upper-body clothes,283,261,278,17,405,122
5954,img/img_00036890.jpg,upper-body clothes,295,238,280,42,456,161
5955,img/img_00036892.jpg,lower-body clothes,261,118,271,153,353,92
5956,img/img_00036893.jpg,full-body clothes,433,289,325,36,458,25
5957,img/img_00036896.jpg,full-body clothes,461,361,365,4,466,5
5958,img/img_00036902.jpg,lower-body clothes,398,129,242,113,403,5
5959,img/img_00036920.jpg,full-body clothes,506,328,328,0,506,0
5960,img/img_00036923.jpg,lower-body clothes,404,130,219,89,434,30
5961,img/img_00036924.jpg,lower-body clothes,418,139,244,105,429,11
5962,img/img_00036928.jpg,lower-body clothes,91,242,242,0,91,0
5963,img/img_00036933.jpg,full-body clothes,451,229,267,38,455,4
5964,img/img_00036936.jpg,upper-body clothes,65,220,220,0,65,0
5965,img/img_00036943.jpg,upper-body clothes,468,308,308,0,468,0
5966,img/img_00036952.jpg,lower-body clothes,355,314,330,16,458,103
5967,img/img_00036954.jpg,full-body clothes,364,162,233,71,391,27
5968,img/img_00036958.jpg,lower-body clothes,401,170,276,106,423,22
5969,img/img_00036966.jpg,lower-body clothes,371,64,236,172,409,38
5970,img/img_00036985.jpg,upper-body clothes,324,245,282,37,346,22
5971,img/img_00036989.jpg,upper-body clothes,450,373,373,0,450,0
5972,img/img_00036993.jpg,lower-body clothes,223,249,349,100,277,54
5973,img/img_00036999.jpg,lower-body clothes,328,316,349,33,415,87
5974,img/img_00037001.jpg,full-body clothes,298,167,282,115,422,124
5975,img/img_00037008.jpg,full-body clothes,257,356,356,0,257,0
5976,img/img_00037014.jpg,full-body clothes,398,264,344,80,464,66
5977,img/img_00037024.jpg,full-body clothes,321,353,353,0,321,0
5978,img/img_00037026.jpg,full-body clothes,451,340,340,0,451,0
5979,img/img_00037038.jpg,full-body clothes,464,329,329,0,464,0
5980,img/img_00037047.jpg,full-body clothes,492,272,359,87,508,16
5981,img/img_00037051.jpg,full-body clothes,317,135,235,100,338,21
5982,img/img_00037053.jpg,upper-body clothes,246,154,277,123,430,184
5983,img/img_00037056.jpg,lower-body clothes,387,167,282,115,475,88
5984,img/img_00037057.jpg,lower-body clothes,475,305,305,0,475,0
5985,img/img_00037071.jpg,upper-body clothes,127,111,228,117,280,153
5986,img/img_00037075.jpg,upper-body clothes,353,277,312,35,435,82
5987,img/img_00037080.jpg,full-body clothes,216,122,188,66,334,118
5988,img/img_00037087.jpg,full-body clothes,306,203,279,76,465,159
5989,img/img_00037088.jpg,full-body clothes,309,305,305,0,309,0
5990,img/img_00037097.jpg,full-body clothes,186,225,225,0,186,0
5991,img/img_00037099.jpg,full-body clothes,256,139,285,146,343,87
5992,img/img_00037113.jpg,lower-body clothes,91,64,103,39,93,2
5993,img/img_00037133.jpg,lower-body clothes,154,73,238,165,415,261
5994,img/img_00037134.jpg,lower-body clothes,372,275,275,0,372,0
5995,img/img_00037137.jpg,lower-body clothes,166,166,232,66,260,94
5996,img/img_00037141.jpg,full-body clothes,242,161,182,21,358,116
5997,img/img_00037147.jpg,full-body clothes,259,273,306,33,418,159
5998,img/img_00037154.jpg,full-body clothes,239,110,239,129,360,121
5999,img/img_00037169.jpg,full-body clothes,90,58,205,147,342,252
6000,img/img_00037173.jpg,lower-body clothes,459,135,262,127,468,9
6001,img/img_00037185.jpg,full-body clothes,501,290,290,0,501,0
6002,img/img_00037204.jpg,full-body clothes,321,178,308,130,482,161
6003,img/img_00037211.jpg,lower-body clothes,433,174,280,106,486,53
6004,img/img_00037221.jpg,lower-body clothes,234,95,192,97,462,228
6005,img/img_00037225.jpg,full-body clothes,332,158,200,42,339,7
6006,img/img_00037235.jpg,upper-body clothes,248,199,295,96,295,47
6007,img/img_00037250.jpg,upper-body clothes,459,367,367,0,459,0
6008,img/img_00037252.jpg,upper-body clothes,163,95,232,137,301,138
6009,img/img_00037272.jpg,upper-body clothes,436,325,352,27,504,68
6010,img/img_00037279.jpg,upper-body clothes,298,167,265,98,468,170
6011,img/img_00037284.jpg,upper-body clothes,367,266,304,38,381,14
6012,img/img_00037306.jpg,full-body clothes,327,140,246,106,380,53
6013,img/img_00037311.jpg,full-body clothes,246,243,243,0,246,0
6014,img/img_00037312.jpg,full-body clothes,389,175,247,72,412,23
6015,img/img_00037313.jpg,full-body clothes,386,251,251,0,386,0
6016,img/img_00037315.jpg,full-body clothes,500,259,259,0,500,0
6017,img/img_00037321.jpg,full-body clothes,384,228,352,124,502,118
6018,img/img_00037326.jpg,full-body clothes,192,231,244,13,258,66
6019,img/img_00037341.jpg,upper-body clothes,323,187,255,68,330,7
6020,img/img_00037344.jpg,upper-body clothes,315,295,367,72,504,189
6021,img/img_00037353.jpg,full-body clothes,229,339,339,0,229,0
6022,img/img_00037363.jpg,full-body clothes,428,232,262,30,446,18
6023,img/img_00037371.jpg,full-body clothes,310,205,250,45,482,172
6024,img/img_00037375.jpg,full-body clothes,472,239,296,57,501,29
6025,img/img_00037376.jpg,full-body clothes,480,284,284,0,480,0
6026,img/img_00037379.jpg,full-body clothes,344,373,373,0,344,0
6027,img/img_00037380.jpg,full-body clothes,159,70,222,152,340,181
6028,img/img_00037395.jpg,upper-body clothes,337,258,300,42,367,30
6029,img/img_00037396.jpg,upper-body clothes,486,376,376,0,486,0
6030,img/img_00037398.jpg,upper-body clothes,316,257,309,52,481,165
6031,img/img_00037401.jpg,upper-body clothes,455,371,371,0,455,0
6032,img/img_00037402.jpg,upper-body clothes,431,351,351,0,431,0
6033,img/img_00037409.jpg,lower-body clothes,372,210,304,94,380,8
6034,img/img_00037411.jpg,lower-body clothes,247,119,225,106,447,200
6035,img/img_00037419.jpg,full-body clothes,478,283,283,0,478,0
6036,img/img_00037425.jpg,upper-body clothes,22,268,268,0,22,0
6037,img/img_00037428.jpg,upper-body clothes,181,334,334,0,181,0
6038,img/img_00037437.jpg,upper-body clothes,83,266,266,0,83,0
6039,img/img_00037454.jpg,lower-body clothes,284,464,464,0,284,0
6040,img/img_00037468.jpg,full-body clothes,343,191,262,71,494,151
6041,img/img_00037472.jpg,lower-body clothes,274,191,287,96,379,105
6042,img/img_00037475.jpg,upper-body clothes,180,310,310,0,180,0
6043,img/img_00037489.jpg,full-body clothes,503,354,354,0,503,0
6044,img/img_00037500.jpg,lower-body clothes,135,93,240,147,330,195
6045,img/img_00037503.jpg,lower-body clothes,146,109,244,135,322,176
6046,img/img_00037504.jpg,lower-body clothes,69,302,302,0,69,0
6047,img/img_00037511.jpg,upper-body clothes,260,234,301,67,406,146
6048,img/img_00037514.jpg,upper-body clothes,458,331,331,0,458,0
6049,img/img_00037520.jpg,full-body clothes,294,334,334,0,294,0
6050,img/img_00037526.jpg,full-body clothes,122,81,335,254,223,101
6051,img/img_00037527.jpg,full-body clothes,476,332,332,0,476,0
6052,img/img_00037529.jpg,full-body clothes,379,245,311,66,458,79
6053,img/img_00037534.jpg,full-body clothes,409,323,323,0,409,0
6054,img/img_00037538.jpg,lower-body clothes,406,128,241,113,430,24
6055,img/img_00037539.jpg,lower-body clothes,354,193,284,91,390,36
6056,img/img_00037540.jpg,upper-body clothes,244,217,276,59,401,157
6057,img/img_00037544.jpg,upper-body clothes,472,377,377,0,472,0
6058,img/img_00037557.jpg,full-body clothes,314,243,243,0,314,0
6059,img/img_00037558.jpg,full-body clothes,161,80,226,146,354,193
6060,img/img_00037561.jpg,full-body clothes,293,182,304,122,458,165
6061,img/img_00037566.jpg,full-body clothes,472,281,337,56,481,9
6062,img/img_00037567.jpg,full-body clothes,168,84,232,148,267,99
6063,img/img_00037568.jpg,full-body clothes,275,128,249,121,396,121
6064,img/img_00037581.jpg,upper-body clothes,498,332,332,0,498,0
6065,img/img_00037583.jpg,full-body clothes,474,329,329,0,474,0
6066,img/img_00037585.jpg,full-body clothes,462,356,356,0,462,0
6067,img/img_00037590.jpg,full-body clothes,411,278,330,52,457,46
6068,img/img_00037594.jpg,full-body clothes,246,242,242,0,246,0
6069,img/img_00037595.jpg,full-body clothes,285,156,254,98,404,119
6070,img/img_00037604.jpg,full-body clothes,249,183,206,23,440,191
6071,img/img_00037605.jpg,full-body clothes,161,72,247,175,274,113
6072,img/img_00037609.jpg,upper-body clothes,379,324,324,0,379,0
6073,img/img_00037612.jpg,full-body clothes,171,120,260,140,268,97
6074,img/img_00037615.jpg,full-body clothes,273,144,232,88,277,4
6075,img/img_00037625.jpg,full-body clothes,253,102,219,117,427,174
6076,img/img_00037632.jpg,full-body clothes,248,132,273,141,420,172
6077,img/img_00037643.jpg,full-body clothes,270,117,208,91,409,139
6078,img/img_00037645.jpg,full-body clothes,272,233,286,53,470,198
6079,img/img_00037647.jpg,full-body clothes,265,92,152,60,305,40
6080,img/img_00037649.jpg,full-body clothes,287,78,243,165,391,104
6081,img/img_00037654.jpg,full-body clothes,308,158,178,20,338,30
6082,img/img_00037669.jpg,lower-body clothes,347,192,294,102,442,95
6083,img/img_00037675.jpg,upper-body clothes,425,347,347,0,425,0
6084,img/img_00037684.jpg,upper-body clothes,411,251,261,10,510,99
6085,img/img_00037698.jpg,full-body clothes,481,349,349,0,481,0
6086,img/img_00037706.jpg,full-body clothes,323,145,237,92,449,126
6087,img/img_00037715.jpg,full-body clothes,140,78,260,182,268,128
6088,img/img_00037717.jpg,full-body clothes,237,373,373,0,237,0
6089,img/img_00037719.jpg,upper-body clothes,272,133,267,134,369,97
6090,img/img_00037732.jpg,lower-body clothes,165,125,272,147,290,125
6091,img/img_00037753.jpg,upper-body clothes,331,264,305,41,459,128
6092,img/img_00037755.jpg,upper-body clothes,145,85,231,146,224,79
6093,img/img_00037766.jpg,lower-body clothes,171,80,214,134,393,222
6094,img/img_00037769.jpg,lower-body clothes,397,144,290,146,400,3
6095,img/img_00037774.jpg,lower-body clothes,393,251,251,0,393,0
6096,img/img_00037777.jpg,lower-body clothes,275,49,207,158,317,42
6097,img/img_00037780.jpg,lower-body clothes,250,71,276,205,437,187
6098,img/img_00037789.jpg,full-body clothes,216,140,258,118,316,100
6099,img/img_00037803.jpg,upper-body clothes,368,344,361,17,410,42
6100,img/img_00037815.jpg,upper-body clothes,445,400,446,46,450,5
6101,img/img_00037823.jpg,upper-body clothes,294,229,299,70,446,152
6102,img/img_00037824.jpg,upper-body clothes,295,195,271,76,456,161
6103,img/img_00037844.jpg,full-body clothes,350,191,201,10,495,145
6104,img/img_00037857.jpg,upper-body clothes,323,210,274,64,475,152
6105,img/img_00037890.jpg,full-body clothes,437,190,234,44,471,34
6106,img/img_00037892.jpg,full-body clothes,279,163,255,92,422,143
6107,img/img_00037896.jpg,full-body clothes,279,244,244,0,279,0
6108,img/img_00037901.jpg,full-body clothes,369,213,232,19,430,61
6109,img/img_00037903.jpg,full-body clothes,296,172,249,77,446,150
6110,img/img_00037906.jpg,lower-body clothes,387,167,275,108,433,46
6111,img/img_00037911.jpg,upper-body clothes,459,293,316,23,506,47
6112,img/img_00037916.jpg,full-body clothes,307,150,233,83,311,4
6113,img/img_00037933.jpg,full-body clothes,324,188,272,84,450,126
6114,img/img_00037935.jpg,full-body clothes,441,378,378,0,441,0
6115,img/img_00037941.jpg,full-body clothes,348,367,367,0,348,0
6116,img/img_00037947.jpg,full-body clothes,419,260,260,0,419,0
6117,img/img_00037953.jpg,lower-body clothes,314,150,236,86,449,135
6118,img/img_00037959.jpg,lower-body clothes,447,356,356,0,447,0
6119,img/img_00037968.jpg,upper-body clothes,463,294,294,0,463,0
6120,img/img_00037974.jpg,full-body clothes,216,113,183,70,363,147
6121,img/img_00037976.jpg,full-body clothes,342,296,334,38,489,147
6122,img/img_00037977.jpg,full-body clothes,459,288,310,22,465,6
6123,img/img_00037982.jpg,full-body clothes,441,306,348,42,446,5
6124,img/img_00037987.jpg,full-body clothes,227,218,274,56,408,181
6125,img/img_00037992.jpg,full-body clothes,441,227,227,0,441,0
6126,img/img_00038004.jpg,full-body clothes,309,135,238,103,327,18
6127,img/img_00038022.jpg,full-body clothes,257,200,296,96,407,150
6128,img/img_00038031.jpg,full-body clothes,293,81,209,128,431,138
6129,img/img_00038038.jpg,full-body clothes,450,253,253,0,450,0
6130,img/img_00038039.jpg,full-body clothes,450,253,253,0,450,0
6131,img/img_00038044.jpg,upper-body clothes,449,292,292,0,449,0
6132,img/img_00038046.jpg,lower-body clothes,282,174,290,116,296,14
6133,img/img_00038055.jpg,upper-body clothes,356,375,375,0,356,0
6134,img/img_00038066.jpg,upper-body clothes,298,198,266,68,451,153
6135,img/img_00038077.jpg,full-body clothes,368,191,274,83,423,55
6136,img/img_00038084.jpg,full-body clothes,341,202,256,54,468,127
6137,img/img_00038087.jpg,full-body clothes,232,102,271,169,406,174
6138,img/img_00038101.jpg,full-body clothes,209,118,200,82,361,152
6139,img/img_00038102.jpg,full-body clothes,176,100,232,132,251,75
6140,img/img_00038122.jpg,lower-body clothes,63,360,360,0,63,0
6141,img/img_00038130.jpg,lower-body clothes,201,161,253,92,228,27
6142,img/img_00038150.jpg,upper-body clothes,234,162,262,100,372,138
6143,img/img_00038152.jpg,upper-body clothes,468,323,364,41,498,30
6144,img/img_00038155.jpg,upper-body clothes,452,328,328,0,452,0
6145,img/img_00038160.jpg,upper-body clothes,321,59,238,179,427,106
6146,img/img_00038167.jpg,upper-body clothes,359,246,377,131,382,23
6147,img/img_00038172.jpg,upper-body clothes,244,450,450,0,244,0
6148,img/img_00038178.jpg,upper-body clothes,282,91,199,108,328,46
6149,img/img_00038181.jpg,upper-body clothes,259,249,327,78,282,23
6150,img/img_00038187.jpg,upper-body clothes,122,276,276,0,122,0
6151,img/img_00038191.jpg,upper-body clothes,484,371,371,0,484,0
6152,img/img_00038198.jpg,upper-body clothes,334,243,295,52,348,14
6153,img/img_00038202.jpg,upper-body clothes,238,165,252,87,346,108
6154,img/img_00038209.jpg,upper-body clothes,129,108,250,142,235,106
6155,img/img_00038216.jpg,full-body clothes,426,363,363,0,426,0
6156,img/img_00038231.jpg,full-body clothes,260,367,367,0,260,0
6157,img/img_00038237.jpg,lower-body clothes,203,283,283,0,203,0
6158,img/img_00038238.jpg,full-body clothes,327,289,314,25,401,74
6159,img/img_00038252.jpg,full-body clothes,385,279,279,0,385,0
6160,img/img_00038255.jpg,upper-body clothes,362,366,366,0,362,0
6161,img/img_00038258.jpg,full-body clothes,386,102,224,122,495,109
6162,img/img_00038259.jpg,full-body clothes,266,134,259,125,350,84
6163,img/img_00038263.jpg,upper-body clothes,300,176,263,87,444,144
6164,img/img_00038264.jpg,upper-body clothes,280,170,249,79,422,142
6165,img/img_00038266.jpg,upper-body clothes,271,282,282,0,271,0
6166,img/img_00038280.jpg,full-body clothes,473,227,227,0,473,0
6167,img/img_00038288.jpg,full-body clothes,417,204,299,95,427,10
6168,img/img_00038291.jpg,full-body clothes,387,308,308,0,387,0
6169,img/img_00038300.jpg,upper-body clothes,444,316,341,25,450,6
6170,img/img_00038312.jpg,lower-body clothes,291,187,280,93,404,113
6171,img/img_00038315.jpg,lower-body clothes,244,135,283,148,336,92
6172,img/img_00038316.jpg,lower-body clothes,285,45,235,190,362,77
6173,img/img_00038323.jpg,full-body clothes,255,190,229,39,449,194
6174,img/img_00038324.jpg,full-body clothes,437,282,286,4,455,18
6175,img/img_00038331.jpg,lower-body clothes,284,144,254,110,312,28
6176,img/img_00038340.jpg,upper-body clothes,341,215,248,33,350,9
6177,img/img_00038345.jpg,upper-body clothes,248,374,374,0,248,0
6178,img/img_00038348.jpg,upper-body clothes,442,321,321,0,442,0
6179,img/img_00038353.jpg,full-body clothes,452,200,259,59,474,22
6180,img/img_00038356.jpg,lower-body clothes,353,220,376,156,355,2
6181,img/img_00038368.jpg,full-body clothes,237,85,212,127,372,135
6182,img/img_00038398.jpg,full-body clothes,385,342,353,11,504,119
6183,img/img_00038403.jpg,full-body clothes,419,80,226,146,439,20
6184,img/img_00038410.jpg,full-body clothes,455,367,367,0,455,0
6185,img/img_00038427.jpg,full-body clothes,284,209,220,11,299,15
6186,img/img_00038428.jpg,full-body clothes,368,199,258,59,465,97
6187,img/img_00038447.jpg,lower-body clothes,409,104,217,113,460,51
6188,img/img_00038456.jpg,lower-body clothes,203,111,230,119,453,250
6189,img/img_00038464.jpg,lower-body clothes,134,12,216,204,291,157
6190,img/img_00038468.jpg,lower-body clothes,415,199,199,0,415,0
6191,img/img_00038499.jpg,upper-body clothes,495,337,337,0,495,0
6192,img/img_00038503.jpg,upper-body clothes,470,349,349,0,470,0
6193,img/img_00038504.jpg,upper-body clothes,292,271,379,108,338,46
6194,img/img_00038518.jpg,lower-body clothes,179,121,275,154,354,175
6195,img/img_00038525.jpg,lower-body clothes,418,432,432,0,418,0
6196,img/img_00038535.jpg,lower-body clothes,158,85,238,153,270,112
6197,img/img_00038542.jpg,lower-body clothes,374,111,225,114,384,10
6198,img/img_00038545.jpg,lower-body clothes,334,138,212,74,386,52
6199,img/img_00038548.jpg,full-body clothes,405,311,332,21,464,59
6200,img/img_00038551.jpg,full-body clothes,485,316,316,0,485,0
6201,img/img_00038554.jpg,full-body clothes,337,184,253,69,391,54
6202,img/img_00038573.jpg,full-body clothes,346,225,225,0,346,0
6203,img/img_00038596.jpg,full-body clothes,333,133,313,180,337,4
6204,img/img_00038599.jpg,full-body clothes,490,333,333,0,490,0
6205,img/img_00038601.jpg,full-body clothes,419,319,336,17,498,79
6206,img/img_00038607.jpg,full-body clothes,423,66,237,171,492,69
6207,img/img_00038615.jpg,lower-body clothes,318,186,281,95,439,121
6208,img/img_00038621.jpg,upper-body clothes,272,186,204,18,380,108
6209,img/img_00038627.jpg,full-body clothes,395,223,279,56,430,35
6210,img/img_00038630.jpg,full-body clothes,161,81,231,150,280,119
6211,img/img_00038636.jpg,full-body clothes,323,315,315,0,323,0
6212,img/img_00038638.jpg,full-body clothes,444,311,311,0,444,0
6213,img/img_00038639.jpg,full-body clothes,367,308,308,0,367,0
6214,img/img_00038644.jpg,full-body clothes,460,228,301,73,467,7
6215,img/img_00038652.jpg,full-body clothes,358,169,169,0,358,0
6216,img/img_00038657.jpg,full-body clothes,175,83,216,133,334,159
6217,img/img_00038666.jpg,full-body clothes,476,194,261,67,484,8
6218,img/img_00038679.jpg,full-body clothes,225,266,266,0,225,0
6219,img/img_00038685.jpg,full-body clothes,226,113,237,124,343,117
6220,img/img_00038688.jpg,full-body clothes,209,92,185,93,286,77
6221,img/img_00038702.jpg,lower-body clothes,364,183,183,0,364,0
6222,img/img_00038705.jpg,lower-body clothes,368,99,154,55,373,5
6223,img/img_00038707.jpg,lower-body clothes,499,364,364,0,499,0
6224,img/img_00038708.jpg,lower-body clothes,382,60,235,175,392,10
6225,img/img_00038713.jpg,lower-body clothes,248,101,177,76,285,37
6226,img/img_00038722.jpg,lower-body clothes,314,369,373,4,373,59
6227,img/img_00038724.jpg,lower-body clothes,231,224,237,13,326,95
6228,img/img_00038726.jpg,lower-body clothes,132,54,196,142,308,176
6229,img/img_00038728.jpg,lower-body clothes,105,326,326,0,105,0
6230,img/img_00038732.jpg,lower-body clothes,317,453,461,8,357,40
6231,img/img_00038735.jpg,lower-body clothes,144,153,200,47,404,260
6232,img/img_00038739.jpg,full-body clothes,422,291,291,0,422,0
6233,img/img_00038742.jpg,full-body clothes,233,124,234,110,483,250
6234,img/img_00038748.jpg,full-body clothes,433,319,347,28,493,60
6235,img/img_00038753.jpg,full-body clothes,121,394,445,51,144,23
6236,img/img_00038764.jpg,full-body clothes,428,289,299,10,457,29
6237,img/img_00038767.jpg,full-body clothes,244,217,217,0,244,0
6238,img/img_00038774.jpg,full-body clothes,201,112,188,76,337,136
6239,img/img_00038775.jpg,full-body clothes,356,323,323,0,356,0
6240,img/img_00038786.jpg,full-body clothes,315,222,301,79,463,148
6241,img/img_00038795.jpg,full-body clothes,466,318,318,0,466,0
6242,img/img_00038806.jpg,upper-body clothes,372,225,283,58,443,71
6243,img/img_00038813.jpg,lower-body clothes,317,105,248,143,376,59
6244,img/img_00038818.jpg,full-body clothes,464,331,331,0,464,0
6245,img/img_00038821.jpg,lower-body clothes,276,302,319,17,379,103
6246,img/img_00038822.jpg,lower-body clothes,354,225,292,67,401,47
6247,img/img_00038829.jpg,lower-body clothes,74,85,250,165,323,249
6248,img/img_00038830.jpg,lower-body clothes,175,273,273,0,175,0
6249,img/img_00038835.jpg,lower-body clothes,72,70,231,161,351,279
6250,img/img_00038851.jpg,full-body clothes,163,44,163,119,260,97
6251,img/img_00038861.jpg,upper-body clothes,160,127,267,140,261,101
6252,img/img_00038864.jpg,upper-body clothes,222,149,240,91,381,159
6253,img/img_00038874.jpg,full-body clothes,363,285,285,0,363,0
6254,img/img_00038886.jpg,full-body clothes,203,257,257,0,203,0
6255,img/img_00038887.jpg,full-body clothes,253,169,175,6,352,99
6256,img/img_00038891.jpg,full-body clothes,255,150,160,10,380,125
6257,img/img_00038895.jpg,full-body clothes,342,218,218,0,342,0
6258,img/img_00038908.jpg,full-body clothes,292,118,245,127,374,82
6259,img/img_00038914.jpg,full-body clothes,271,151,303,152,303,32
6260,img/img_00038916.jpg,full-body clothes,362,144,225,81,462,100
6261,img/img_00038920.jpg,full-body clothes,248,122,236,114,336,88
6262,img/img_00038927.jpg,full-body clothes,193,108,236,128,360,167
6263,img/img_00038928.jpg,full-body clothes,339,366,366,0,339,0
6264,img/img_00038930.jpg,full-body clothes,246,363,363,0,246,0
6265,img/img_00038931.jpg,full-body clothes,390,266,308,42,477,87
6266,img/img_00038935.jpg,upper-body clothes,351,232,273,41,368,17
6267,img/img_00038938.jpg,full-body clothes,117,75,169,94,196,79
6268,img/img_00038939.jpg,full-body clothes,147,65,208,143,230,83
6269,img/img_00038944.jpg,upper-body clothes,349,305,356,51,474,125
6270,img/img_00038949.jpg,upper-body clothes,453,259,259,0,453,0
6271,img/img_00038953.jpg,upper-body clothes,267,432,432,0,267,0
6272,img/img_00038955.jpg,upper-body clothes,491,331,331,0,491,0
6273,img/img_00038964.jpg,upper-body clothes,400,281,333,52,456,56
6274,img/img_00038965.jpg,lower-body clothes,304,226,279,53,428,124
6275,img/img_00038966.jpg,lower-body clothes,218,218,294,76,457,239
6276,img/img_00038970.jpg,full-body clothes,404,323,323,0,404,0
6277,img/img_00038972.jpg,full-body clothes,206,143,189,46,313,107
6278,img/img_00038980.jpg,full-body clothes,139,87,177,90,236,97
6279,img/img_00038986.jpg,upper-body clothes,351,228,285,57,470,119
6280,img/img_00038990.jpg,upper-body clothes,358,348,348,0,358,0
6281,img/img_00038996.jpg,upper-body clothes,158,371,371,0,158,0
6282,img/img_00039001.jpg,lower-body clothes,357,286,286,0,357,0
6283,img/img_00039005.jpg,lower-body clothes,404,272,320,48,482,78
6284,img/img_00039006.jpg,lower-body clothes,374,192,261,69,452,78
6285,img/img_00039007.jpg,lower-body clothes,382,195,276,81,411,29
6286,img/img_00039008.jpg,lower-body clothes,488,295,336,41,491,3
6287,img/img_00039019.jpg,full-body clothes,343,292,303,11,468,125
6288,img/img_00039021.jpg,full-body clothes,373,261,300,39,398,25
6289,img/img_00039023.jpg,full-body clothes,458,272,272,0,458,0
6290,img/img_00039024.jpg,full-body clothes,136,43,175,132,276,140
6291,img/img_00039026.jpg,full-body clothes,449,310,343,33,474,25
6292,img/img_00039032.jpg,full-body clothes,137,71,244,173,363,226
6293,img/img_00039039.jpg,lower-body clothes,241,327,493,166,269,28
6294,img/img_00039041.jpg,lower-body clothes,265,309,309,0,265,0
6295,img/img_00039046.jpg,upper-body clothes,274,200,280,80,420,146
6296,img/img_00039061.jpg,lower-body clothes,110,81,200,119,359,249
6297,img/img_00039083.jpg,full-body clothes,338,139,256,117,359,21
6298,img/img_00039088.jpg,full-body clothes,498,299,299,0,498,0
6299,img/img_00039089.jpg,full-body clothes,482,290,290,0,482,0
6300,img/img_00039091.jpg,full-body clothes,200,80,233,153,210,10
6301,img/img_00039093.jpg,full-body clothes,354,142,249,107,370,16
6302,img/img_00039096.jpg,full-body clothes,379,228,228,0,379,0
6303,img/img_00039102.jpg,full-body clothes,357,138,237,99,381,24
6304,img/img_00039106.jpg,full-body clothes,454,248,248,0,454,0
6305,img/img_00039118.jpg,lower-body clothes,283,451,458,7,292,9
6306,img/img_00039131.jpg,upper-body clothes,236,282,305,23,247,11
6307,img/img_00039134.jpg,full-body clothes,102,60,273,213,384,282
6308,img/img_00039138.jpg,full-body clothes,327,156,251,95,469,142
6309,img/img_00039143.jpg,full-body clothes,267,59,326,267,501,234
6310,img/img_00039150.jpg,lower-body clothes,203,128,251,123,301,98
6311,img/img_00039154.jpg,lower-body clothes,472,272,272,0,472,0
6312,img/img_00039158.jpg,lower-body clothes,388,366,376,10,434,46
6313,img/img_00039161.jpg,lower-body clothes,115,74,228,154,244,129
6314,img/img_00039165.jpg,lower-body clothes,112,65,176,111,285,173
6315,img/img_00039168.jpg,lower-body clothes,95,79,227,148,361,266
6316,img/img_00039174.jpg,full-body clothes,500,377,377,0,500,0
6317,img/img_00039181.jpg,full-body clothes,491,264,264,0,491,0
6318,img/img_00039186.jpg,full-body clothes,469,207,285,78,481,12
6319,img/img_00039188.jpg,upper-body clothes,206,258,361,103,300,94
6320,img/img_00039190.jpg,upper-body clothes,480,374,374,0,480,0
6321,img/img_00039195.jpg,upper-body clothes,338,259,316,57,356,18
6322,img/img_00039206.jpg,upper-body clothes,117,157,235,78,210,93
6323,img/img_00039210.jpg,upper-body clothes,212,141,221,80,228,16
6324,img/img_00039220.jpg,full-body clothes,236,115,251,136,369,133
6325,img/img_00039221.jpg,full-body clothes,433,277,277,0,433,0
6326,img/img_00039227.jpg,upper-body clothes,65,52,180,128,217,152
6327,img/img_00039237.jpg,full-body clothes,473,363,363,0,473,0
6328,img/img_00039241.jpg,full-body clothes,324,201,296,95,329,5
6329,img/img_00039248.jpg,upper-body clothes,105,88,193,105,188,83
6330,img/img_00039254.jpg,upper-body clothes,146,145,245,100,276,130
6331,img/img_00039280.jpg,full-body clothes,269,344,356,12,389,120
6332,img/img_00039282.jpg,full-body clothes,221,207,207,0,221,0
6333,img/img_00039284.jpg,full-body clothes,332,295,295,0,332,0
6334,img/img_00039286.jpg,full-body clothes,176,95,247,152,306,130
6335,img/img_00039298.jpg,full-body clothes,369,361,361,0,369,0
6336,img/img_00039312.jpg,lower-body clothes,203,28,168,140,467,264
6337,img/img_00039316.jpg,lower-body clothes,378,254,316,62,381,3
6338,img/img_00039334.jpg,lower-body clothes,53,50,170,120,296,243
6339,img/img_00039336.jpg,lower-body clothes,156,137,226,89,250,94
6340,img/img_00039339.jpg,lower-body clothes,242,244,303,59,415,173
6341,img/img_00039341.jpg,lower-body clothes,46,363,363,0,46,0
6342,img/img_00039343.jpg,lower-body clothes,436,470,470,0,436,0
6343,img/img_00039354.jpg,lower-body clothes,58,301,301,0,58,0
6344,img/img_00039357.jpg,lower-body clothes,254,97,211,114,301,47
6345,img/img_00039367.jpg,full-body clothes,488,311,311,0,488,0
6346,img/img_00039369.jpg,full-body clothes,276,152,226,74,410,134
6347,img/img_00039373.jpg,full-body clothes,285,163,185,22,476,191
6348,img/img_00039375.jpg,full-body clothes,362,149,223,74,485,123
6349,img/img_00039379.jpg,full-body clothes,331,238,271,33,495,164
6350,img/img_00039387.jpg,lower-body clothes,394,210,293,83,455,61
6351,img/img_00039389.jpg,lower-body clothes,465,294,294,0,465,0
6352,img/img_00039406.jpg,full-body clothes,334,251,295,44,484,150
6353,img/img_00039407.jpg,full-body clothes,431,363,363,0,431,0
6354,img/img_00039422.jpg,upper-body clothes,364,296,307,11,387,23
6355,img/img_00039423.jpg,full-body clothes,310,249,289,40,341,31
6356,img/img_00039424.jpg,full-body clothes,194,295,295,0,194,0
6357,img/img_00039428.jpg,lower-body clothes,205,149,277,128,267,62
6358,img/img_00039434.jpg,full-body clothes,405,233,322,89,436,31
6359,img/img_00039437.jpg,lower-body clothes,234,123,234,111,306,72
6360,img/img_00039453.jpg,lower-body clothes,357,113,231,118,453,96
6361,img/img_00039459.jpg,lower-body clothes,426,89,230,141,446,20
6362,img/img_00039466.jpg,full-body clothes,415,255,321,66,454,39
6363,img/img_00039477.jpg,upper-body clothes,416,243,243,0,416,0
6364,img/img_00039479.jpg,upper-body clothes,252,415,415,0,252,0
6365,img/img_00039480.jpg,upper-body clothes,457,336,336,0,457,0
6366,img/img_00039481.jpg,upper-body clothes,144,103,289,186,243,99
6367,img/img_00039485.jpg,upper-body clothes,315,212,212,0,315,0
6368,img/img_00039487.jpg,upper-body clothes,263,255,308,53,456,193
6369,img/img_00039494.jpg,full-body clothes,343,213,280,67,487,144
6370,img/img_00039502.jpg,upper-body clothes,444,289,309,20,496,52
6371,img/img_00039504.jpg,upper-body clothes,187,256,256,0,187,0
6372,img/img_00039510.jpg,upper-body clothes,363,297,297,0,363,0
6373,img/img_00039516.jpg,upper-body clothes,339,247,290,43,370,31
6374,img/img_00039519.jpg,upper-body clothes,487,268,268,0,487,0
6375,img/img_00039521.jpg,upper-body clothes,443,366,366,0,443,0
6376,img/img_00039524.jpg,upper-body clothes,163,116,221,105,310,147
6377,img/img_00039538.jpg,lower-body clothes,63,250,250,0,63,0
6378,img/img_00039544.jpg,lower-body clothes,302,128,163,35,427,125
6379,img/img_00039552.jpg,lower-body clothes,35,279,279,0,35,0
6380,img/img_00039559.jpg,upper-body clothes,412,205,299,94,416,4
6381,img/img_00039581.jpg,lower-body clothes,333,324,398,74,343,10
6382,img/img_00039582.jpg,lower-body clothes,228,232,246,14,365,137
6383,img/img_00039583.jpg,lower-body clothes,192,140,285,145,226,34
6384,img/img_00039590.jpg,lower-body clothes,104,47,139,92,156,52
6385,img/img_00039597.jpg,lower-body clothes,304,237,297,60,421,117
6386,img/img_00039601.jpg,lower-body clothes,250,259,272,13,357,107
6387,img/img_00039606.jpg,lower-body clothes,334,168,266,98,371,37
6388,img/img_00039607.jpg,lower-body clothes,325,155,255,100,420,95
6389,img/img_00039617.jpg,lower-body clothes,83,76,217,141,401,318
6390,img/img_00039629.jpg,lower-body clothes,360,117,236,119,393,33
6391,img/img_00039630.jpg,lower-body clothes,227,135,295,160,508,281
6392,img/img_00039637.jpg,lower-body clothes,414,320,362,42,482,68
6393,img/img_00039649.jpg,lower-body clothes,492,252,304,52,506,14
6394,img/img_00039651.jpg,lower-body clothes,317,169,275,106,373,56
6395,img/img_00039652.jpg,lower-body clothes,286,121,245,124,344,58
6396,img/img_00039654.jpg,lower-body clothes,40,435,435,0,40,0
6397,img/img_00039660.jpg,upper-body clothes,335,299,299,0,335,0
6398,img/img_00039664.jpg,lower-body clothes,194,84,184,100,373,179
6399,img/img_00039671.jpg,lower-body clothes,54,343,343,0,54,0
6400,img/img_00039674.jpg,lower-body clothes,385,98,206,108,413,28
6401,img/img_00039689.jpg,upper-body clothes,190,165,277,112,273,83
6402,img/img_00039691.jpg,upper-body clothes,491,368,368,0,491,0
6403,img/img_00039700.jpg,upper-body clothes,389,360,368,8,480,91
6404,img/img_00039708.jpg,lower-body clothes,417,136,241,105,445,28
6405,img/img_00039713.jpg,lower-body clothes,349,169,272,103,352,3
6406,img/img_00039714.jpg,upper-body clothes,310,217,283,66,328,18
6407,img/img_00039717.jpg,upper-body clothes,225,153,250,97,271,46
6408,img/img_00039726.jpg,full-body clothes,460,376,376,0,460,0
6409,img/img_00039731.jpg,full-body clothes,191,58,181,123,390,199
6410,img/img_00039744.jpg,full-body clothes,470,258,258,0,470,0
6411,img/img_00039751.jpg,upper-body clothes,219,172,295,123,369,150
6412,img/img_00039754.jpg,lower-body clothes,210,18,132,114,264,54
6413,img/img_00039755.jpg,lower-body clothes,184,116,208,92,338,154
6414,img/img_00039759.jpg,lower-body clothes,458,333,333,0,458,0
6415,img/img_00039765.jpg,upper-body clothes,7,254,254,0,7,0
6416,img/img_00039767.jpg,lower-body clothes,352,113,305,192,382,30
6417,img/img_00039769.jpg,lower-body clothes,393,98,202,104,451,58
6418,img/img_00039771.jpg,lower-body clothes,389,133,255,122,416,27
6419,img/img_00039774.jpg,lower-body clothes,353,104,206,102,419,66
6420,img/img_00039777.jpg,lower-body clothes,83,190,190,0,83,0
6421,img/img_00039783.jpg,upper-body clothes,131,150,308,158,219,88
6422,img/img_00039794.jpg,upper-body clothes,355,305,305,0,355,0
6423,img/img_00039796.jpg,upper-body clothes,474,197,197,0,474,0
6424,img/img_00039801.jpg,full-body clothes,406,310,332,22,432,26
6425,img/img_00039802.jpg,lower-body clothes,214,167,232,65,411,197
6426,img/img_00039811.jpg,full-body clothes,485,298,298,0,485,0
6427,img/img_00039826.jpg,upper-body clothes,428,262,262,0,428,0
6428,img/img_00039837.jpg,upper-body clothes,457,321,321,0,457,0
6429,img/img_00039842.jpg,upper-body clothes,70,337,337,0,70,0
6430,img/img_00039844.jpg,upper-body clothes,417,273,287,14,467,50
6431,img/img_00039848.jpg,full-body clothes,317,195,303,108,465,148
6432,img/img_00039850.jpg,full-body clothes,441,373,373,0,441,0
6433,img/img_00039859.jpg,upper-body clothes,368,325,345,20,429,61
6434,img/img_00039879.jpg,upper-body clothes,165,122,365,243,174,9
6435,img/img_00039881.jpg,full-body clothes,346,195,275,80,464,118
6436,img/img_00039894.jpg,lower-body clothes,134,125,141,16,413,279
6437,img/img_00039897.jpg,lower-body clothes,155,108,208,100,394,239
6438,img/img_00039898.jpg,lower-body clothes,173,125,241,116,460,287
6439,img/img_00039900.jpg,lower-body clothes,326,355,355,0,326,0
6440,img/img_00039901.jpg,lower-body clothes,76,328,328,0,76,0
6441,img/img_00039902.jpg,lower-body clothes,439,349,349,0,439,0
6442,img/img_00039903.jpg,lower-body clothes,410,334,334,0,410,0
6443,img/img_00039904.jpg,lower-body clothes,113,108,255,147,237,124
6444,img/img_00039906.jpg,lower-body clothes,312,337,345,8,406,94
6445,img/img_00039922.jpg,lower-body clothes,344,114,222,108,418,74
6446,img/img_00039925.jpg,upper-body clothes,373,260,304,44,382,9
6447,img/img_00039937.jpg,upper-body clothes,495,321,321,0,495,0
6448,img/img_00039940.jpg,upper-body clothes,307,307,307,0,307,0
6449,img/img_00039943.jpg,upper-body clothes,165,105,295,190,294,129
6450,img/img_00039947.jpg,lower-body clothes,390,122,244,122,435,45
6451,img/img_00039948.jpg,lower-body clothes,345,65,171,106,428,83
6452,img/img_00039956.jpg,full-body clothes,272,144,249,105,383,111
6453,img/img_00039959.jpg,full-body clothes,415,214,298,84,475,60
6454,img/img_00039960.jpg,full-body clothes,432,311,341,30,445,13
6455,img/img_00039974.jpg,full-body clothes,205,95,210,115,436,231
6456,img/img_00039983.jpg,upper-body clothes,421,342,353,11,485,64
6457,img/img_00039985.jpg,upper-body clothes,375,356,375,19,380,5
6458,img/img_00040001.jpg,upper-body clothes,463,270,270,0,463,0
6459,img/img_00040014.jpg,upper-body clothes,372,363,376,13,409,37
6460,img/img_00040019.jpg,full-body clothes,431,363,363,0,431,0
6461,img/img_00040028.jpg,upper-body clothes,164,156,224,68,168,4
6462,img/img_00040031.jpg,upper-body clothes,372,280,310,30,477,105
6463,img/img_00040037.jpg,lower-body clothes,163,145,263,118,220,57
6464,img/img_00040039.jpg,lower-body clothes,324,52,241,189,344,20
6465,img/img_00040041.jpg,lower-body clothes,294,379,406,27,333,39
6466,img/img_00040047.jpg,lower-body clothes,150,143,221,78,299,149
6467,img/img_00040052.jpg,lower-body clothes,72,309,309,0,72,0
6468,img/img_00040056.jpg,upper-body clothes,368,222,268,46,430,62
6469,img/img_00040064.jpg,upper-body clothes,165,232,232,0,165,0
6470,img/img_00040091.jpg,upper-body clothes,375,261,303,42,429,54
6471,img/img_00040092.jpg,upper-body clothes,233,166,280,114,278,45
6472,img/img_00040095.jpg,upper-body clothes,281,166,312,146,290,9
6473,img/img_00040100.jpg,upper-body clothes,234,421,421,0,234,0
6474,img/img_00040104.jpg,upper-body clothes,278,146,327,181,284,6
6475,img/img_00040105.jpg,upper-body clothes,102,235,235,0,102,0
6476,img/img_00040107.jpg,upper-body clothes,269,243,298,55,430,161
6477,img/img_00040110.jpg,upper-body clothes,370,240,293,53,389,19
6478,img/img_00040111.jpg,upper-body clothes,454,359,359,0,454,0
6479,img/img_00040113.jpg,upper-body clothes,294,221,276,55,427,133
6480,img/img_00040124.jpg,lower-body clothes,424,175,175,0,424,0
6481,img/img_00040131.jpg,upper-body clothes,319,244,325,81,342,23
6482,img/img_00040135.jpg,lower-body clothes,259,257,284,27,346,87
6483,img/img_00040136.jpg,lower-body clothes,214,269,325,56,368,154
6484,img/img_00040137.jpg,lower-body clothes,102,82,210,128,112,10
6485,img/img_00040144.jpg,full-body clothes,244,107,233,126,291,47
6486,img/img_00040146.jpg,full-body clothes,300,263,300,37,489,189
6487,img/img_00040148.jpg,full-body clothes,224,232,232,0,224,0
6488,img/img_00040149.jpg,full-body clothes,98,56,225,169,246,148
6489,img/img_00040158.jpg,full-body clothes,187,374,374,0,187,0
6490,img/img_00040169.jpg,lower-body clothes,500,235,235,0,500,0
6491,img/img_00040173.jpg,lower-body clothes,145,119,233,114,179,34
6492,img/img_00040182.jpg,lower-body clothes,435,374,374,0,435,0
6493,img/img_00040184.jpg,lower-body clothes,49,46,209,163,273,224
6494,img/img_00040189.jpg,lower-body clothes,117,123,280,157,263,146
6495,img/img_00040193.jpg,lower-body clothes,260,332,332,0,260,0
6496,img/img_00040201.jpg,full-body clothes,307,128,252,124,459,152
6497,img/img_00040209.jpg,upper-body clothes,181,215,215,0,181,0
6498,img/img_00040211.jpg,upper-body clothes,461,325,325,0,461,0
6499,img/img_00040221.jpg,upper-body clothes,300,280,300,20,449,149
6500,img/img_00040224.jpg,upper-body clothes,472,378,378,0,472,0
6501,img/img_00040234.jpg,full-body clothes,171,134,302,168,373,202
6502,img/img_00040235.jpg,full-body clothes,453,351,375,24,472,19
6503,img/img_00040237.jpg,full-body clothes,481,287,297,10,495,14
6504,img/img_00040238.jpg,full-body clothes,342,256,321,65,492,150
6505,img/img_00040245.jpg,full-body clothes,459,321,358,37,484,25
6506,img/img_00040255.jpg,full-body clothes,429,327,334,7,440,11
6507,img/img_00040267.jpg,full-body clothes,421,282,282,0,421,0
6508,img/img_00040275.jpg,lower-body clothes,186,149,323,174,374,188
6509,img/img_00040280.jpg,lower-body clothes,120,85,226,141,340,220
6510,img/img_00040290.jpg,full-body clothes,468,317,317,0,468,0
6511,img/img_00040295.jpg,full-body clothes,471,325,325,0,471,0
6512,img/img_00040299.jpg,upper-body clothes,278,181,252,71,428,150
6513,img/img_00040300.jpg,upper-body clothes,207,127,243,116,236,29
6514,img/img_00040314.jpg,upper-body clothes,506,322,322,0,506,0
6515,img/img_00040315.jpg,upper-body clothes,438,379,379,0,438,0
6516,img/img_00040316.jpg,upper-body clothes,137,116,252,136,299,162
6517,img/img_00040322.jpg,lower-body clothes,199,149,276,127,267,68
6518,img/img_00040324.jpg,full-body clothes,328,185,273,88,455,127
6519,img/img_00040327.jpg,full-body clothes,222,101,203,102,311,89
6520,img/img_00040330.jpg,full-body clothes,302,134,240,106,394,92
6521,img/img_00040331.jpg,full-body clothes,323,106,240,134,438,115
6522,img/img_00040333.jpg,full-body clothes,190,125,125,0,190,0
6523,img/img_00040336.jpg,full-body clothes,381,134,174,40,390,9
6524,img/img_00040337.jpg,full-body clothes,423,291,291,0,423,0
6525,img/img_00040357.jpg,upper-body clothes,495,325,325,0,495,0
6526,img/img_00040368.jpg,lower-body clothes,500,41,41,0,500,0
6527,img/img_00040377.jpg,full-body clothes,330,212,288,76,454,124
6528,img/img_00040381.jpg,full-body clothes,441,378,378,0,441,0
6529,img/img_00040387.jpg,upper-body clothes,227,376,376,0,227,0
6530,img/img_00040411.jpg,upper-body clothes,13,280,280,0,13,0
6531,img/img_00040424.jpg,full-body clothes,414,271,271,0,414,0
6532,img/img_00040427.jpg,full-body clothes,232,153,278,125,261,29
6533,img/img_00040429.jpg,full-body clothes,244,111,268,157,276,32
6534,img/img_00040430.jpg,full-body clothes,231,91,201,110,248,17
6535,img/img_00040433.jpg,full-body clothes,359,181,258,77,484,125
6536,img/img_00040434.jpg,full-body clothes,390,353,380,27,395,5
6537,img/img_00040435.jpg,full-body clothes,250,122,244,122,390,140
6538,img/img_00040444.jpg,full-body clothes,445,304,304,0,445,0
6539,img/img_00040449.jpg,full-body clothes,393,362,362,0,393,0
6540,img/img_00040462.jpg,full-body clothes,201,57,141,84,324,123
6541,img/img_00040467.jpg,upper-body clothes,334,304,325,21,342,8
6542,img/img_00040477.jpg,lower-body clothes,179,145,304,159,409,230
6543,img/img_00040487.jpg,full-body clothes,317,99,215,116,321,4
6544,img/img_00040488.jpg,full-body clothes,294,150,267,117,317,23
6545,img/img_00040496.jpg,full-body clothes,276,186,288,102,423,147
6546,img/img_00040501.jpg,full-body clothes,332,371,371,0,332,0
6547,img/img_00040515.jpg,lower-body clothes,344,147,278,131,422,78
6548,img/img_00040516.jpg,lower-body clothes,425,213,308,95,471,46
6549,img/img_00040519.jpg,full-body clothes,341,243,243,0,341,0
6550,img/img_00040521.jpg,full-body clothes,423,357,357,0,423,0
6551,img/img_00040522.jpg,full-body clothes,509,291,291,0,509,0
6552,img/img_00040532.jpg,upper-body clothes,136,182,244,62,144,8
6553,img/img_00040545.jpg,upper-body clothes,202,436,436,0,202,0
6554,img/img_00040553.jpg,full-body clothes,124,69,172,103,302,178
6555,img/img_00040555.jpg,full-body clothes,293,189,293,104,473,180
6556,img/img_00040556.jpg,full-body clothes,346,163,322,159,487,141
6557,img/img_00040560.jpg,full-body clothes,289,160,230,70,487,198
6558,img/img_00040563.jpg,full-body clothes,391,364,364,0,391,0
6559,img/img_00040565.jpg,full-body clothes,499,354,354,0,499,0
6560,img/img_00040575.jpg,full-body clothes,285,360,360,0,285,0
6561,img/img_00040585.jpg,lower-body clothes,106,121,254,133,267,161
6562,img/img_00040588.jpg,lower-body clothes,281,452,462,10,288,7
6563,img/img_00040594.jpg,full-body clothes,345,111,229,118,449,104
6564,img/img_00040601.jpg,full-body clothes,138,171,297,126,303,165
6565,img/img_00040603.jpg,upper-body clothes,155,212,284,72,355,200
6566,img/img_00040616.jpg,upper-body clothes,272,199,262,63,421,149
6567,img/img_00040625.jpg,upper-body clothes,362,289,319,30,443,81
6568,img/img_00040638.jpg,lower-body clothes,368,108,228,120,404,36
6569,img/img_00040645.jpg,upper-body clothes,380,313,322,9,459,79
6570,img/img_00040646.jpg,upper-body clothes,114,116,200,84,291,177
6571,img/img_00040653.jpg,upper-body clothes,472,221,226,5,504,32
6572,img/img_00040654.jpg,upper-body clothes,249,219,273,54,266,17
6573,img/img_00040657.jpg,upper-body clothes,418,377,377,0,418,0
6574,img/img_00040660.jpg,upper-body clothes,8,249,249,0,8,0
6575,img/img_00040670.jpg,full-body clothes,456,334,334,0,456,0
6576,img/img_00040680.jpg,full-body clothes,420,263,269,6,461,41
6577,img/img_00040684.jpg,full-body clothes,133,45,224,179,321,188
6578,img/img_00040685.jpg,full-body clothes,479,257,354,97,488,9
6579,img/img_00040696.jpg,full-body clothes,477,326,326,0,477,0
6580,img/img_00040699.jpg,full-body clothes,264,347,347,0,264,0
6581,img/img_00040713.jpg,lower-body clothes,387,382,382,0,387,0
6582,img/img_00040721.jpg,lower-body clothes,161,162,263,101,289,128
6583,img/img_00040723.jpg,lower-body clothes,186,244,318,74,495,309
6584,img/img_00040726.jpg,lower-body clothes,261,417,417,0,261,0
6585,img/img_00040727.jpg,lower-body clothes,158,182,262,80,312,154
6586,img/img_00040734.jpg,upper-body clothes,378,284,284,0,378,0
6587,img/img_00040737.jpg,upper-body clothes,216,361,361,0,216,0
6588,img/img_00040739.jpg,upper-body clothes,276,254,297,43,417,141
6589,img/img_00040743.jpg,lower-body clothes,253,112,248,136,336,83
6590,img/img_00040751.jpg,lower-body clothes,413,46,250,204,414,1
6591,img/img_00040762.jpg,full-body clothes,328,267,302,35,388,60
6592,img/img_00040768.jpg,upper-body clothes,296,258,296,38,317,21
6593,img/img_00040770.jpg,upper-body clothes,225,193,299,106,303,78
6594,img/img_00040783.jpg,upper-body clothes,181,153,267,114,319,138
6595,img/img_00040785.jpg,upper-body clothes,212,264,266,2,358,146
6596,img/img_00040788.jpg,upper-body clothes,224,162,318,156,282,58
6597,img/img_00040789.jpg,upper-body clothes,504,315,315,0,504,0
6598,img/img_00040791.jpg,upper-body clothes,365,268,292,24,443,78
6599,img/img_00040795.jpg,upper-body clothes,353,345,351,6,443,90
6600,img/img_00040799.jpg,lower-body clothes,415,138,244,106,421,6
6601,img/img_00040801.jpg,upper-body clothes,387,325,337,12,400,13
6602,img/img_00040802.jpg,upper-body clothes,349,295,333,38,365,16
6603,img/img_00040808.jpg,upper-body clothes,457,251,251,0,457,0
6604,img/img_00040818.jpg,upper-body clothes,290,372,372,0,290,0
6605,img/img_00040821.jpg,upper-body clothes,78,64,195,131,284,206
6606,img/img_00040832.jpg,full-body clothes,277,131,213,82,371,94
6607,img/img_00040833.jpg,full-body clothes,438,209,309,100,446,8
6608,img/img_00040834.jpg,full-body clothes,170,93,242,149,414,244
6609,img/img_00040868.jpg,full-body clothes,152,70,262,192,217,65
6610,img/img_00040871.jpg,full-body clothes,107,55,223,168,213,106
6611,img/img_00040874.jpg,full-body clothes,223,253,253,0,223,0
6612,img/img_00040875.jpg,full-body clothes,179,250,250,0,179,0
6613,img/img_00040878.jpg,full-body clothes,478,266,266,0,478,0
6614,img/img_00040886.jpg,upper-body clothes,446,164,164,0,446,0
6615,img/img_00040889.jpg,upper-body clothes,291,373,381,8,406,115
6616,img/img_00040898.jpg,upper-body clothes,307,262,285,23,322,15
6617,img/img_00040903.jpg,lower-body clothes,178,129,235,106,256,78
6618,img/img_00040905.jpg,lower-body clothes,286,202,248,46,354,68
6619,img/img_00040913.jpg,upper-body clothes,255,223,295,72,416,161
6620,img/img_00040927.jpg,full-body clothes,300,210,264,54,308,8
6621,img/img_00040933.jpg,full-body clothes,137,82,230,148,319,182
6622,img/img_00040938.jpg,full-body clothes,462,352,352,0,462,0
6623,img/img_00040946.jpg,lower-body clothes,216,223,238,15,249,33
6624,img/img_00040948.jpg,upper-body clothes,468,377,377,0,468,0
6625,img/img_00040951.jpg,upper-body clothes,309,376,376,0,309,0
6626,img/img_00040955.jpg,lower-body clothes,187,166,247,81,240,53
6627,img/img_00040967.jpg,lower-body clothes,416,333,333,0,416,0
6628,img/img_00040968.jpg,lower-body clothes,308,337,341,4,368,60
6629,img/img_00040969.jpg,lower-body clothes,370,342,342,0,370,0
6630,img/img_00040975.jpg,lower-body clothes,92,124,251,127,308,216
6631,img/img_00040977.jpg,lower-body clothes,155,194,294,100,401,246
6632,img/img_00040983.jpg,lower-body clothes,95,81,175,94,258,163
6633,img/img_00040990.jpg,full-body clothes,177,101,225,124,310,133
6634,img/img_00041000.jpg,full-body clothes,171,72,183,111,378,207
6635,img/img_00041002.jpg,lower-body clothes,440,279,279,0,440,0
6636,img/img_00041004.jpg,lower-body clothes,494,381,381,0,494,0
6637,img/img_00041009.jpg,lower-body clothes,218,152,276,124,307,89
6638,img/img_00041011.jpg,full-body clothes,212,45,192,147,377,165
6639,img/img_00041019.jpg,full-body clothes,141,105,201,96,306,165
6640,img/img_00041020.jpg,full-body clothes,108,65,266,201,302,194
6641,img/img_00041027.jpg,full-body clothes,178,81,232,151,272,94
6642,img/img_00041035.jpg,lower-body clothes,457,339,339,0,457,0
6643,img/img_00041044.jpg,full-body clothes,363,217,274,57,498,135
6644,img/img_00041052.jpg,lower-body clothes,376,124,277,153,438,62
6645,img/img_00041053.jpg,upper-body clothes,326,229,299,70,469,143
6646,img/img_00041055.jpg,lower-body clothes,254,258,434,176,255,1
6647,img/img_00041056.jpg,lower-body clothes,250,343,462,119,254,4
6648,img/img_00041062.jpg,full-body clothes,228,122,265,143,317,89
6649,img/img_00041063.jpg,full-body clothes,221,123,267,144,297,76
6650,img/img_00041070.jpg,full-body clothes,330,161,267,106,471,141
6651,img/img_00041080.jpg,lower-body clothes,222,151,252,101,337,115
6652,img/img_00041082.jpg,lower-body clothes,17,339,339,0,17,0
6653,img/img_00041095.jpg,lower-body clothes,309,299,330,31,356,47
6654,img/img_00041122.jpg,upper-body clothes,399,378,378,0,399,0
6655,img/img_00041129.jpg,full-body clothes,412,285,308,23,431,19
6656,img/img_00041135.jpg,full-body clothes,247,121,214,93,395,148
6657,img/img_00041137.jpg,full-body clothes,480,312,312,0,480,0
6658,img/img_00041152.jpg,upper-body clothes,147,130,254,124,328,181
6659,img/img_00041153.jpg,full-body clothes,354,232,274,42,481,127
6660,img/img_00041167.jpg,upper-body clothes,232,143,235,92,234,2
6661,img/img_00041170.jpg,upper-body clothes,280,315,348,33,396,116
6662,img/img_00041174.jpg,lower-body clothes,406,272,286,14,422,16
6663,img/img_00041187.jpg,full-body clothes,432,234,292,58,489,57
6664,img/img_00041194.jpg,full-body clothes,301,153,249,96,386,85
6665,img/img_00041211.jpg,full-body clothes,346,183,263,80,403,57
6666,img/img_00041216.jpg,full-body clothes,357,252,269,17,466,109
6667,img/img_00041220.jpg,lower-body clothes,285,252,286,34,318,33
6668,img/img_00041221.jpg,full-body clothes,433,168,276,108,484,51
6669,img/img_00041230.jpg,full-body clothes,293,129,208,79,321,28
6670,img/img_00041232.jpg,full-body clothes,277,159,269,110,409,132
6671,img/img_00041238.jpg,upper-body clothes,339,212,268,56,476,137
6672,img/img_00041242.jpg,upper-body clothes,335,242,291,49,489,154
6673,img/img_00041243.jpg,upper-body clothes,126,380,380,0,126,0
6674,img/img_00041270.jpg,full-body clothes,506,366,366,0,506,0
6675,img/img_00041272.jpg,full-body clothes,250,275,275,0,250,0
6676,img/img_00041281.jpg,full-body clothes,381,200,281,81,395,14
6677,img/img_00041287.jpg,full-body clothes,178,93,218,125,195,17
6678,img/img_00041290.jpg,upper-body clothes,258,26,200,174,268,10
6679,img/img_00041303.jpg,upper-body clothes,253,207,325,118,286,33
6680,img/img_00041309.jpg,upper-body clothes,501,224,224,0,501,0
6681,img/img_00041314.jpg,upper-body clothes,291,199,244,45,444,153
6682,img/img_00041322.jpg,upper-body clothes,368,294,309,15,503,135
6683,img/img_00041324.jpg,lower-body clothes,76,284,284,0,76,0
6684,img/img_00041334.jpg,full-body clothes,147,93,227,134,308,161
6685,img/img_00041339.jpg,full-body clothes,190,66,295,229,294,104
6686,img/img_00041353.jpg,full-body clothes,503,243,243,0,503,0
6687,img/img_00041363.jpg,lower-body clothes,364,343,370,27,472,108
6688,img/img_00041374.jpg,full-body clothes,356,304,304,0,356,0
6689,img/img_00041380.jpg,full-body clothes,385,273,360,87,395,10
6690,img/img_00041391.jpg,full-body clothes,239,100,198,98,267,28
6691,img/img_00041392.jpg,full-body clothes,491,318,318,0,491,0
6692,img/img_00041393.jpg,full-body clothes,210,351,351,0,210,0
6693,img/img_00041397.jpg,full-body clothes,208,251,251,0,208,0
6694,img/img_00041398.jpg,full-body clothes,180,76,200,124,301,121
6695,img/img_00041400.jpg,lower-body clothes,173,128,217,89,259,86
6696,img/img_00041406.jpg,full-body clothes,212,307,307,0,212,0
6697,img/img_00041411.jpg,upper-body clothes,13,296,296,0,13,0
6698,img/img_00041412.jpg,lower-body clothes,358,142,142,0,358,0
6699,img/img_00041416.jpg,full-body clothes,442,303,303,0,442,0
6700,img/img_00041431.jpg,lower-body clothes,304,463,463,0,304,0
6701,img/img_00041435.jpg,upper-body clothes,336,275,376,101,346,10
6702,img/img_00041447.jpg,full-body clothes,328,474,474,0,328,0
6703,img/img_00041460.jpg,upper-body clothes,206,154,176,22,427,221
6704,img/img_00041465.jpg,upper-body clothes,419,374,382,8,496,77
6705,img/img_00041470.jpg,lower-body clothes,250,228,341,113,253,3
6706,img/img_00041474.jpg,lower-body clothes,112,372,372,0,112,0
6707,img/img_00041482.jpg,lower-body clothes,273,247,257,10,330,57
6708,img/img_00041483.jpg,lower-body clothes,260,246,252,6,325,65
6709,img/img_00041486.jpg,lower-body clothes,276,251,410,159,287,11
6710,img/img_00041513.jpg,full-body clothes,492,378,378,0,492,0
6711,img/img_00041521.jpg,lower-body clothes,299,129,225,96,356,57
6712,img/img_00041531.jpg,lower-body clothes,357,252,252,0,357,0
6713,img/img_00041532.jpg,lower-body clothes,417,141,233,92,436,19
6714,img/img_00041538.jpg,lower-body clothes,256,70,224,154,508,252
6715,img/img_00041541.jpg,lower-body clothes,499,223,315,92,504,5
6716,img/img_00041547.jpg,lower-body clothes,368,159,232,73,404,36
6717,img/img_00041553.jpg,lower-body clothes,253,187,283,96,401,148
6718,img/img_00041554.jpg,lower-body clothes,313,288,313,25,392,79
6719,img/img_00041555.jpg,lower-body clothes,58,44,198,154,310,252
6720,img/img_00041585.jpg,lower-body clothes,443,349,349,0,443,0
6721,img/img_00041594.jpg,full-body clothes,332,257,298,41,476,144
6722,img/img_00041605.jpg,upper-body clothes,309,209,231,22,422,113
6723,img/img_00041624.jpg,full-body clothes,332,226,289,63,347,15
6724,img/img_00041625.jpg,full-body clothes,229,279,279,0,229,0
6725,img/img_00041626.jpg,full-body clothes,343,241,271,30,348,5
6726,img/img_00041628.jpg,full-body clothes,262,101,226,125,368,106
6727,img/img_00041632.jpg,full-body clothes,399,218,358,140,412,13
6728,img/img_00041635.jpg,full-body clothes,341,212,270,58,484,143
6729,img/img_00041636.jpg,full-body clothes,327,169,248,79,471,144
6730,img/img_00041638.jpg,full-body clothes,254,125,244,119,260,6
6731,img/img_00041648.jpg,full-body clothes,223,105,250,145,289,66
6732,img/img_00041652.jpg,full-body clothes,297,146,272,126,351,54
6733,img/img_00041656.jpg,full-body clothes,180,126,308,182,400,220
6734,img/img_00041657.jpg,full-body clothes,97,44,154,110,298,201
6735,img/img_00041658.jpg,full-body clothes,204,131,344,213,421,217
6736,img/img_00041660.jpg,lower-body clothes,265,87,222,135,316,51
6737,img/img_00041664.jpg,lower-body clothes,41,368,368,0,41,0
6738,img/img_00041666.jpg,lower-body clothes,324,196,313,117,325,1
6739,img/img_00041677.jpg,upper-body clothes,199,156,262,106,203,4
6740,img/img_00041679.jpg,upper-body clothes,440,308,325,17,443,3
6741,img/img_00041682.jpg,full-body clothes,174,68,242,174,273,99
6742,img/img_00041685.jpg,lower-body clothes,402,136,247,111,438,36
6743,img/img_00041687.jpg,lower-body clothes,401,200,200,0,401,0
6744,img/img_00041689.jpg,lower-body clothes,401,304,332,28,415,14
6745,img/img_00041697.jpg,full-body clothes,147,62,183,121,226,79
6746,img/img_00041706.jpg,full-body clothes,481,287,287,0,481,0
6747,img/img_00041726.jpg,full-body clothes,354,362,372,10,427,73
6748,img/img_00041732.jpg,lower-body clothes,125,70,154,84,231,106
6749,img/img_00041736.jpg,upper-body clothes,326,167,251,84,452,126
6750,img/img_00041741.jpg,lower-body clothes,368,217,285,68,471,103
6751,img/img_00041753.jpg,upper-body clothes,370,212,278,66,476,106
6752,img/img_00041754.jpg,upper-body clothes,367,214,276,62,473,106
6753,img/img_00041763.jpg,full-body clothes,429,283,283,0,429,0
6754,img/img_00041764.jpg,full-body clothes,482,274,274,0,482,0
6755,img/img_00041771.jpg,full-body clothes,213,93,304,211,267,54
6756,img/img_00041775.jpg,full-body clothes,310,147,247,100,460,150
6757,img/img_00041778.jpg,full-body clothes,360,223,223,0,360,0
6758,img/img_00041783.jpg,full-body clothes,304,191,276,85,451,147
6759,img/img_00041787.jpg,full-body clothes,386,258,258,0,386,0
6760,img/img_00041793.jpg,lower-body clothes,354,203,257,54,440,86
6761,img/img_00041812.jpg,full-body clothes,256,298,298,0,256,0
6762,img/img_00041817.jpg,full-body clothes,204,99,259,160,383,179
6763,img/img_00041821.jpg,full-body clothes,364,197,322,125,380,16
6764,img/img_00041823.jpg,full-body clothes,353,210,293,83,488,135
6765,img/img_00041825.jpg,full-body clothes,298,140,333,193,445,147
6766,img/img_00041826.jpg,full-body clothes,213,195,360,165,334,121
6767,img/img_00041827.jpg,full-body clothes,107,35,233,198,343,236
6768,img/img_00041832.jpg,full-body clothes,412,209,247,38,451,39
6769,img/img_00041840.jpg,full-body clothes,416,275,335,60,477,61
6770,img/img_00041847.jpg,lower-body clothes,304,288,288,0,304,0
6771,img/img_00041850.jpg,lower-body clothes,245,225,303,78,462,217
6772,img/img_00041851.jpg,lower-body clothes,30,29,119,90,195,165
6773,img/img_00041854.jpg,lower-body clothes,222,185,394,209,353,131
6774,img/img_00041856.jpg,lower-body clothes,68,256,256,0,68,0
6775,img/img_00041858.jpg,lower-body clothes,178,169,274,105,323,145
6776,img/img_00041867.jpg,full-body clothes,201,117,296,179,259,58
6777,img/img_00041873.jpg,full-body clothes,124,23,197,174,237,113
6778,img/img_00041879.jpg,full-body clothes,343,236,236,0,343,0
6779,img/img_00041884.jpg,full-body clothes,204,274,274,0,204,0
6780,img/img_00041895.jpg,full-body clothes,436,234,234,0,436,0
6781,img/img_00041904.jpg,full-body clothes,460,263,275,12,475,15
6782,img/img_00041909.jpg,full-body clothes,427,179,274,95,454,27
6783,img/img_00041910.jpg,full-body clothes,423,166,266,100,446,23
6784,img/img_00041911.jpg,full-body clothes,241,100,248,148,326,85
6785,img/img_00041916.jpg,full-body clothes,173,98,157,59,326,153
6786,img/img_00041920.jpg,full-body clothes,314,140,232,92,366,52
6787,img/img_00041921.jpg,full-body clothes,346,217,311,94,440,94
6788,img/img_00041924.jpg,full-body clothes,99,69,224,155,359,260
6789,img/img_00041929.jpg,full-body clothes,317,237,305,68,502,185
6790,img/img_00041933.jpg,full-body clothes,458,209,209,0,458,0
6791,img/img_00041943.jpg,full-body clothes,207,354,354,0,207,0
6792,img/img_00041952.jpg,upper-body clothes,351,243,243,0,351,0
6793,img/img_00041956.jpg,upper-body clothes,506,375,375,0,506,0
6794,img/img_00041964.jpg,upper-body clothes,304,240,299,59,490,186
6795,img/img_00041972.jpg,lower-body clothes,256,118,243,125,283,27
6796,img/img_00041982.jpg,lower-body clothes,51,352,352,0,51,0
6797,img/img_00041985.jpg,lower-body clothes,93,51,158,107,349,256
6798,img/img_00042001.jpg,lower-body clothes,346,278,334,56,432,86
6799,img/img_00042013.jpg,full-body clothes,241,201,273,72,249,8
6800,img/img_00042015.jpg,full-body clothes,434,297,347,50,471,37
6801,img/img_00042016.jpg,full-body clothes,352,404,404,0,352,0
6802,img/img_00042022.jpg,full-body clothes,435,187,278,91,448,13
6803,img/img_00042026.jpg,full-body clothes,213,87,172,85,231,18
6804,img/img_00042039.jpg,lower-body clothes,352,146,270,124,383,31
6805,img/img_00042051.jpg,full-body clothes,248,134,226,92,282,34
6806,img/img_00042059.jpg,lower-body clothes,504,299,299,0,504,0
6807,img/img_00042060.jpg,lower-body clothes,334,132,240,108,371,37
6808,img/img_00042065.jpg,lower-body clothes,307,360,360,0,307,0
6809,img/img_00042067.jpg,lower-body clothes,259,122,217,95,306,47
6810,img/img_00042070.jpg,lower-body clothes,459,327,327,0,459,0
6811,img/img_00042075.jpg,lower-body clothes,379,193,285,92,439,60
6812,img/img_00042079.jpg,lower-body clothes,291,158,332,174,302,11
6813,img/img_00042080.jpg,full-body clothes,342,235,285,50,483,141
6814,img/img_00042108.jpg,lower-body clothes,441,312,312,0,441,0
6815,img/img_00042111.jpg,lower-body clothes,367,313,349,36,430,63
6816,img/img_00042118.jpg,lower-body clothes,371,251,251,0,371,0
6817,img/img_00042136.jpg,full-body clothes,377,279,279,0,377,0
6818,img/img_00042137.jpg,full-body clothes,305,251,251,0,305,0
6819,img/img_00042146.jpg,full-body clothes,132,47,179,132,298,166
6820,img/img_00042156.jpg,lower-body clothes,101,78,214,136,323,222
6821,img/img_00042162.jpg,full-body clothes,439,269,269,0,439,0
6822,img/img_00042168.jpg,upper-body clothes,122,53,219,166,265,143
6823,img/img_00042169.jpg,upper-body clothes,1,1,1,0,1,0
6824,img/img_00042171.jpg,upper-body clothes,227,170,211,41,357,130
6825,img/img_00042175.jpg,upper-body clothes,475,321,321,0,475,0
6826,img/img_00042179.jpg,upper-body clothes,156,297,297,0,156,0
6827,img/img_00042181.jpg,upper-body clothes,290,372,372,0,290,0
6828,img/img_00042187.jpg,upper-body clothes,203,166,293,127,319,116
6829,img/img_00042226.jpg,full-body clothes,448,368,368,0,448,0
6830,img/img_00042234.jpg,full-body clothes,338,308,308,0,338,0
6831,img/img_00042235.jpg,full-body clothes,381,290,290,0,381,0
6832,img/img_00042243.jpg,upper-body clothes,429,365,381,16,495,66
6833,img/img_00042246.jpg,full-body clothes,118,15,300,285,234,116
6834,img/img_00042262.jpg,lower-body clothes,351,425,482,57,369,18
6835,img/img_00042264.jpg,full-body clothes,496,339,364,25,504,8
6836,img/img_00042276.jpg,full-body clothes,298,19,224,205,452,154
6837,img/img_00042284.jpg,full-body clothes,72,37,66,29,217,145
6838,img/img_00042290.jpg,full-body clothes,185,326,326,0,185,0
6839,img/img_00042292.jpg,full-body clothes,366,179,254,75,462,96
6840,img/img_00042294.jpg,full-body clothes,229,203,203,0,229,0
6841,img/img_00042295.jpg,full-body clothes,195,103,228,125,203,8
6842,img/img_00042297.jpg,lower-body clothes,322,255,296,41,356,34
6843,img/img_00042301.jpg,full-body clothes,442,294,331,37,454,12
6844,img/img_00042305.jpg,full-body clothes,116,80,260,180,194,78
6845,img/img_00042310.jpg,full-body clothes,121,80,254,174,260,139
6846,img/img_00042315.jpg,full-body clothes,227,154,299,145,463,236
6847,img/img_00042327.jpg,full-body clothes,200,80,197,117,213,13
6848,img/img_00042330.jpg,full-body clothes,269,156,233,77,354,85
6849,img/img_00042334.jpg,full-body clothes,482,242,289,47,491,9
6850,img/img_00042341.jpg,full-body clothes,158,50,111,61,406,248
6851,img/img_00042343.jpg,full-body clothes,344,131,314,183,432,88
6852,img/img_00042349.jpg,full-body clothes,272,114,191,77,277,5
6853,img/img_00042354.jpg,full-body clothes,297,291,328,37,438,141
6854,img/img_00042365.jpg,full-body clothes,350,250,331,81,499,149
6855,img/img_00042375.jpg,full-body clothes,205,199,199,0,205,0
6856,img/img_00042386.jpg,upper-body clothes,265,138,222,84,403,138
6857,img/img_00042406.jpg,full-body clothes,234,152,282,130,271,37
6858,img/img_00042418.jpg,full-body clothes,284,185,316,131,428,144
6859,img/img_00042422.jpg,full-body clothes,172,107,227,120,318,146
6860,img/img_00042436.jpg,lower-body clothes,209,132,301,169,475,266
6861,img/img_00042439.jpg,lower-body clothes,433,265,265,0,433,0
6862,img/img_00042443.jpg,lower-body clothes,189,79,205,126,249,60
6863,img/img_00042457.jpg,lower-body clothes,44,342,342,0,44,0
6864,img/img_00042459.jpg,lower-body clothes,328,376,376,0,328,0
6865,img/img_00042460.jpg,lower-body clothes,399,362,362,0,399,0
6866,img/img_00042461.jpg,lower-body clothes,242,233,355,122,321,79
6867,img/img_00042464.jpg,lower-body clothes,489,278,278,0,489,0
6868,img/img_00042465.jpg,lower-body clothes,127,312,312,0,127,0
6869,img/img_00042466.jpg,lower-body clothes,43,358,358,0,43,0
6870,img/img_00042469.jpg,full-body clothes,282,184,225,41,457,175
6871,img/img_00042484.jpg,full-body clothes,346,266,266,0,346,0
6872,img/img_00042494.jpg,upper-body clothes,385,254,294,40,392,7
6873,img/img_00042512.jpg,lower-body clothes,191,169,252,83,241,50
6874,img/img_00042519.jpg,lower-body clothes,1,1,1,0,1,0
6875,img/img_00042521.jpg,lower-body clothes,131,461,461,0,131,0
6876,img/img_00042535.jpg,lower-body clothes,299,228,277,49,366,67
6877,img/img_00042542.jpg,lower-body clothes,295,231,283,52,350,55
6878,img/img_00042543.jpg,lower-body clothes,232,256,369,113,346,114
6879,img/img_00042553.jpg,lower-body clothes,217,78,214,136,389,172
6880,img/img_00042558.jpg,lower-body clothes,221,180,261,81,229,8
6881,img/img_00042568.jpg,lower-body clothes,98,97,198,101,272,174
6882,img/img_00042570.jpg,lower-body clothes,38,433,433,0,38,0
6883,img/img_00042575.jpg,lower-body clothes,140,303,303,0,140,0
6884,img/img_00042579.jpg,upper-body clothes,347,289,322,33,350,3
6885,img/img_00042590.jpg,full-body clothes,462,184,223,39,479,17
6886,img/img_00042591.jpg,full-body clothes,321,87,141,54,415,94
6887,img/img_00042599.jpg,full-body clothes,367,293,293,0,367,0
6888,img/img_00042613.jpg,upper-body clothes,261,193,271,78,412,151
6889,img/img_00042617.jpg,full-body clothes,186,249,249,0,186,0
6890,img/img_00042633.jpg,full-body clothes,442,207,242,35,462,20
6891,img/img_00042639.jpg,upper-body clothes,301,279,285,6,366,65
6892,img/img_00042643.jpg,upper-body clothes,134,258,258,0,134,0
6893,img/img_00042653.jpg,upper-body clothes,263,130,168,38,279,16
6894,img/img_00042656.jpg,upper-body clothes,163,120,254,134,275,112
6895,img/img_00042660.jpg,full-body clothes,394,190,199,9,476,82
6896,img/img_00042665.jpg,upper-body clothes,417,318,335,17,432,15
6897,img/img_00042674.jpg,upper-body clothes,257,240,310,70,484,227
6898,img/img_00042682.jpg,full-body clothes,187,107,226,119,354,167
6899,img/img_00042684.jpg,full-body clothes,305,275,275,0,305,0
6900,img/img_00042686.jpg,full-body clothes,221,347,347,0,221,0
6901,img/img_00042689.jpg,full-body clothes,217,131,313,182,334,117
6902,img/img_00042693.jpg,full-body clothes,137,64,239,175,198,61
6903,img/img_00042696.jpg,full-body clothes,270,195,276,81,425,155
6904,img/img_00042699.jpg,full-body clothes,222,408,408,0,222,0
6905,img/img_00042704.jpg,full-body clothes,296,308,308,0,296,0
6906,img/img_00042705.jpg,full-body clothes,495,336,336,0,495,0
6907,img/img_00042734.jpg,lower-body clothes,325,191,191,0,325,0
6908,img/img_00042736.jpg,lower-body clothes,200,88,233,145,300,100
6909,img/img_00042747.jpg,full-body clothes,339,302,328,26,490,151
6910,img/img_00042765.jpg,full-body clothes,390,245,279,34,420,30
6911,img/img_00042766.jpg,full-body clothes,344,229,307,78,374,30
6912,img/img_00042767.jpg,full-body clothes,245,137,185,48,247,2
6913,img/img_00042780.jpg,full-body clothes,247,109,237,128,340,93
6914,img/img_00042784.jpg,full-body clothes,208,100,253,153,218,10
6915,img/img_00042788.jpg,lower-body clothes,442,295,295,0,442,0
6916,img/img_00042790.jpg,upper-body clothes,147,431,431,0,147,0
6917,img/img_00042793.jpg,full-body clothes,235,73,174,101,435,200
6918,img/img_00042795.jpg,full-body clothes,220,74,243,169,372,152
6919,img/img_00042796.jpg,full-body clothes,193,97,258,161,317,124
6920,img/img_00042798.jpg,full-body clothes,209,212,212,0,209,0
6921,img/img_00042802.jpg,full-body clothes,177,59,205,146,371,194
6922,img/img_00042812.jpg,lower-body clothes,256,156,370,214,446,190
6923,img/img_00042815.jpg,lower-body clothes,451,376,381,5,491,40
6924,img/img_00042817.jpg,upper-body clothes,352,338,346,8,451,99
6925,img/img_00042819.jpg,upper-body clothes,124,93,182,89,227,103
6926,img/img_00042821.jpg,upper-body clothes,25,188,188,0,25,0
6927,img/img_00042824.jpg,upper-body clothes,151,194,267,73,390,239
6928,img/img_00042834.jpg,upper-body clothes,400,360,368,8,491,91
6929,img/img_00042844.jpg,upper-body clothes,378,50,270,220,473,95
6930,img/img_00042858.jpg,full-body clothes,341,114,227,113,491,150
6931,img/img_00042863.jpg,full-body clothes,375,144,264,120,392,17
6932,img/img_00042865.jpg,full-body clothes,359,157,247,90,395,36
6933,img/img_00042873.jpg,full-body clothes,457,236,268,32,460,3
6934,img/img_00042877.jpg,upper-body clothes,296,228,298,70,468,172
6935,img/img_00042886.jpg,full-body clothes,471,363,363,0,471,0
6936,img/img_00042896.jpg,full-body clothes,486,188,266,78,491,5
6937,img/img_00042898.jpg,lower-body clothes,409,316,340,24,492,83
6938,img/img_00042918.jpg,upper-body clothes,42,184,184,0,42,0
6939,img/img_00042923.jpg,upper-body clothes,410,299,344,45,438,28
6940,img/img_00042929.jpg,upper-body clothes,292,205,291,86,397,105
6941,img/img_00042930.jpg,upper-body clothes,491,334,359,25,502,11
6942,img/img_00042937.jpg,upper-body clothes,250,148,258,110,271,21
6943,img/img_00042942.jpg,upper-body clothes,285,164,249,85,431,146
6944,img/img_00042950.jpg,full-body clothes,298,187,240,53,355,57
6945,img/img_00042964.jpg,full-body clothes,284,478,478,0,284,0
6946,img/img_00042966.jpg,full-body clothes,459,363,363,0,459,0
6947,img/img_00042972.jpg,full-body clothes,217,119,247,128,317,100
6948,img/img_00042981.jpg,full-body clothes,141,91,247,156,369,228
6949,img/img_00042993.jpg,full-body clothes,196,67,222,155,311,115
6950,img/img_00042995.jpg,full-body clothes,470,344,344,0,470,0
6951,img/img_00042998.jpg,full-body clothes,316,252,263,11,470,154
6952,img/img_00043002.jpg,upper-body clothes,296,234,303,69,309,13
6953,img/img_00043004.jpg,upper-body clothes,207,147,304,157,437,230
6954,img/img_00043016.jpg,full-body clothes,388,259,259,0,388,0
6955,img/img_00043025.jpg,lower-body clothes,154,150,204,54,448,294
6956,img/img_00043026.jpg,lower-body clothes,142,134,331,197,243,101
6957,img/img_00043030.jpg,lower-body clothes,237,218,314,96,422,185
6958,img/img_00043032.jpg,lower-body clothes,450,101,217,116,461,11
6959,img/img_00043034.jpg,upper-body clothes,365,331,331,0,365,0
6960,img/img_00043035.jpg,upper-body clothes,360,288,310,22,422,62
6961,img/img_00043049.jpg,lower-body clothes,286,231,231,0,286,0
6962,img/img_00043052.jpg,full-body clothes,463,215,248,33,466,3
6963,img/img_00043053.jpg,full-body clothes,305,148,247,99,470,165
6964,img/img_00043054.jpg,full-body clothes,258,115,237,122,396,138
6965,img/img_00043056.jpg,upper-body clothes,246,161,206,45,259,13
6966,img/img_00043059.jpg,upper-body clothes,427,230,230,0,427,0
6967,img/img_00043061.jpg,full-body clothes,368,276,309,33,427,59
6968,img/img_00043064.jpg,full-body clothes,203,126,209,83,249,46
6969,img/img_00043065.jpg,full-body clothes,168,116,193,77,229,61
6970,img/img_00043070.jpg,full-body clothes,119,78,231,153,242,123
6971,img/img_00043073.jpg,full-body clothes,262,181,244,63,315,53
6972,img/img_00043089.jpg,full-body clothes,385,373,373,0,385,0
6973,img/img_00043100.jpg,full-body clothes,326,194,290,96,449,123
6974,img/img_00043102.jpg,full-body clothes,242,127,241,114,342,100
6975,img/img_00043121.jpg,full-body clothes,511,320,320,0,511,0
6976,img/img_00043130.jpg,full-body clothes,290,228,289,61,433,143
6977,img/img_00043141.jpg,full-body clothes,126,89,121,32,236,110
6978,img/img_00043146.jpg,full-body clothes,237,159,314,155,407,170
6979,img/img_00043153.jpg,full-body clothes,423,306,335,29,427,4
6980,img/img_00043162.jpg,upper-body clothes,230,244,244,0,230,0
6981,img/img_00043172.jpg,full-body clothes,237,151,226,75,301,64
6982,img/img_00043177.jpg,full-body clothes,317,114,180,66,335,18
6983,img/img_00043183.jpg,full-body clothes,385,251,332,81,391,6
6984,img/img_00043184.jpg,full-body clothes,178,113,171,58,180,2
6985,img/img_00043192.jpg,full-body clothes,320,192,255,63,450,130
6986,img/img_00043200.jpg,full-body clothes,310,209,232,23,315,5
6987,img/img_00043209.jpg,upper-body clothes,232,174,266,92,360,128
6988,img/img_00043210.jpg,upper-body clothes,489,290,290,0,489,0
6989,img/img_00043213.jpg,upper-body clothes,333,197,286,89,390,57
6990,img/img_00043221.jpg,upper-body clothes,464,268,268,0,464,0
6991,img/img_00043227.jpg,upper-body clothes,296,217,269,52,310,14
6992,img/img_00043233.jpg,lower-body clothes,217,152,244,92,255,38
6993,img/img_00043234.jpg,lower-body clothes,301,265,337,72,333,32
6994,img/img_00043237.jpg,lower-body clothes,410,126,126,0,410,0
6995,img/img_00043238.jpg,upper-body clothes,301,187,269,82,449,148
6996,img/img_00043239.jpg,upper-body clothes,474,298,298,0,474,0
6997,img/img_00043253.jpg,lower-body clothes,73,316,316,0,73,0
6998,img/img_00043260.jpg,lower-body clothes,357,287,287,0,357,0
6999,img/img_00043267.jpg,lower-body clothes,158,166,311,145,381,223
7000,img/img_00043269.jpg,lower-body clothes,133,110,234,124,269,136
7001,img/img_00043279.jpg,full-body clothes,220,164,190,26,361,141
7002,img/img_00043291.jpg,lower-body clothes,274,128,218,90,307,33
7003,img/img_00043297.jpg,full-body clothes,349,366,366,0,349,0
7004,img/img_00043300.jpg,full-body clothes,422,273,315,42,482,60
7005,img/img_00043302.jpg,full-body clothes,240,300,300,0,240,0
7006,img/img_00043312.jpg,upper-body clothes,337,230,302,72,342,5
7007,img/img_00043315.jpg,upper-body clothes,328,244,303,59,388,60
7008,img/img_00043321.jpg,lower-body clothes,308,291,291,0,308,0
7009,img/img_00043335.jpg,full-body clothes,262,140,234,94,361,99
7010,img/img_00043338.jpg,full-body clothes,203,117,226,109,377,174
7011,img/img_00043342.jpg,full-body clothes,316,173,271,98,468,152
7012,img/img_00043344.jpg,full-body clothes,457,251,251,0,457,0
7013,img/img_00043353.jpg,full-body clothes,357,63,205,142,382,25
7014,img/img_00043355.jpg,full-body clothes,337,214,284,70,461,124
7015,img/img_00043358.jpg,full-body clothes,153,93,182,89,343,190
7016,img/img_00043361.jpg,full-body clothes,430,232,299,67,504,74
7017,img/img_00043379.jpg,full-body clothes,331,318,318,0,331,0
7018,img/img_00043384.jpg,full-body clothes,321,171,308,137,361,40
7019,img/img_00043390.jpg,full-body clothes,367,187,318,131,461,94
7020,img/img_00043396.jpg,full-body clothes,187,122,252,130,294,107
7021,img/img_00043398.jpg,full-body clothes,127,69,170,101,266,139
7022,img/img_00043404.jpg,full-body clothes,220,112,302,190,340,120
7023,img/img_00043414.jpg,full-body clothes,319,257,284,27,456,137
7024,img/img_00043422.jpg,full-body clothes,463,117,227,110,494,31
7025,img/img_00043424.jpg,full-body clothes,206,282,282,0,206,0
7026,img/img_00043426.jpg,full-body clothes,466,332,369,37,471,5
7027,img/img_00043430.jpg,upper-body clothes,468,318,318,0,468,0
7028,img/img_00043433.jpg,lower-body clothes,416,313,313,0,416,0
7029,img/img_00043434.jpg,lower-body clothes,438,259,259,0,438,0
7030,img/img_00043436.jpg,lower-body clothes,193,142,220,78,358,165
7031,img/img_00043443.jpg,lower-body clothes,206,169,271,102,411,205
7032,img/img_00043445.jpg,upper-body clothes,248,178,298,120,253,5
7033,img/img_00043446.jpg,upper-body clothes,110,110,201,91,206,96
7034,img/img_00043448.jpg,full-body clothes,302,159,257,98,394,92
7035,img/img_00043463.jpg,full-body clothes,290,152,231,79,385,95
7036,img/img_00043465.jpg,full-body clothes,293,132,256,124,327,34
7037,img/img_00043477.jpg,lower-body clothes,301,293,318,25,422,121
7038,img/img_00043480.jpg,upper-body clothes,165,124,241,117,242,77
7039,img/img_00043494.jpg,full-body clothes,479,252,291,39,490,11
7040,img/img_00043497.jpg,upper-body clothes,153,108,241,133,221,68
7041,img/img_00043500.jpg,full-body clothes,472,253,253,0,472,0
7042,img/img_00043506.jpg,full-body clothes,273,128,307,179,353,80
7043,img/img_00043515.jpg,full-body clothes,184,110,323,213,324,140
7044,img/img_00043516.jpg,full-body clothes,198,117,231,114,317,119
7045,img/img_00043520.jpg,lower-body clothes,29,298,298,0,29,0
7046,img/img_00043538.jpg,lower-body clothes,371,235,235,0,371,0
7047,img/img_00043560.jpg,lower-body clothes,46,38,140,102,252,206
7048,img/img_00043561.jpg,lower-body clothes,375,346,346,0,375,0
7049,img/img_00043570.jpg,full-body clothes,387,209,302,93,477,90
7050,img/img_00043578.jpg,upper-body clothes,222,161,267,106,293,71
7051,img/img_00043580.jpg,upper-body clothes,503,358,358,0,503,0
7052,img/img_00043584.jpg,upper-body clothes,269,196,261,65,290,21
7053,img/img_00043585.jpg,upper-body clothes,159,132,213,81,274,115
7054,img/img_00043593.jpg,upper-body clothes,287,44,228,184,306,19
7055,img/img_00043594.jpg,upper-body clothes,477,150,268,118,488,11
7056,img/img_00043602.jpg,upper-body clothes,282,138,273,135,350,68
7057,img/img_00043603.jpg,upper-body clothes,288,359,362,3,434,146
7058,img/img_00043604.jpg,upper-body clothes,213,108,282,174,342,129
7059,img/img_00043606.jpg,upper-body clothes,34,269,269,0,34,0
7060,img/img_00043634.jpg,full-body clothes,202,144,268,124,273,71
7061,img/img_00043636.jpg,full-body clothes,124,87,279,192,367,243
7062,img/img_00043641.jpg,full-body clothes,201,158,224,66,333,132
7063,img/img_00043645.jpg,full-body clothes,244,242,242,0,244,0
7064,img/img_00043650.jpg,full-body clothes,318,182,264,82,445,127
7065,img/img_00043665.jpg,lower-body clothes,475,165,313,148,491,16
7066,img/img_00043680.jpg,lower-body clothes,325,266,294,28,371,46
7067,img/img_00043686.jpg,full-body clothes,445,376,376,0,445,0
7068,img/img_00043689.jpg,lower-body clothes,449,164,259,95,463,14
7069,img/img_00043692.jpg,full-body clothes,372,364,364,0,372,0
7070,img/img_00043697.jpg,full-body clothes,149,106,141,35,228,79
7071,img/img_00043698.jpg,full-body clothes,195,290,290,0,195,0
7072,img/img_00043702.jpg,full-body clothes,422,221,272,51,473,51
7073,img/img_00043709.jpg,full-body clothes,156,91,167,76,234,78
7074,img/img_00043710.jpg,full-body clothes,316,200,279,79,470,154
7075,img/img_00043731.jpg,upper-body clothes,310,230,311,81,471,161
7076,img/img_00043735.jpg,upper-body clothes,421,380,380,0,421,0
7077,img/img_00043736.jpg,upper-body clothes,32,232,232,0,32,0
7078,img/img_00043747.jpg,lower-body clothes,318,123,233,110,378,60
7079,img/img_00043750.jpg,lower-body clothes,317,133,239,106,452,135
7080,img/img_00043759.jpg,full-body clothes,288,441,441,0,288,0
7081,img/img_00043765.jpg,upper-body clothes,302,230,267,37,318,16
7082,img/img_00043774.jpg,upper-body clothes,305,189,266,77,316,11
7083,img/img_00043781.jpg,full-body clothes,114,69,262,193,316,202
7084,img/img_00043782.jpg,full-body clothes,97,56,268,212,318,221
7085,img/img_00043786.jpg,full-body clothes,323,268,285,17,477,154
7086,img/img_00043806.jpg,full-body clothes,156,73,142,69,260,104
7087,img/img_00043813.jpg,lower-body clothes,472,250,301,51,491,19
7088,img/img_00043824.jpg,upper-body clothes,406,327,327,0,406,0
7089,img/img_00043832.jpg,upper-body clothes,180,150,324,174,291,111
7090,img/img_00043833.jpg,upper-body clothes,224,59,138,79,338,114
7091,img/img_00043834.jpg,upper-body clothes,230,144,237,93,383,153
7092,img/img_00043846.jpg,upper-body clothes,322,200,285,85,492,170
7093,img/img_00043853.jpg,upper-body clothes,286,376,376,0,286,0
7094,img/img_00043855.jpg,upper-body clothes,159,100,137,37,240,81
7095,img/img_00043856.jpg,full-body clothes,260,190,277,87,390,130
7096,img/img_00043857.jpg,full-body clothes,388,372,377,5,471,83
7097,img/img_00043873.jpg,upper-body clothes,251,246,276,30,260,9
7098,img/img_00043877.jpg,upper-body clothes,338,282,282,0,338,0
7099,img/img_00043882.jpg,upper-body clothes,444,263,333,70,449,5
7100,img/img_00043897.jpg,lower-body clothes,307,324,331,7,393,86
7101,img/img_00043900.jpg,upper-body clothes,166,9,156,147,325,159
7102,img/img_00043909.jpg,upper-body clothes,344,248,295,47,353,9
7103,img/img_00043918.jpg,full-body clothes,415,236,254,18,420,5
7104,img/img_00043922.jpg,lower-body clothes,391,252,271,19,427,36
7105,img/img_00043926.jpg,upper-body clothes,374,229,314,85,391,17
7106,img/img_00043927.jpg,upper-body clothes,149,108,256,148,231,82
7107,img/img_00043930.jpg,lower-body clothes,208,131,229,98,349,141
7108,img/img_00043932.jpg,full-body clothes,496,379,379,0,496,0
7109,img/img_00043935.jpg,full-body clothes,277,109,233,124,337,60
7110,img/img_00043937.jpg,full-body clothes,414,141,236,95,419,5
7111,img/img_00043938.jpg,lower-body clothes,375,260,306,46,451,76
7112,img/img_00043941.jpg,upper-body clothes,236,205,308,103,404,168
7113,img/img_00043943.jpg,full-body clothes,286,203,260,57,468,182
7114,img/img_00043956.jpg,lower-body clothes,420,323,323,0,420,0
7115,img/img_00043965.jpg,upper-body clothes,335,221,310,89,341,6
7116,img/img_00043967.jpg,full-body clothes,476,307,340,33,508,32
7117,img/img_00043971.jpg,upper-body clothes,54,48,160,112,143,89
7118,img/img_00043973.jpg,upper-body clothes,171,226,298,72,306,135
7119,img/img_00043987.jpg,lower-body clothes,260,156,259,103,274,14
7120,img/img_00043992.jpg,full-body clothes,295,192,216,24,327,32
7121,img/img_00043995.jpg,full-body clothes,263,304,304,0,263,0
7122,img/img_00044019.jpg,upper-body clothes,306,191,269,78,310,4
7123,img/img_00044028.jpg,full-body clothes,395,245,245,0,395,0
7124,img/img_00044029.jpg,full-body clothes,492,314,320,6,496,4
7125,img/img_00044033.jpg,lower-body clothes,228,160,255,95,276,48
7126,img/img_00044039.jpg,full-body clothes,344,193,230,37,468,124
7127,img/img_00044043.jpg,full-body clothes,502,245,245,0,502,0
7128,img/img_00044044.jpg,full-body clothes,258,136,275,139,285,27
7129,img/img_00044053.jpg,full-body clothes,364,258,258,0,364,0
7130,img/img_00044067.jpg,lower-body clothes,255,344,344,0,255,0
7131,img/img_00044072.jpg,lower-body clothes,117,99,184,85,267,150
7132,img/img_00044075.jpg,lower-body clothes,297,171,268,97,307,10
7133,img/img_00044076.jpg,lower-body clothes,143,263,284,21,261,118
7134,img/img_00044078.jpg,lower-body clothes,92,68,295,227,334,242
7135,img/img_00044080.jpg,lower-body clothes,44,40,217,177,261,217
7136,img/img_00044088.jpg,full-body clothes,212,108,224,116,315,103
7137,img/img_00044097.jpg,upper-body clothes,486,340,340,0,486,0
7138,img/img_00044103.jpg,full-body clothes,238,131,250,119,329,91
7139,img/img_00044116.jpg,full-body clothes,139,143,249,106,270,131
7140,img/img_00044119.jpg,upper-body clothes,499,353,372,19,506,7
7141,img/img_00044126.jpg,full-body clothes,357,385,398,13,372,15
7142,img/img_00044127.jpg,lower-body clothes,207,193,258,65,221,14
7143,img/img_00044142.jpg,full-body clothes,245,122,270,148,252,7
7144,img/img_00044155.jpg,lower-body clothes,464,299,299,0,464,0
7145,img/img_00044157.jpg,lower-body clothes,103,69,196,127,256,153
7146,img/img_00044159.jpg,full-body clothes,160,71,179,108,267,107
7147,img/img_00044161.jpg,full-body clothes,358,125,178,53,459,101
7148,img/img_00044164.jpg,lower-body clothes,98,358,358,0,98,0
7149,img/img_00044170.jpg,lower-body clothes,220,146,268,122,282,62
7150,img/img_00044188.jpg,full-body clothes,230,114,241,127,349,119
7151,img/img_00044189.jpg,lower-body clothes,243,157,251,94,301,58
7152,img/img_00044193.jpg,lower-body clothes,104,94,230,136,352,248
7153,img/img_00044195.jpg,lower-body clothes,213,152,239,87,334,121
7154,img/img_00044196.jpg,lower-body clothes,43,337,337,0,43,0
7155,img/img_00044197.jpg,lower-body clothes,65,329,329,0,65,0
7156,img/img_00044203.jpg,lower-body clothes,124,89,201,112,319,195
7157,img/img_00044208.jpg,lower-body clothes,350,258,313,55,371,21
7158,img/img_00044215.jpg,lower-body clothes,95,72,212,140,223,128
7159,img/img_00044217.jpg,lower-body clothes,222,180,202,22,252,30
7160,img/img_00044245.jpg,full-body clothes,405,161,253,92,411,6
7161,img/img_00044250.jpg,full-body clothes,292,261,291,30,366,74
7162,img/img_00044260.jpg,upper-body clothes,502,348,348,0,502,0
7163,img/img_00044266.jpg,upper-body clothes,413,235,235,0,413,0
7164,img/img_00044277.jpg,full-body clothes,254,130,268,138,347,93
7165,img/img_00044282.jpg,full-body clothes,445,275,332,57,484,39
7166,img/img_00044283.jpg,full-body clothes,249,165,285,120,262,13
7167,img/img_00044285.jpg,full-body clothes,113,71,193,122,196,83
7168,img/img_00044293.jpg,full-body clothes,310,324,324,0,310,0
7169,img/img_00044310.jpg,full-body clothes,269,212,280,68,430,161
7170,img/img_00044311.jpg,full-body clothes,194,362,362,0,194,0
7171,img/img_00044315.jpg,full-body clothes,381,235,290,55,487,106
7172,img/img_00044324.jpg,full-body clothes,363,330,330,0,363,0
7173,img/img_00044339.jpg,full-body clothes,166,98,216,118,282,116
7174,img/img_00044340.jpg,full-body clothes,385,313,319,6,413,28
7175,img/img_00044344.jpg,lower-body clothes,81,85,181,96,327,246
7176,img/img_00044351.jpg,full-body clothes,296,143,295,152,397,101
7177,img/img_00044355.jpg,full-body clothes,315,260,313,53,369,54
7178,img/img_00044361.jpg,full-body clothes,311,114,342,228,472,161
7179,img/img_00044368.jpg,full-body clothes,176,75,138,63,327,151
7180,img/img_00044377.jpg,upper-body clothes,479,308,308,0,479,0
7181,img/img_00044378.jpg,upper-body clothes,218,275,275,0,218,0
7182,img/img_00044380.jpg,upper-body clothes,346,191,294,103,377,31
7183,img/img_00044388.jpg,full-body clothes,477,324,324,0,477,0
7184,img/img_00044392.jpg,upper-body clothes,282,201,274,73,418,136
7185,img/img_00044395.jpg,full-body clothes,333,207,250,43,349,16
7186,img/img_00044403.jpg,full-body clothes,288,234,312,78,508,220
7187,img/img_00044412.jpg,full-body clothes,190,151,250,99,314,124
7188,img/img_00044415.jpg,full-body clothes,194,242,242,0,194,0
7189,img/img_00044423.jpg,upper-body clothes,242,178,265,87,337,95
7190,img/img_00044425.jpg,upper-body clothes,137,128,210,82,144,7
7191,img/img_00044440.jpg,full-body clothes,424,259,311,52,454,30
7192,img/img_00044463.jpg,full-body clothes,442,373,373,0,442,0
7193,img/img_00044470.jpg,full-body clothes,346,196,384,188,378,32
7194,img/img_00044472.jpg,lower-body clothes,200,146,225,79,214,14
7195,img/img_00044478.jpg,upper-body clothes,213,218,268,50,238,25
7196,img/img_00044481.jpg,upper-body clothes,437,309,378,69,450,13
7197,img/img_00044486.jpg,upper-body clothes,504,281,281,0,504,0
7198,img/img_00044503.jpg,full-body clothes,168,50,168,118,282,114
7199,img/img_00044504.jpg,full-body clothes,462,352,352,0,462,0
7200,img/img_00044511.jpg,full-body clothes,279,362,362,0,279,0
7201,img/img_00044532.jpg,upper-body clothes,378,277,303,26,383,5
7202,img/img_00044533.jpg,upper-body clothes,274,351,370,19,312,38
7203,img/img_00044534.jpg,upper-body clothes,50,244,244,0,50,0
7204,img/img_00044536.jpg,full-body clothes,402,153,248,95,430,28
7205,img/img_00044538.jpg,full-body clothes,403,151,247,96,431,28
7206,img/img_00044541.jpg,full-body clothes,404,252,264,12,419,15
7207,img/img_00044543.jpg,full-body clothes,319,160,332,172,349,30
7208,img/img_00044551.jpg,full-body clothes,354,244,267,23,387,33
7209,img/img_00044562.jpg,full-body clothes,477,217,300,83,508,31
7210,img/img_00044566.jpg,full-body clothes,287,169,264,95,414,127
7211,img/img_00044580.jpg,full-body clothes,386,251,380,129,405,19
7212,img/img_00044582.jpg,full-body clothes,196,106,172,66,311,115
7213,img/img_00044588.jpg,full-body clothes,149,55,160,105,212,63
7214,img/img_00044589.jpg,full-body clothes,384,319,328,9,474,90
7215,img/img_00044590.jpg,full-body clothes,501,303,303,0,501,0
7216,img/img_00044600.jpg,upper-body clothes,438,346,358,12,442,4
7217,img/img_00044606.jpg,full-body clothes,366,161,258,97,487,121
7218,img/img_00044608.jpg,full-body clothes,323,145,296,151,467,144
7219,img/img_00044613.jpg,full-body clothes,312,195,252,57,448,136
7220,img/img_00044616.jpg,full-body clothes,468,249,249,0,468,0
7221,img/img_00044622.jpg,upper-body clothes,363,299,299,0,363,0
7222,img/img_00044627.jpg,full-body clothes,360,321,371,50,450,90
7223,img/img_00044636.jpg,full-body clothes,306,189,281,92,350,44
7224,img/img_00044638.jpg,full-body clothes,300,200,251,51,417,117
7225,img/img_00044649.jpg,full-body clothes,321,56,205,149,349,28
7226,img/img_00044650.jpg,full-body clothes,321,57,206,149,349,28
7227,img/img_00044652.jpg,full-body clothes,452,215,251,36,483,31
7228,img/img_00044653.jpg,full-body clothes,291,301,301,0,291,0
7229,img/img_00044660.jpg,full-body clothes,234,132,215,83,370,136
7230,img/img_00044668.jpg,upper-body clothes,68,81,208,127,219,151
7231,img/img_00044673.jpg,upper-body clothes,279,224,238,14,311,32
7232,img/img_00044680.jpg,upper-body clothes,36,234,234,0,36,0
7233,img/img_00044694.jpg,full-body clothes,465,281,359,78,469,4
7234,img/img_00044704.jpg,full-body clothes,369,218,273,55,493,124
7235,img/img_00044706.jpg,full-body clothes,410,347,347,0,410,0
7236,img/img_00044710.jpg,full-body clothes,379,193,255,62,423,44
7237,img/img_00044711.jpg,full-body clothes,381,190,246,56,423,42
7238,img/img_00044716.jpg,full-body clothes,92,52,222,170,340,248
7239,img/img_00044721.jpg,upper-body clothes,157,91,256,165,180,23
7240,img/img_00044743.jpg,full-body clothes,223,116,226,110,254,31
7241,img/img_00044746.jpg,full-body clothes,427,233,286,53,434,7
7242,img/img_00044751.jpg,full-body clothes,334,172,296,124,351,17
7243,img/img_00044755.jpg,full-body clothes,283,139,245,106,455,172
7244,img/img_00044761.jpg,full-body clothes,220,105,235,130,381,161
7245,img/img_00044762.jpg,full-body clothes,317,218,334,116,404,87
7246,img/img_00044766.jpg,full-body clothes,462,299,299,0,462,0
7247,img/img_00044773.jpg,full-body clothes,454,269,269,0,454,0
7248,img/img_00044786.jpg,lower-body clothes,427,270,284,14,442,15
7249,img/img_00044787.jpg,lower-body clothes,112,94,244,150,297,185
7250,img/img_00044792.jpg,lower-body clothes,33,333,333,0,33,0
7251,img/img_00044799.jpg,lower-body clothes,370,137,240,103,395,25
7252,img/img_00044817.jpg,full-body clothes,338,166,258,92,479,141
7253,img/img_00044830.jpg,full-body clothes,370,157,285,128,389,19
7254,img/img_00044835.jpg,full-body clothes,252,106,239,133,406,154
7255,img/img_00044849.jpg,full-body clothes,380,274,274,0,380,0
7256,img/img_00044863.jpg,upper-body clothes,380,292,311,19,411,31
7257,img/img_00044872.jpg,full-body clothes,445,296,338,42,471,26
7258,img/img_00044879.jpg,full-body clothes,135,60,238,178,341,206
7259,img/img_00044898.jpg,full-body clothes,384,340,340,0,384,0
7260,img/img_00044904.jpg,lower-body clothes,375,24,211,187,425,50
7261,img/img_00044911.jpg,lower-body clothes,413,206,206,0,413,0
7262,img/img_00044913.jpg,lower-body clothes,409,152,274,122,415,6
7263,img/img_00044918.jpg,lower-body clothes,224,133,261,128,450,226
7264,img/img_00044919.jpg,lower-body clothes,154,102,238,136,431,277
7265,img/img_00044920.jpg,lower-body clothes,446,113,113,0,446,0
7266,img/img_00044928.jpg,full-body clothes,345,354,354,0,345,0
7267,img/img_00044936.jpg,upper-body clothes,300,233,282,49,304,4
7268,img/img_00044939.jpg,upper-body clothes,280,279,279,0,280,0
7269,img/img_00044943.jpg,lower-body clothes,214,165,263,98,225,11
7270,img/img_00044944.jpg,lower-body clothes,57,52,181,129,301,244
7271,img/img_00044945.jpg,lower-body clothes,143,463,463,0,143,0
7272,img/img_00044947.jpg,lower-body clothes,451,223,223,0,451,0
7273,img/img_00044950.jpg,lower-body clothes,215,121,249,128,313,98
7274,img/img_00044960.jpg,full-body clothes,187,57,168,111,282,95
7275,img/img_00044969.jpg,upper-body clothes,148,119,246,127,267,119
7276,img/img_00044978.jpg,upper-body clothes,489,353,394,41,495,6
7277,img/img_00044982.jpg,full-body clothes,477,358,358,0,477,0
7278,img/img_00044992.jpg,full-body clothes,220,108,171,63,277,57
7279,img/img_00044993.jpg,full-body clothes,461,270,270,0,461,0
7280,img/img_00044994.jpg,full-body clothes,496,245,245,0,496,0
7281,img/img_00044996.jpg,full-body clothes,417,155,258,103,460,43
7282,img/img_00045004.jpg,lower-body clothes,398,269,269,0,398,0
7283,img/img_00045006.jpg,lower-body clothes,403,206,307,101,431,28
7284,img/img_00045030.jpg,upper-body clothes,206,201,276,75,329,123
7285,img/img_00045047.jpg,lower-body clothes,254,384,407,23,314,60
7286,img/img_00045054.jpg,full-body clothes,273,144,233,89,291,18
7287,img/img_00045061.jpg,full-body clothes,297,210,262,52,438,141
7288,img/img_00045063.jpg,full-body clothes,295,222,277,55,424,129
7289,img/img_00045064.jpg,full-body clothes,431,221,271,50,436,5
7290,img/img_00045065.jpg,full-body clothes,350,195,207,12,487,137
7291,img/img_00045068.jpg,full-body clothes,139,110,207,97,267,128
7292,img/img_00045072.jpg,upper-body clothes,155,365,365,0,155,0
7293,img/img_00045083.jpg,upper-body clothes,318,209,282,73,477,159
7294,img/img_00045084.jpg,upper-body clothes,320,217,290,73,481,161
7295,img/img_00045085.jpg,upper-body clothes,319,213,284,71,487,168
7296,img/img_00045086.jpg,upper-body clothes,305,224,286,62,468,163
7297,img/img_00045087.jpg,upper-body clothes,326,212,260,48,481,155
7298,img/img_00045090.jpg,upper-body clothes,504,362,362,0,504,0
7299,img/img_00045094.jpg,upper-body clothes,451,263,298,35,464,13
7300,img/img_00045096.jpg,full-body clothes,382,119,196,77,386,4
7301,img/img_00045105.jpg,upper-body clothes,286,271,271,0,286,0
7302,img/img_00045107.jpg,upper-body clothes,460,358,381,23,491,31
7303,img/img_00045112.jpg,full-body clothes,266,175,248,73,419,153
7304,img/img_00045127.jpg,lower-body clothes,347,203,203,0,347,0
7305,img/img_00045128.jpg,lower-body clothes,8,338,338,0,8,0
7306,img/img_00045152.jpg,upper-body clothes,290,181,250,69,449,159
7307,img/img_00045155.jpg,upper-body clothes,314,257,266,9,406,92
7308,img/img_00045157.jpg,upper-body clothes,342,268,323,55,397,55
7309,img/img_00045160.jpg,upper-body clothes,203,157,266,109,204,1
7310,img/img_00045161.jpg,upper-body clothes,337,299,322,23,408,71
7311,img/img_00045170.jpg,full-body clothes,310,139,231,92,460,150
7312,img/img_00045175.jpg,full-body clothes,476,293,293,0,476,0
7313,img/img_00045176.jpg,full-body clothes,390,381,381,0,390,0
7314,img/img_00045183.jpg,full-body clothes,386,241,303,62,455,69
7315,img/img_00045190.jpg,full-body clothes,169,233,233,0,169,0
7316,img/img_00045196.jpg,full-body clothes,333,212,293,81,381,48
7317,img/img_00045205.jpg,full-body clothes,387,246,307,61,457,70
7318,img/img_00045206.jpg,full-body clothes,339,375,375,0,339,0
7319,img/img_00045208.jpg,lower-body clothes,179,172,282,110,409,230
7320,img/img_00045225.jpg,lower-body clothes,393,175,175,0,393,0
7321,img/img_00045231.jpg,lower-body clothes,208,175,234,59,387,179
7322,img/img_00045236.jpg,full-body clothes,126,48,230,182,386,260
7323,img/img_00045248.jpg,full-body clothes,381,278,278,0,381,0
7324,img/img_00045251.jpg,full-body clothes,308,167,229,62,462,154
7325,img/img_00045260.jpg,full-body clothes,194,233,233,0,194,0
7326,img/img_00045263.jpg,full-body clothes,226,33,131,98,335,109
7327,img/img_00045286.jpg,full-body clothes,208,111,207,96,228,20
7328,img/img_00045294.jpg,lower-body clothes,360,137,231,94,393,33
7329,img/img_00045296.jpg,full-body clothes,311,268,331,63,427,116
7330,img/img_00045298.jpg,full-body clothes,361,194,283,89,484,123
7331,img/img_00045308.jpg,full-body clothes,461,326,344,18,483,22
7332,img/img_00045319.jpg,full-body clothes,111,77,213,136,291,180
7333,img/img_00045323.jpg,lower-body clothes,419,153,249,96,444,25
7334,img/img_00045328.jpg,lower-body clothes,157,98,239,141,326,169
7335,img/img_00045331.jpg,lower-body clothes,89,250,250,0,89,0
7336,img/img_00045334.jpg,lower-body clothes,183,148,344,196,241,58
7337,img/img_00045345.jpg,full-body clothes,501,284,284,0,501,0
7338,img/img_00045348.jpg,full-body clothes,438,300,300,0,438,0
7339,img/img_00045350.jpg,lower-body clothes,270,226,320,94,334,64
7340,img/img_00045352.jpg,lower-body clothes,224,144,237,93,267,43
7341,img/img_00045360.jpg,full-body clothes,213,316,316,0,213,0
7342,img/img_00045361.jpg,full-body clothes,278,134,250,116,468,190
7343,img/img_00045365.jpg,full-body clothes,303,221,242,21,307,4
7344,img/img_00045371.jpg,full-body clothes,169,113,234,121,346,177
7345,img/img_00045372.jpg,full-body clothes,244,127,285,158,253,9
7346,img/img_00045381.jpg,full-body clothes,345,176,253,77,486,141
7347,img/img_00045384.jpg,full-body clothes,366,336,361,25,491,125
7348,img/img_00045386.jpg,full-body clothes,259,101,217,116,331,72
7349,img/img_00045391.jpg,full-body clothes,330,113,293,180,395,65
7350,img/img_00045396.jpg,full-body clothes,240,174,264,90,394,154
7351,img/img_00045410.jpg,upper-body clothes,263,224,300,76,398,135
7352,img/img_00045419.jpg,lower-body clothes,268,94,243,149,487,219
7353,img/img_00045423.jpg,full-body clothes,333,213,281,68,472,139
7354,img/img_00045436.jpg,full-body clothes,295,175,209,34,407,112
7355,img/img_00045438.jpg,full-body clothes,141,87,203,116,363,222
7356,img/img_00045444.jpg,full-body clothes,495,258,328,70,509,14
7357,img/img_00045447.jpg,full-body clothes,282,209,317,108,493,211
7358,img/img_00045449.jpg,upper-body clothes,439,278,278,0,439,0
7359,img/img_00045455.jpg,full-body clothes,321,172,252,80,418,97
7360,img/img_00045464.jpg,upper-body clothes,194,122,228,106,203,9
7361,img/img_00045473.jpg,upper-body clothes,385,355,355,0,385,0
7362,img/img_00045475.jpg,upper-body clothes,264,237,347,110,308,44
7363,img/img_00045476.jpg,lower-body clothes,196,129,224,95,213,17
7364,img/img_00045481.jpg,full-body clothes,235,90,238,148,376,141
7365,img/img_00045483.jpg,full-body clothes,477,371,376,5,497,20
7366,img/img_00045484.jpg,full-body clothes,344,337,337,0,344,0
7367,img/img_00045491.jpg,full-body clothes,327,137,237,100,457,130
7368,img/img_00045501.jpg,upper-body clothes,365,219,288,69,391,26
7369,img/img_00045533.jpg,upper-body clothes,262,213,281,68,268,6
7370,img/img_00045535.jpg,full-body clothes,228,152,261,109,342,114
7371,img/img_00045539.jpg,upper-body clothes,125,107,258,151,226,101
7372,img/img_00045542.jpg,upper-body clothes,327,333,376,43,335,8
7373,img/img_00045550.jpg,upper-body clothes,234,183,220,37,246,12
7374,img/img_00045584.jpg,full-body clothes,212,108,222,114,234,22
7375,img/img_00045595.jpg,lower-body clothes,404,115,215,100,438,34
7376,img/img_00045602.jpg,lower-body clothes,398,135,241,106,434,36
7377,img/img_00045603.jpg,lower-body clothes,389,117,220,103,435,46
7378,img/img_00045610.jpg,upper-body clothes,211,118,261,143,397,186
7379,img/img_00045612.jpg,upper-body clothes,313,171,239,68,487,174
7380,img/img_00045617.jpg,full-body clothes,185,103,182,79,314,129
7381,img/img_00045630.jpg,full-body clothes,470,335,335,0,470,0
7382,img/img_00045631.jpg,full-body clothes,313,275,363,88,482,169
7383,img/img_00045634.jpg,full-body clothes,424,256,307,51,440,16
7384,img/img_00045637.jpg,full-body clothes,182,86,204,118,370,188
7385,img/img_00045642.jpg,full-body clothes,411,303,340,37,491,80
7386,img/img_00045644.jpg,full-body clothes,246,140,146,6,323,77
7387,img/img_00045652.jpg,full-body clothes,322,205,205,0,322,0
7388,img/img_00045660.jpg,full-body clothes,486,277,322,45,491,5
7389,img/img_00045661.jpg,full-body clothes,153,117,248,131,249,96
7390,img/img_00045666.jpg,full-body clothes,486,357,380,23,497,11
7391,img/img_00045667.jpg,full-body clothes,122,83,243,160,264,142
7392,img/img_00045672.jpg,full-body clothes,290,149,263,114,320,30
7393,img/img_00045673.jpg,full-body clothes,441,209,209,0,441,0
7394,img/img_00045680.jpg,full-body clothes,450,208,208,0,450,0
7395,img/img_00045691.jpg,full-body clothes,441,256,272,16,447,6
7396,img/img_00045695.jpg,full-body clothes,230,256,256,0,230,0
7397,img/img_00045697.jpg,full-body clothes,169,92,225,133,385,216
7398,img/img_00045698.jpg,full-body clothes,216,115,242,127,399,183
7399,img/img_00045700.jpg,full-body clothes,145,67,226,159,310,165
7400,img/img_00045708.jpg,upper-body clothes,469,214,214,0,469,0
7401,img/img_00045711.jpg,upper-body clothes,269,214,281,67,278,9
7402,img/img_00045727.jpg,upper-body clothes,417,233,267,34,424,7
7403,img/img_00045733.jpg,full-body clothes,265,168,234,66,409,144
7404,img/img_00045736.jpg,lower-body clothes,392,136,235,99,428,36
7405,img/img_00045738.jpg,lower-body clothes,261,114,293,179,389,128
7406,img/img_00045739.jpg,lower-body clothes,397,140,238,98,427,30
7407,img/img_00045748.jpg,upper-body clothes,283,214,276,62,411,128
7408,img/img_00045753.jpg,full-body clothes,338,182,288,106,487,149
7409,img/img_00045757.jpg,full-body clothes,280,186,428,242,367,87
7410,img/img_00045764.jpg,full-body clothes,381,262,274,12,505,124
7411,img/img_00045767.jpg,full-body clothes,326,272,334,62,327,1
7412,img/img_00045769.jpg,full-body clothes,248,176,272,96,263,15
7413,img/img_00045776.jpg,lower-body clothes,201,132,278,146,443,242
7414,img/img_00045783.jpg,full-body clothes,459,297,297,0,459,0
7415,img/img_00045792.jpg,full-body clothes,477,321,321,0,477,0
7416,img/img_00045800.jpg,full-body clothes,482,225,225,0,482,0
7417,img/img_00045801.jpg,full-body clothes,253,109,228,119,280,27
7418,img/img_00045804.jpg,full-body clothes,265,134,250,116,273,8
7419,img/img_00045805.jpg,full-body clothes,175,80,255,175,299,124
7420,img/img_00045817.jpg,full-body clothes,333,262,262,0,333,0
7421,img/img_00045822.jpg,full-body clothes,253,216,274,58,387,134
7422,img/img_00045830.jpg,upper-body clothes,360,273,310,37,471,111
7423,img/img_00045831.jpg,upper-body clothes,364,273,303,30,487,123
7424,img/img_00045846.jpg,full-body clothes,307,117,241,124,322,15
7425,img/img_00045856.jpg,full-body clothes,286,267,267,0,286,0
7426,img/img_00045863.jpg,full-body clothes,228,50,181,131,322,94
7427,img/img_00045866.jpg,full-body clothes,289,132,295,163,395,106
7428,img/img_00045869.jpg,full-body clothes,352,173,252,79,478,126
7429,img/img_00045875.jpg,full-body clothes,340,245,308,63,477,137
7430,img/img_00045877.jpg,full-body clothes,460,374,374,0,460,0
7431,img/img_00045885.jpg,full-body clothes,445,281,307,26,503,58
7432,img/img_00045888.jpg,full-body clothes,447,325,325,0,447,0
7433,img/img_00045894.jpg,full-body clothes,344,244,251,7,442,98
7434,img/img_00045897.jpg,full-body clothes,284,88,223,135,379,95
7435,img/img_00045898.jpg,full-body clothes,252,124,239,115,328,76
7436,img/img_00045901.jpg,full-body clothes,249,316,316,0,249,0
7437,img/img_00045912.jpg,lower-body clothes,86,297,297,0,86,0
7438,img/img_00045914.jpg,lower-body clothes,187,111,243,132,258,71
7439,img/img_00045915.jpg,lower-body clothes,455,310,310,0,455,0
7440,img/img_00045932.jpg,full-body clothes,385,169,188,19,488,103
7441,img/img_00045936.jpg,full-body clothes,193,269,269,0,193,0
7442,img/img_00045937.jpg,full-body clothes,224,113,208,95,229,5
7443,img/img_00045943.jpg,lower-body clothes,65,57,206,149,263,198
7444,img/img_00045947.jpg,full-body clothes,464,254,254,0,464,0
7445,img/img_00045957.jpg,full-body clothes,499,312,312,0,499,0
7446,img/img_00045967.jpg,full-body clothes,439,331,344,13,453,14
7447,img/img_00045968.jpg,full-body clothes,284,124,235,111,362,78
7448,img/img_00045971.jpg,full-body clothes,409,290,290,0,409,0
7449,img/img_00045977.jpg,lower-body clothes,198,130,241,111,293,95
7450,img/img_00045979.jpg,lower-body clothes,271,303,303,0,271,0
7451,img/img_00045983.jpg,lower-body clothes,354,441,489,48,374,20
7452,img/img_00046000.jpg,lower-body clothes,53,97,192,95,301,248
7453,img/img_00046004.jpg,lower-body clothes,280,179,283,104,396,116
7454,img/img_00046010.jpg,lower-body clothes,148,279,279,0,148,0
7455,img/img_00046017.jpg,lower-body clothes,146,131,342,211,278,132
7456,img/img_00046020.jpg,upper-body clothes,326,380,380,0,326,0
7457,img/img_00046036.jpg,upper-body clothes,118,82,243,161,262,144
7458,img/img_00046038.jpg,upper-body clothes,370,365,378,13,416,46
7459,img/img_00046040.jpg,upper-body clothes,11,321,321,0,11,0
7460,img/img_00046044.jpg,upper-body clothes,58,443,443,0,58,0
7461,img/img_00046054.jpg,upper-body clothes,438,373,373,0,438,0
7462,img/img_00046057.jpg,upper-body clothes,350,267,335,68,354,4
7463,img/img_00046070.jpg,upper-body clothes,353,355,372,17,504,151
7464,img/img_00046075.jpg,upper-body clothes,450,283,283,0,450,0
7465,img/img_00046077.jpg,upper-body clothes,412,378,378,0,412,0
7466,img/img_00046078.jpg,upper-body clothes,435,372,372,0,435,0
7467,img/img_00046081.jpg,full-body clothes,213,257,257,0,213,0
7468,img/img_00046082.jpg,full-body clothes,463,344,344,0,463,0
7469,img/img_00046090.jpg,lower-body clothes,157,281,281,0,157,0
7470,img/img_00046092.jpg,full-body clothes,368,181,287,106,393,25
7471,img/img_00046094.jpg,full-body clothes,327,147,262,115,478,151
7472,img/img_00046098.jpg,full-body clothes,380,211,222,11,388,8
7473,img/img_00046102.jpg,full-body clothes,478,361,361,0,478,0
7474,img/img_00046108.jpg,upper-body clothes,393,350,379,29,403,10
7475,img/img_00046109.jpg,upper-body clothes,504,372,372,0,504,0
7476,img/img_00046112.jpg,upper-body clothes,348,267,304,37,379,31
7477,img/img_00046129.jpg,full-body clothes,262,126,203,77,308,46
7478,img/img_00046130.jpg,full-body clothes,166,143,267,124,326,160
7479,img/img_00046135.jpg,full-body clothes,509,373,373,0,509,0
7480,img/img_00046136.jpg,upper-body clothes,44,261,261,0,44,0
7481,img/img_00046138.jpg,upper-body clothes,456,320,320,0,456,0
7482,img/img_00046141.jpg,upper-body clothes,286,221,263,42,403,117
7483,img/img_00046166.jpg,full-body clothes,167,84,217,133,295,128
7484,img/img_00046170.jpg,full-body clothes,203,119,265,146,290,87
7485,img/img_00046174.jpg,full-body clothes,112,106,239,133,354,242
7486,img/img_00046190.jpg,full-body clothes,457,262,262,0,457,0
7487,img/img_00046191.jpg,full-body clothes,376,249,274,25,417,41
7488,img/img_00046197.jpg,full-body clothes,188,244,244,0,188,0
7489,img/img_00046198.jpg,full-body clothes,422,333,333,0,422,0
7490,img/img_00046212.jpg,full-body clothes,480,312,312,0,480,0
7491,img/img_00046216.jpg,full-body clothes,281,139,250,111,379,98
7492,img/img_00046232.jpg,full-body clothes,299,220,253,33,456,157
7493,img/img_00046246.jpg,full-body clothes,211,76,156,80,362,151
7494,img/img_00046249.jpg,lower-body clothes,208,137,228,91,231,23
7495,img/img_00046252.jpg,lower-body clothes,148,328,328,0,148,0
7496,img/img_00046258.jpg,full-body clothes,269,201,246,45,312,43
7497,img/img_00046261.jpg,full-body clothes,483,330,330,0,483,0
7498,img/img_00046267.jpg,upper-body clothes,174,373,373,0,174,0
7499,img/img_00046268.jpg,upper-body clothes,140,378,378,0,140,0
7500,img/img_00046270.jpg,full-body clothes,421,254,311,57,495,74
7501,img/img_00046272.jpg,full-body clothes,323,192,237,45,435,112
7502,img/img_00046277.jpg,lower-body clothes,21,295,295,0,21,0
7503,img/img_00046288.jpg,full-body clothes,185,83,240,157,299,114
7504,img/img_00046291.jpg,full-body clothes,267,152,242,90,350,83
7505,img/img_00046296.jpg,full-body clothes,503,262,311,49,509,6
7506,img/img_00046299.jpg,lower-body clothes,378,152,221,69,392,14
7507,img/img_00046300.jpg,lower-body clothes,456,329,352,23,473,17
7508,img/img_00046301.jpg,full-body clothes,466,338,338,0,466,0
7509,img/img_00046313.jpg,lower-body clothes,228,230,317,87,393,165
7510,img/img_00046315.jpg,lower-body clothes,379,343,343,0,379,0
7511,img/img_00046317.jpg,full-body clothes,335,216,292,76,376,41
7512,img/img_00046321.jpg,full-body clothes,80,34,162,128,262,182
7513,img/img_00046341.jpg,lower-body clothes,196,165,259,94,260,64
7514,img/img_00046344.jpg,full-body clothes,413,302,324,22,479,66
7515,img/img_00046347.jpg,full-body clothes,230,124,236,112,333,103
7516,img/img_00046350.jpg,full-body clothes,301,144,239,95,444,143
7517,img/img_00046367.jpg,lower-body clothes,197,122,264,142,335,138
7518,img/img_00046372.jpg,lower-body clothes,274,155,247,92,332,58
7519,img/img_00046376.jpg,lower-body clothes,325,192,227,35,409,84
7520,img/img_00046395.jpg,full-body clothes,264,253,253,0,264,0
7521,img/img_00046409.jpg,full-body clothes,177,93,272,179,282,105
7522,img/img_00046421.jpg,upper-body clothes,311,227,280,53,346,35
7523,img/img_00046426.jpg,upper-body clothes,406,347,354,7,463,57
7524,img/img_00046433.jpg,upper-body clothes,386,296,328,32,452,66
7525,img/img_00046435.jpg,upper-body clothes,397,311,338,27,454,57
7526,img/img_00046436.jpg,upper-body clothes,169,148,282,134,348,179
7527,img/img_00046438.jpg,upper-body clothes,244,167,251,84,273,29
7528,img/img_00046443.jpg,upper-body clothes,448,234,234,0,448,0
7529,img/img_00046447.jpg,upper-body clothes,158,126,257,131,163,5
7530,img/img_00046448.jpg,upper-body clothes,374,242,310,68,378,4
7531,img/img_00046449.jpg,upper-body clothes,383,225,225,0,383,0
7532,img/img_00046456.jpg,upper-body clothes,189,378,378,0,189,0
7533,img/img_00046459.jpg,upper-body clothes,418,355,355,0,418,0
7534,img/img_00046462.jpg,upper-body clothes,452,284,377,93,497,45
7535,img/img_00046466.jpg,upper-body clothes,396,272,272,0,396,0
7536,img/img_00046469.jpg,upper-body clothes,125,31,224,193,286,161
7537,img/img_00046485.jpg,full-body clothes,183,311,311,0,183,0
7538,img/img_00046489.jpg,full-body clothes,291,180,180,0,291,0
7539,img/img_00046490.jpg,full-body clothes,311,121,229,108,406,95
7540,img/img_00046504.jpg,full-body clothes,214,106,242,136,321,107
7541,img/img_00046508.jpg,full-body clothes,172,93,161,68,287,115
7542,img/img_00046515.jpg,lower-body clothes,250,199,290,91,381,131
7543,img/img_00046521.jpg,lower-body clothes,290,116,227,111,403,113
7544,img/img_00046548.jpg,upper-body clothes,459,282,282,0,459,0
7545,img/img_00046553.jpg,lower-body clothes,270,134,233,99,279,9
7546,img/img_00046557.jpg,full-body clothes,316,198,319,121,445,129
7547,img/img_00046559.jpg,full-body clothes,355,284,284,0,355,0
7548,img/img_00046561.jpg,full-body clothes,262,176,176,0,262,0
7549,img/img_00046573.jpg,upper-body clothes,357,203,268,65,506,149
7550,img/img_00046578.jpg,full-body clothes,168,66,321,255,266,98
7551,img/img_00046579.jpg,full-body clothes,274,179,179,0,274,0
7552,img/img_00046582.jpg,full-body clothes,273,223,223,0,273,0
7553,img/img_00046589.jpg,full-body clothes,442,242,242,0,442,0
7554,img/img_00046595.jpg,full-body clothes,443,372,372,0,443,0
7555,img/img_00046597.jpg,full-body clothes,398,194,274,80,433,35
7556,img/img_00046599.jpg,full-body clothes,271,136,271,135,408,137
7557,img/img_00046616.jpg,full-body clothes,313,198,309,111,322,9
7558,img/img_00046624.jpg,full-body clothes,323,109,208,99,471,148
7559,img/img_00046649.jpg,lower-body clothes,210,97,159,62,377,167
7560,img/img_00046665.jpg,full-body clothes,454,230,327,97,462,8
7561,img/img_00046669.jpg,full-body clothes,406,254,254,0,406,0
7562,img/img_00046670.jpg,full-body clothes,443,246,246,0,443,0
7563,img/img_00046677.jpg,lower-body clothes,336,125,228,103,391,55
7564,img/img_00046679.jpg,lower-body clothes,139,61,218,157,266,127
7565,img/img_00046683.jpg,lower-body clothes,238,119,251,132,242,4
7566,img/img_00046690.jpg,full-body clothes,326,374,374,0,326,0
7567,img/img_00046691.jpg,full-body clothes,250,125,226,101,314,64
7568,img/img_00046702.jpg,full-body clothes,236,128,291,163,237,1
7569,img/img_00046703.jpg,full-body clothes,460,305,305,0,460,0
7570,img/img_00046706.jpg,full-body clothes,313,203,278,75,468,155
7571,img/img_00046715.jpg,full-body clothes,301,371,371,0,301,0
7572,img/img_00046736.jpg,full-body clothes,422,265,302,37,463,41
7573,img/img_00046740.jpg,full-body clothes,374,344,344,0,374,0
7574,img/img_00046743.jpg,full-body clothes,330,157,260,103,446,116
7575,img/img_00046746.jpg,full-body clothes,306,188,267,79,465,159
7576,img/img_00046750.jpg,full-body clothes,326,181,289,108,461,135
7577,img/img_00046758.jpg,full-body clothes,342,186,263,77,485,143
7578,img/img_00046759.jpg,full-body clothes,348,165,252,87,446,98
7579,img/img_00046762.jpg,full-body clothes,224,102,303,201,303,79
7580,img/img_00046763.jpg,full-body clothes,205,95,198,103,300,95
7581,img/img_00046768.jpg,full-body clothes,357,167,256,89,373,16
7582,img/img_00046773.jpg,full-body clothes,206,174,174,0,206,0
7583,img/img_00046778.jpg,full-body clothes,224,272,272,0,224,0
7584,img/img_00046786.jpg,full-body clothes,400,139,250,111,406,6
7585,img/img_00046804.jpg,full-body clothes,322,172,241,69,452,130
7586,img/img_00046805.jpg,full-body clothes,371,236,236,0,371,0
7587,img/img_00046810.jpg,full-body clothes,253,95,271,176,374,121
7588,img/img_00046817.jpg,upper-body clothes,7,283,283,0,7,0
7589,img/img_00046827.jpg,upper-body clothes,224,335,335,0,224,0
7590,img/img_00046829.jpg,full-body clothes,460,178,322,144,481,21
7591,img/img_00046843.jpg,upper-body clothes,315,230,279,49,480,165
7592,img/img_00046845.jpg,full-body clothes,270,135,335,200,279,9
7593,img/img_00046860.jpg,full-body clothes,333,221,264,43,463,130
7594,img/img_00046866.jpg,full-body clothes,462,286,286,0,462,0
7595,img/img_00046875.jpg,upper-body clothes,328,210,241,31,354,26
7596,img/img_00046884.jpg,full-body clothes,333,305,305,0,333,0
7597,img/img_00046889.jpg,upper-body clothes,179,378,378,0,179,0
7598,img/img_00046891.jpg,upper-body clothes,314,257,290,33,452,138
7599,img/img_00046905.jpg,lower-body clothes,409,109,280,171,459,50
7600,img/img_00046909.jpg,lower-body clothes,262,95,230,135,419,157
7601,img/img_00046922.jpg,lower-body clothes,161,148,315,167,340,179
7602,img/img_00046928.jpg,full-body clothes,248,168,245,77,344,96
7603,img/img_00046933.jpg,lower-body clothes,329,252,301,49,435,106
7604,img/img_00046934.jpg,lower-body clothes,465,336,336,0,465,0
7605,img/img_00046936.jpg,upper-body clothes,495,369,369,0,495,0
7606,img/img_00046947.jpg,full-body clothes,317,270,307,37,425,108
7607,img/img_00046963.jpg,full-body clothes,206,331,331,0,206,0
7608,img/img_00046964.jpg,full-body clothes,171,351,351,0,171,0
7609,img/img_00046965.jpg,full-body clothes,483,270,280,10,489,6
7610,img/img_00046981.jpg,full-body clothes,343,217,338,121,481,138
7611,img/img_00046982.jpg,full-body clothes,398,205,270,65,429,31
7612,img/img_00046986.jpg,full-body clothes,190,75,234,159,364,174
7613,img/img_00046994.jpg,lower-body clothes,249,245,335,90,444,195
7614,img/img_00047001.jpg,full-body clothes,205,116,254,138,347,142
7615,img/img_00047008.jpg,upper-body clothes,416,272,334,62,422,6
7616,img/img_00047016.jpg,full-body clothes,359,191,333,142,364,5
7617,img/img_00047021.jpg,lower-body clothes,404,181,181,0,404,0
7618,img/img_00047025.jpg,lower-body clothes,172,135,219,84,314,142
7619,img/img_00047032.jpg,lower-body clothes,424,322,322,0,424,0
7620,img/img_00047033.jpg,lower-body clothes,324,357,370,13,449,125
7621,img/img_00047034.jpg,lower-body clothes,177,131,247,116,230,53
7622,img/img_00047036.jpg,full-body clothes,337,265,295,30,479,142
7623,img/img_00047048.jpg,full-body clothes,495,355,355,0,495,0
7624,img/img_00047058.jpg,full-body clothes,382,204,272,68,481,99
7625,img/img_00047070.jpg,full-body clothes,503,349,389,40,508,5
7626,img/img_00047095.jpg,upper-body clothes,345,224,290,66,364,19
7627,img/img_00047099.jpg,full-body clothes,187,135,258,123,284,97
7628,img/img_00047102.jpg,upper-body clothes,222,112,235,123,310,88
7629,img/img_00047108.jpg,upper-body clothes,214,344,344,0,214,0
7630,img/img_00047112.jpg,full-body clothes,391,282,349,67,503,112
7631,img/img_00047125.jpg,full-body clothes,226,156,251,95,298,72
7632,img/img_00047127.jpg,full-body clothes,148,316,316,0,148,0
7633,img/img_00047131.jpg,full-body clothes,265,137,251,114,357,92
7634,img/img_00047134.jpg,full-body clothes,442,355,355,0,442,0
7635,img/img_00047139.jpg,upper-body clothes,309,264,282,18,317,8
7636,img/img_00047140.jpg,upper-body clothes,501,254,254,0,501,0
7637,img/img_00047144.jpg,upper-body clothes,381,270,312,42,443,62
7638,img/img_00047147.jpg,full-body clothes,340,218,257,39,484,144
7639,img/img_00047156.jpg,full-body clothes,496,301,359,58,498,2
7640,img/img_00047168.jpg,full-body clothes,171,47,180,133,300,129
7641,img/img_00047169.jpg,full-body clothes,212,71,172,101,307,95
7642,img/img_00047175.jpg,upper-body clothes,162,111,274,163,275,113
7643,img/img_00047176.jpg,lower-body clothes,372,106,216,110,458,86
7644,img/img_00047180.jpg,full-body clothes,305,125,241,116,446,141
7645,img/img_00047182.jpg,full-body clothes,286,151,264,113,396,110
7646,img/img_00047183.jpg,full-body clothes,506,303,303,0,506,0
7647,img/img_00047185.jpg,lower-body clothes,114,138,180,42,325,211
7648,img/img_00047191.jpg,upper-body clothes,426,278,315,37,469,43
7649,img/img_00047194.jpg,full-body clothes,111,66,203,137,225,114
7650,img/img_00047199.jpg,full-body clothes,104,66,334,268,286,182
7651,img/img_00047204.jpg,upper-body clothes,76,372,372,0,76,0
7652,img/img_00047224.jpg,full-body clothes,182,99,212,113,288,106
7653,img/img_00047242.jpg,lower-body clothes,452,206,285,79,457,5
7654,img/img_00047247.jpg,full-body clothes,441,260,260,0,441,0
7655,img/img_00047256.jpg,full-body clothes,148,312,312,0,148,0
7656,img/img_00047257.jpg,full-body clothes,342,375,375,0,342,0
7657,img/img_00047272.jpg,full-body clothes,474,133,246,113,477,3
7658,img/img_00047280.jpg,upper-body clothes,280,183,275,92,423,143
7659,img/img_00047286.jpg,upper-body clothes,358,241,241,0,358,0
7660,img/img_00047288.jpg,upper-body clothes,93,97,237,140,176,83
7661,img/img_00047290.jpg,upper-body clothes,491,363,363,0,491,0
7662,img/img_00047317.jpg,full-body clothes,455,249,249,0,455,0
7663,img/img_00047323.jpg,full-body clothes,352,163,242,79,468,116
7664,img/img_00047331.jpg,full-body clothes,231,139,248,109,262,31
7665,img/img_00047343.jpg,full-body clothes,458,348,348,0,458,0
7666,img/img_00047348.jpg,full-body clothes,291,281,281,0,291,0
7667,img/img_00047355.jpg,full-body clothes,196,77,160,83,397,201
7668,img/img_00047358.jpg,full-body clothes,487,272,272,0,487,0
7669,img/img_00047360.jpg,full-body clothes,248,280,280,0,248,0
7670,img/img_00047363.jpg,full-body clothes,443,314,314,0,443,0
7671,img/img_00047365.jpg,full-body clothes,482,317,317,0,482,0
7672,img/img_00047369.jpg,full-body clothes,482,296,296,0,482,0
7673,img/img_00047378.jpg,full-body clothes,236,170,267,97,300,64
7674,img/img_00047382.jpg,full-body clothes,286,164,287,123,397,111
7675,img/img_00047391.jpg,full-body clothes,402,251,251,0,402,0
7676,img/img_00047400.jpg,full-body clothes,411,281,281,0,411,0
7677,img/img_00047411.jpg,full-body clothes,415,374,374,0,415,0
7678,img/img_00047415.jpg,full-body clothes,311,294,313,19,427,116
7679,img/img_00047418.jpg,upper-body clothes,504,362,362,0,504,0
7680,img/img_00047421.jpg,upper-body clothes,365,237,325,88,372,7
7681,img/img_00047427.jpg,upper-body clothes,292,183,257,74,307,15
7682,img/img_00047431.jpg,upper-body clothes,271,290,290,0,271,0
7683,img/img_00047435.jpg,upper-body clothes,70,61,291,230,219,149
7684,img/img_00047439.jpg,upper-body clothes,364,268,290,22,491,127
7685,img/img_00047449.jpg,lower-body clothes,456,248,248,0,456,0
7686,img/img_00047451.jpg,lower-body clothes,373,169,259,90,398,25
7687,img/img_00047452.jpg,lower-body clothes,395,378,378,0,395,0
7688,img/img_00047454.jpg,full-body clothes,419,373,373,0,419,0
7689,img/img_00047458.jpg,full-body clothes,155,98,255,157,338,183
7690,img/img_00047459.jpg,full-body clothes,484,371,371,0,484,0
7691,img/img_00047461.jpg,full-body clothes,473,327,327,0,473,0
7692,img/img_00047464.jpg,full-body clothes,506,375,375,0,506,0
7693,img/img_00047467.jpg,full-body clothes,190,112,282,170,318,128
7694,img/img_00047476.jpg,full-body clothes,283,134,250,116,321,38
7695,img/img_00047478.jpg,full-body clothes,291,141,263,122,328,37
7696,img/img_00047479.jpg,full-body clothes,212,99,244,145,364,152
7697,img/img_00047489.jpg,full-body clothes,398,273,287,14,504,106
7698,img/img_00047495.jpg,lower-body clothes,204,235,282,47,381,177
7699,img/img_00047505.jpg,lower-body clothes,26,342,342,0,26,0
7700,img/img_00047508.jpg,upper-body clothes,4,259,259,0,4,0
7701,img/img_00047513.jpg,upper-body clothes,235,195,230,35,349,114
7702,img/img_00047516.jpg,upper-body clothes,299,212,287,75,374,75
7703,img/img_00047520.jpg,upper-body clothes,432,245,287,42,452,20
7704,img/img_00047523.jpg,upper-body clothes,56,223,223,0,56,0
7705,img/img_00047529.jpg,upper-body clothes,280,174,273,99,409,129
7706,img/img_00047538.jpg,upper-body clothes,263,290,330,40,394,131
7707,img/img_00047539.jpg,upper-body clothes,346,375,375,0,346,0
7708,img/img_00047541.jpg,full-body clothes,481,339,339,0,481,0
7709,img/img_00047564.jpg,full-body clothes,328,210,279,69,446,118
7710,img/img_00047565.jpg,full-body clothes,253,132,242,110,348,95
7711,img/img_00047569.jpg,full-body clothes,387,294,338,44,437,50
7712,img/img_00047577.jpg,upper-body clothes,192,308,308,0,192,0
7713,img/img_00047579.jpg,upper-body clothes,467,347,347,0,467,0
7714,img/img_00047580.jpg,upper-body clothes,319,311,360,49,475,156
7715,img/img_00047581.jpg,upper-body clothes,371,303,345,42,477,106
7716,img/img_00047586.jpg,upper-body clothes,314,194,278,84,476,162
7717,img/img_00047588.jpg,upper-body clothes,300,225,271,46,459,159
7718,img/img_00047590.jpg,upper-body clothes,322,208,271,63,478,156
7719,img/img_00047600.jpg,full-body clothes,300,228,291,63,438,138
7720,img/img_00047602.jpg,full-body clothes,191,106,204,98,265,74
7721,img/img_00047607.jpg,lower-body clothes,116,293,293,0,116,0
7722,img/img_00047612.jpg,full-body clothes,401,243,268,25,492,91
7723,img/img_00047621.jpg,full-body clothes,268,119,233,114,284,16
7724,img/img_00047622.jpg,full-body clothes,333,277,277,0,333,0
7725,img/img_00047627.jpg,upper-body clothes,243,199,317,118,344,101
7726,img/img_00047631.jpg,upper-body clothes,115,214,214,0,115,0
7727,img/img_00047633.jpg,upper-body clothes,426,304,304,0,426,0
7728,img/img_00047636.jpg,full-body clothes,318,213,360,147,463,145
7729,img/img_00047641.jpg,full-body clothes,286,238,276,38,405,119
7730,img/img_00047643.jpg,full-body clothes,409,187,187,0,409,0
7731,img/img_00047646.jpg,full-body clothes,365,137,236,99,460,95
7732,img/img_00047654.jpg,lower-body clothes,196,149,249,100,262,66
7733,img/img_00047655.jpg,lower-body clothes,109,80,287,207,341,232
7734,img/img_00047659.jpg,full-body clothes,113,77,178,101,338,225
7735,img/img_00047675.jpg,full-body clothes,377,273,293,20,392,15
7736,img/img_00047678.jpg,full-body clothes,174,70,240,170,277,103
7737,img/img_00047679.jpg,full-body clothes,262,110,184,74,367,105
7738,img/img_00047690.jpg,full-body clothes,452,209,257,48,462,10
7739,img/img_00047694.jpg,full-body clothes,485,273,273,0,485,0
7740,img/img_00047698.jpg,full-body clothes,310,122,227,105,399,89
7741,img/img_00047699.jpg,full-body clothes,315,242,285,43,483,168
7742,img/img_00047701.jpg,full-body clothes,421,370,370,0,421,0
7743,img/img_00047706.jpg,full-body clothes,250,254,254,0,250,0
7744,img/img_00047711.jpg,full-body clothes,166,249,249,0,166,0
7745,img/img_00047715.jpg,full-body clothes,231,105,154,49,235,4
7746,img/img_00047718.jpg,full-body clothes,219,97,157,60,278,59
7747,img/img_00047721.jpg,full-body clothes,195,86,117,31,259,64
7748,img/img_00047724.jpg,full-body clothes,303,123,123,0,303,0
7749,img/img_00047728.jpg,full-body clothes,301,126,253,127,457,156
7750,img/img_00047738.jpg,lower-body clothes,380,262,262,0,380,0
7751,img/img_00047748.jpg,full-body clothes,230,112,269,157,375,145
7752,img/img_00047751.jpg,full-body clothes,451,163,212,49,501,50
7753,img/img_00047755.jpg,full-body clothes,356,40,190,150,505,149
7754,img/img_00047759.jpg,full-body clothes,265,173,215,42,365,100
7755,img/img_00047773.jpg,full-body clothes,408,343,343,0,408,0
7756,img/img_00047775.jpg,full-body clothes,135,173,173,0,135,0
7757,img/img_00047789.jpg,lower-body clothes,406,130,225,95,416,10
7758,img/img_00047790.jpg,lower-body clothes,350,186,215,29,411,61
7759,img/img_00047791.jpg,full-body clothes,222,92,192,100,327,105
7760,img/img_00047792.jpg,full-body clothes,446,206,276,70,459,13
7761,img/img_00047795.jpg,full-body clothes,314,134,248,114,405,91
7762,img/img_00047802.jpg,full-body clothes,445,214,264,50,486,41
7763,img/img_00047815.jpg,full-body clothes,217,104,260,156,354,137
7764,img/img_00047817.jpg,full-body clothes,300,151,239,88,422,122
7765,img/img_00047820.jpg,full-body clothes,329,148,258,110,407,78
7766,img/img_00047823.jpg,full-body clothes,106,52,226,174,290,184
7767,img/img_00047829.jpg,full-body clothes,365,288,288,0,365,0
7768,img/img_00047831.jpg,full-body clothes,368,224,283,59,492,124
7769,img/img_00047838.jpg,full-body clothes,307,210,251,41,336,29
7770,img/img_00047852.jpg,full-body clothes,248,378,378,0,248,0
7771,img/img_00047862.jpg,lower-body clothes,106,74,220,146,119,13
7772,img/img_00047864.jpg,full-body clothes,150,181,265,84,418,268
7773,img/img_00047868.jpg,full-body clothes,121,65,259,194,302,181
7774,img/img_00047877.jpg,upper-body clothes,339,268,285,17,418,79
7775,img/img_00047889.jpg,full-body clothes,199,137,288,151,317,118
7776,img/img_00047892.jpg,full-body clothes,258,103,245,142,399,141
7777,img/img_00047903.jpg,full-body clothes,450,295,295,0,450,0
7778,img/img_00047912.jpg,full-body clothes,183,107,257,150,304,121
7779,img/img_00047914.jpg,full-body clothes,341,150,156,6,430,89
7780,img/img_00047915.jpg,full-body clothes,500,309,309,0,500,0
7781,img/img_00047920.jpg,lower-body clothes,324,166,253,87,382,58
7782,img/img_00047931.jpg,lower-body clothes,316,43,213,170,346,30
7783,img/img_00047942.jpg,lower-body clothes,351,131,242,111,411,60
7784,img/img_00047943.jpg,lower-body clothes,319,64,275,211,363,44
7785,img/img_00047945.jpg,lower-body clothes,10,276,276,0,10,0
7786,img/img_00047956.jpg,lower-body clothes,296,253,367,114,356,60
7787,img/img_00047958.jpg,lower-body clothes,330,282,317,35,335,5
7788,img/img_00047966.jpg,lower-body clothes,412,336,336,0,412,0
7789,img/img_00047967.jpg,lower-body clothes,28,385,385,0,28,0
7790,img/img_00047974.jpg,full-body clothes,322,180,180,0,322,0
7791,img/img_00047976.jpg,full-body clothes,73,43,170,127,186,113
7792,img/img_00047978.jpg,full-body clothes,420,215,280,65,444,24
7793,img/img_00047979.jpg,full-body clothes,464,283,283,0,464,0
7794,img/img_00047981.jpg,full-body clothes,211,71,230,159,233,22
7795,img/img_00047982.jpg,full-body clothes,339,273,273,0,339,0
7796,img/img_00048003.jpg,full-body clothes,330,194,270,76,466,136
7797,img/img_00048016.jpg,full-body clothes,352,306,306,0,352,0
7798,img/img_00048017.jpg,full-body clothes,281,349,349,0,281,0
7799,img/img_00048018.jpg,full-body clothes,434,354,354,0,434,0
7800,img/img_00048021.jpg,full-body clothes,487,292,343,51,505,18
7801,img/img_00048026.jpg,full-body clothes,238,130,146,16,398,160
7802,img/img_00048037.jpg,full-body clothes,474,326,348,22,482,8
7803,img/img_00048044.jpg,upper-body clothes,206,156,272,116,335,129
7804,img/img_00048048.jpg,full-body clothes,396,341,378,37,406,10
7805,img/img_00048057.jpg,full-body clothes,308,156,275,119,430,122
7806,img/img_00048060.jpg,full-body clothes,174,77,204,127,426,252
7807,img/img_00048061.jpg,full-body clothes,311,136,170,34,387,76
7808,img/img_00048076.jpg,upper-body clothes,75,248,248,0,75,0
7809,img/img_00048087.jpg,full-body clothes,306,39,201,162,363,57
7810,img/img_00048091.jpg,full-body clothes,438,257,322,65,473,35
7811,img/img_00048093.jpg,full-body clothes,452,363,363,0,452,0
7812,img/img_00048096.jpg,full-body clothes,140,104,139,35,232,92
7813,img/img_00048109.jpg,upper-body clothes,352,330,350,20,417,65
7814,img/img_00048113.jpg,full-body clothes,333,247,270,23,402,69
7815,img/img_00048121.jpg,full-body clothes,271,147,262,115,295,24
7816,img/img_00048122.jpg,full-body clothes,283,62,235,173,302,19
7817,img/img_00048124.jpg,full-body clothes,356,203,249,46,378,22
7818,img/img_00048138.jpg,upper-body clothes,152,373,373,0,152,0
7819,img/img_00048142.jpg,upper-body clothes,315,247,263,16,410,95
7820,img/img_00048144.jpg,upper-body clothes,68,289,289,0,68,0
7821,img/img_00048145.jpg,full-body clothes,310,258,258,0,310,0
7822,img/img_00048159.jpg,full-body clothes,150,304,304,0,150,0
7823,img/img_00048161.jpg,full-body clothes,215,280,280,0,215,0
7824,img/img_00048181.jpg,full-body clothes,485,274,335,61,488,3
7825,img/img_00048183.jpg,full-body clothes,169,292,292,0,169,0
7826,img/img_00048187.jpg,lower-body clothes,144,61,219,158,363,219
7827,img/img_00048188.jpg,lower-body clothes,364,107,253,146,383,19
7828,img/img_00048191.jpg,lower-body clothes,262,282,355,73,263,1
7829,img/img_00048202.jpg,lower-body clothes,175,168,315,147,313,138
7830,img/img_00048204.jpg,full-body clothes,341,173,258,85,473,132
7831,img/img_00048219.jpg,full-body clothes,189,100,243,143,322,133
7832,img/img_00048226.jpg,full-body clothes,458,336,336,0,458,0
7833,img/img_00048228.jpg,full-body clothes,499,370,370,0,499,0
7834,img/img_00048230.jpg,upper-body clothes,332,270,354,84,435,103
7835,img/img_00048232.jpg,upper-body clothes,343,239,239,0,343,0
7836,img/img_00048240.jpg,upper-body clothes,185,83,313,230,340,155
7837,img/img_00048246.jpg,upper-body clothes,107,87,268,181,319,212
7838,img/img_00048273.jpg,full-body clothes,280,94,276,182,459,179
7839,img/img_00048283.jpg,full-body clothes,226,145,213,68,298,72
7840,img/img_00048289.jpg,full-body clothes,295,179,225,46,319,24
7841,img/img_00048291.jpg,full-body clothes,172,100,222,122,249,77
7842,img/img_00048293.jpg,full-body clothes,174,104,207,103,312,138
7843,img/img_00048303.jpg,full-body clothes,198,100,154,54,337,139
7844,img/img_00048308.jpg,full-body clothes,421,463,463,0,421,0
7845,img/img_00048316.jpg,full-body clothes,399,113,211,98,508,109
7846,img/img_00048328.jpg,full-body clothes,444,231,314,83,502,58
7847,img/img_00048360.jpg,full-body clothes,163,100,167,67,240,77
7848,img/img_00048372.jpg,full-body clothes,143,124,212,88,169,26
7849,img/img_00048375.jpg,full-body clothes,237,208,208,0,237,0
7850,img/img_00048377.jpg,full-body clothes,117,98,164,66,178,61
7851,img/img_00048381.jpg,full-body clothes,226,148,225,77,228,2
7852,img/img_00048391.jpg,full-body clothes,459,350,350,0,459,0
7853,img/img_00048413.jpg,full-body clothes,204,121,205,84,258,54
7854,img/img_00048414.jpg,full-body clothes,243,367,367,0,243,0
7855,img/img_00048418.jpg,full-body clothes,113,22,235,213,391,278
7856,img/img_00048419.jpg,full-body clothes,173,69,189,120,390,217
7857,img/img_00048425.jpg,full-body clothes,435,189,288,99,452,17
7858,img/img_00048428.jpg,full-body clothes,232,158,307,149,381,149
7859,img/img_00048434.jpg,lower-body clothes,193,147,281,134,344,151
7860,img/img_00048436.jpg,upper-body clothes,375,289,330,41,379,4
7861,img/img_00048440.jpg,upper-body clothes,159,122,270,148,250,91
7862,img/img_00048442.jpg,upper-body clothes,406,323,329,6,462,56
7863,img/img_00048447.jpg,full-body clothes,314,95,179,84,345,31
7864,img/img_00048456.jpg,upper-body clothes,306,270,287,17,311,5
7865,img/img_00048460.jpg,upper-body clothes,224,177,257,80,229,5
7866,img/img_00048462.jpg,full-body clothes,196,371,371,0,196,0
7867,img/img_00048463.jpg,full-body clothes,406,290,323,33,420,14
7868,img/img_00048466.jpg,upper-body clothes,265,289,289,0,265,0
7869,img/img_00048477.jpg,full-body clothes,404,138,252,114,503,99
7870,img/img_00048480.jpg,full-body clothes,341,231,231,0,341,0
7871,img/img_00048481.jpg,full-body clothes,314,129,255,126,422,108
7872,img/img_00048493.jpg,full-body clothes,195,140,241,101,276,81
7873,img/img_00048503.jpg,lower-body clothes,472,401,412,11,491,19
7874,img/img_00048513.jpg,lower-body clothes,343,287,287,0,343,0
7875,img/img_00048516.jpg,upper-body clothes,460,242,242,0,460,0
7876,img/img_00048525.jpg,full-body clothes,243,246,246,0,243,0
7877,img/img_00048527.jpg,full-body clothes,154,145,205,60,337,183
7878,img/img_00048531.jpg,full-body clothes,317,240,282,42,388,71
7879,img/img_00048541.jpg,lower-body clothes,225,123,310,187,247,22
7880,img/img_00048548.jpg,upper-body clothes,422,254,317,63,427,5
7881,img/img_00048563.jpg,lower-body clothes,79,90,239,149,189,110
7882,img/img_00048570.jpg,full-body clothes,380,206,282,76,454,74
7883,img/img_00048575.jpg,full-body clothes,183,82,116,34,278,95
7884,img/img_00048578.jpg,full-body clothes,164,35,141,106,212,48
7885,img/img_00048589.jpg,full-body clothes,381,211,315,104,503,122
7886,img/img_00048616.jpg,full-body clothes,103,20,143,123,258,155
7887,img/img_00048620.jpg,full-body clothes,141,101,232,131,288,147
7888,img/img_00048629.jpg,full-body clothes,233,106,196,90,355,122
7889,img/img_00048635.jpg,full-body clothes,292,357,357,0,292,0
7890,img/img_00048649.jpg,full-body clothes,146,79,212,133,291,145
7891,img/img_00048652.jpg,full-body clothes,283,281,281,0,283,0
7892,img/img_00048662.jpg,full-body clothes,408,335,335,0,408,0
7893,img/img_00048695.jpg,lower-body clothes,267,76,185,109,323,56
7894,img/img_00048705.jpg,full-body clothes,128,83,123,40,264,136
7895,img/img_00048729.jpg,full-body clothes,228,136,193,57,234,6
7896,img/img_00048731.jpg,full-body clothes,346,188,344,156,356,10
7897,img/img_00048735.jpg,full-body clothes,296,217,249,32,315,19
7898,img/img_00048739.jpg,full-body clothes,119,70,167,97,229,110
7899,img/img_00048740.jpg,full-body clothes,130,169,190,21,192,62
7900,img/img_00048747.jpg,full-body clothes,309,225,225,0,309,0
7901,img/img_00048753.jpg,lower-body clothes,413,332,332,0,413,0
7902,img/img_00048756.jpg,lower-body clothes,254,352,352,0,254,0
7903,img/img_00048757.jpg,lower-body clothes,252,361,361,0,252,0
7904,img/img_00048763.jpg,lower-body clothes,192,203,327,124,235,43
7905,img/img_00048765.jpg,lower-body clothes,433,301,301,0,433,0
7906,img/img_00048766.jpg,lower-body clothes,227,57,259,202,344,117
7907,img/img_00048767.jpg,lower-body clothes,333,364,366,2,420,87
7908,img/img_00048771.jpg,lower-body clothes,272,220,306,86,454,182
7909,img/img_00048778.jpg,full-body clothes,286,173,300,127,443,157
7910,img/img_00048790.jpg,full-body clothes,316,229,270,41,479,163
7911,img/img_00048793.jpg,full-body clothes,216,326,326,0,216,0
7912,img/img_00048795.jpg,full-body clothes,107,56,165,109,245,138
7913,img/img_00048797.jpg,full-body clothes,124,78,178,100,262,138
7914,img/img_00048801.jpg,full-body clothes,241,188,188,0,241,0
7915,img/img_00048806.jpg,full-body clothes,212,127,195,68,326,114
7916,img/img_00048811.jpg,full-body clothes,399,280,330,50,426,27
7917,img/img_00048837.jpg,upper-body clothes,7,131,131,0,7,0
7918,img/img_00048861.jpg,upper-body clothes,434,286,286,0,434,0
7919,img/img_00048871.jpg,upper-body clothes,323,320,355,35,438,115
7920,img/img_00048885.jpg,full-body clothes,369,247,296,49,454,85
7921,img/img_00048896.jpg,upper-body clothes,5,233,233,0,5,0
7922,img/img_00048899.jpg,upper-body clothes,223,209,209,0,223,0
7923,img/img_00048912.jpg,full-body clothes,466,289,317,28,490,24
7924,img/img_00048922.jpg,full-body clothes,336,344,344,0,336,0
7925,img/img_00048923.jpg,full-body clothes,281,151,189,38,320,39
7926,img/img_00048924.jpg,full-body clothes,497,258,258,0,497,0
7927,img/img_00048932.jpg,full-body clothes,336,167,291,124,352,16
7928,img/img_00048938.jpg,full-body clothes,257,146,179,33,418,161
7929,img/img_00048953.jpg,full-body clothes,486,255,255,0,486,0
7930,img/img_00048954.jpg,full-body clothes,394,212,264,52,422,28
7931,img/img_00048979.jpg,upper-body clothes,312,395,395,0,312,0
7932,img/img_00048995.jpg,full-body clothes,355,214,298,84,444,89
7933,img/img_00049009.jpg,upper-body clothes,213,56,184,128,436,223
7934,img/img_00049010.jpg,upper-body clothes,195,389,389,0,195,0
7935,img/img_00049015.jpg,upper-body clothes,360,359,373,14,434,74
7936,img/img_00049020.jpg,lower-body clothes,347,116,236,120,375,28
7937,img/img_00049022.jpg,lower-body clothes,359,123,220,97,381,22
7938,img/img_00049031.jpg,full-body clothes,416,206,269,63,438,22
7939,img/img_00049033.jpg,full-body clothes,229,320,320,0,229,0
7940,img/img_00049040.jpg,full-body clothes,235,92,176,84,390,155
7941,img/img_00049042.jpg,upper-body clothes,392,259,349,90,408,16
7942,img/img_00049048.jpg,full-body clothes,123,55,225,170,129,6
7943,img/img_00049052.jpg,full-body clothes,329,151,244,93,512,183
7944,img/img_00049053.jpg,full-body clothes,238,349,349,0,238,0
7945,img/img_00049059.jpg,full-body clothes,204,260,260,0,204,0
7946,img/img_00049063.jpg,lower-body clothes,279,320,331,11,415,136
7947,img/img_00049064.jpg,lower-body clothes,81,66,184,118,251,170
7948,img/img_00049066.jpg,lower-body clothes,355,192,192,0,355,0
7949,img/img_00049073.jpg,full-body clothes,482,309,367,58,497,15
7950,img/img_00049086.jpg,full-body clothes,207,107,200,93,358,151
7951,img/img_00049098.jpg,full-body clothes,298,146,235,89,454,156
7952,img/img_00049105.jpg,full-body clothes,281,409,409,0,281,0
7953,img/img_00049106.jpg,full-body clothes,335,259,378,119,434,99
7954,img/img_00049114.jpg,full-body clothes,228,319,319,0,228,0
7955,img/img_00049126.jpg,full-body clothes,215,78,160,82,428,213
7956,img/img_00049128.jpg,full-body clothes,166,90,200,110,321,155
7957,img/img_00049129.jpg,full-body clothes,349,226,226,0,349,0
7958,img/img_00049133.jpg,full-body clothes,319,368,373,5,398,79
7959,img/img_00049139.jpg,full-body clothes,460,296,337,41,471,11
7960,img/img_00049156.jpg,lower-body clothes,205,151,295,144,474,269
7961,img/img_00049160.jpg,upper-body clothes,319,232,315,83,408,89
7962,img/img_00049199.jpg,lower-body clothes,316,272,287,15,355,39
7963,img/img_00049202.jpg,lower-body clothes,476,376,376,0,476,0
7964,img/img_00049207.jpg,lower-body clothes,14,269,269,0,14,0
7965,img/img_00049208.jpg,upper-body clothes,303,238,295,57,489,186
7966,img/img_00049218.jpg,upper-body clothes,338,280,280,0,338,0
7967,img/img_00049239.jpg,upper-body clothes,400,354,354,0,400,0
7968,img/img_00049241.jpg,upper-body clothes,312,292,331,39,500,188
7969,img/img_00049246.jpg,full-body clothes,500,306,306,0,500,0
7970,img/img_00049249.jpg,full-body clothes,414,318,318,0,414,0
7971,img/img_00049251.jpg,full-body clothes,320,250,345,95,482,162
7972,img/img_00049253.jpg,full-body clothes,442,352,352,0,442,0
7973,img/img_00049255.jpg,full-body clothes,439,261,339,78,454,15
7974,img/img_00049256.jpg,full-body clothes,445,353,353,0,445,0
7975,img/img_00049261.jpg,full-body clothes,388,244,274,30,496,108
7976,img/img_00049268.jpg,full-body clothes,418,344,344,0,418,0
7977,img/img_00049269.jpg,full-body clothes,414,268,268,0,414,0
7978,img/img_00049273.jpg,full-body clothes,472,278,278,0,472,0
7979,img/img_00049285.jpg,upper-body clothes,335,283,317,34,348,13
7980,img/img_00049286.jpg,upper-body clothes,469,369,369,0,469,0
7981,img/img_00049287.jpg,full-body clothes,439,323,378,55,473,34
7982,img/img_00049293.jpg,upper-body clothes,282,248,323,75,361,79
7983,img/img_00049298.jpg,lower-body clothes,383,357,372,15,450,67
7984,img/img_00049304.jpg,full-body clothes,464,275,275,0,464,0
7985,img/img_00049330.jpg,full-body clothes,467,352,365,13,504,37
7986,img/img_00049333.jpg,full-body clothes,272,147,230,83,414,142
7987,img/img_00049336.jpg,full-body clothes,133,71,241,170,326,193
7988,img/img_00049341.jpg,full-body clothes,248,335,335,0,248,0
7989,img/img_00049346.jpg,full-body clothes,219,108,198,90,342,123
7990,img/img_00049351.jpg,full-body clothes,444,221,335,114,450,6
7991,img/img_00049356.jpg,full-body clothes,160,102,272,170,258,98
7992,img/img_00049363.jpg,upper-body clothes,401,234,239,5,438,37
7993,img/img_00049366.jpg,full-body clothes,86,46,252,206,239,153
7994,img/img_00049382.jpg,upper-body clothes,302,198,289,91,477,175
7995,img/img_00049398.jpg,upper-body clothes,485,364,378,14,497,12
7996,img/img_00049399.jpg,upper-body clothes,184,309,309,0,184,0
7997,img/img_00049407.jpg,lower-body clothes,18,367,367,0,18,0
7998,img/img_00049409.jpg,full-body clothes,147,94,259,165,357,210
7999,img/img_00049416.jpg,full-body clothes,295,321,321,0,295,0
8000,img/img_00049419.jpg,full-body clothes,486,322,322,0,486,0
8001,img/img_00049421.jpg,full-body clothes,315,176,281,105,467,152
8002,img/img_00049429.jpg,full-body clothes,476,332,345,13,488,12
8003,img/img_00049430.jpg,full-body clothes,186,214,218,4,307,121
8004,img/img_00049434.jpg,full-body clothes,316,178,280,102,465,149
8005,img/img_00049435.jpg,full-body clothes,74,42,273,231,174,100
8006,img/img_00049436.jpg,full-body clothes,66,34,342,308,160,94
8007,img/img_00049443.jpg,upper-body clothes,285,260,298,38,433,148
8008,img/img_00049446.jpg,upper-body clothes,416,331,331,0,416,0
8009,img/img_00049452.jpg,upper-body clothes,421,332,332,0,421,0
8010,img/img_00049455.jpg,upper-body clothes,386,311,338,27,394,8
8011,img/img_00049461.jpg,full-body clothes,356,211,277,66,379,23
8012,img/img_00049472.jpg,full-body clothes,482,378,378,0,482,0
8013,img/img_00049479.jpg,full-body clothes,253,376,376,0,253,0
8014,img/img_00049498.jpg,upper-body clothes,445,328,328,0,445,0
8015,img/img_00049508.jpg,full-body clothes,288,69,224,155,302,14
8016,img/img_00049512.jpg,full-body clothes,380,191,261,70,448,68
8017,img/img_00049532.jpg,full-body clothes,414,242,339,97,430,16
8018,img/img_00049536.jpg,full-body clothes,194,280,280,0,194,0
8019,img/img_00049540.jpg,full-body clothes,482,220,292,72,496,14
8020,img/img_00049541.jpg,full-body clothes,449,243,296,53,456,7
8021,img/img_00049544.jpg,full-body clothes,327,236,293,57,465,138
8022,img/img_00049547.jpg,full-body clothes,341,293,293,0,341,0
8023,img/img_00049552.jpg,full-body clothes,193,89,163,74,217,24
8024,img/img_00049557.jpg,full-body clothes,261,371,371,0,261,0
8025,img/img_00049560.jpg,full-body clothes,227,125,169,44,370,143
8026,img/img_00049563.jpg,full-body clothes,266,192,283,91,380,114
8027,img/img_00049570.jpg,full-body clothes,213,331,331,0,213,0
8028,img/img_00049587.jpg,full-body clothes,386,237,287,50,451,65
8029,img/img_00049590.jpg,full-body clothes,249,121,233,112,346,97
8030,img/img_00049593.jpg,full-body clothes,305,378,378,0,305,0
8031,img/img_00049608.jpg,full-body clothes,242,413,413,0,242,0
8032,img/img_00049613.jpg,full-body clothes,504,356,356,0,504,0
8033,img/img_00049623.jpg,full-body clothes,295,243,316,73,438,143
8034,img/img_00049634.jpg,lower-body clothes,417,154,205,51,422,5
8035,img/img_00049647.jpg,upper-body clothes,331,275,283,8,407,76
8036,img/img_00049652.jpg,upper-body clothes,402,289,337,48,416,14
8037,img/img_00049655.jpg,upper-body clothes,486,360,360,0,486,0
8038,img/img_00049658.jpg,upper-body clothes,421,298,303,5,474,53
8039,img/img_00049659.jpg,upper-body clothes,70,307,307,0,70,0
8040,img/img_00049683.jpg,lower-body clothes,117,113,216,103,296,179
8041,img/img_00049690.jpg,full-body clothes,306,207,273,66,447,141
8042,img/img_00049692.jpg,full-body clothes,370,269,291,22,504,134
8043,img/img_00049708.jpg,full-body clothes,164,103,165,62,308,144
8044,img/img_00049712.jpg,lower-body clothes,434,300,300,0,434,0
8045,img/img_00049720.jpg,full-body clothes,432,264,264,0,432,0
8046,img/img_00049729.jpg,full-body clothes,173,305,305,0,173,0
8047,img/img_00049731.jpg,full-body clothes,289,305,305,0,289,0
8048,img/img_00049732.jpg,full-body clothes,299,134,268,134,322,23
8049,img/img_00049738.jpg,lower-body clothes,231,166,166,0,231,0
8050,img/img_00049746.jpg,full-body clothes,343,162,260,98,484,141
8051,img/img_00049760.jpg,upper-body clothes,270,250,250,0,270,0
8052,img/img_00049761.jpg,upper-body clothes,275,223,250,27,417,142
8053,img/img_00049765.jpg,full-body clothes,89,61,263,202,347,258
8054,img/img_00049766.jpg,full-body clothes,283,259,454,195,329,46
8055,img/img_00049776.jpg,full-body clothes,318,175,253,78,354,36
8056,img/img_00049783.jpg,full-body clothes,368,253,316,63,406,38
8057,img/img_00049801.jpg,full-body clothes,277,126,221,95,488,211
8058,img/img_00049805.jpg,full-body clothes,361,281,350,69,379,18
8059,img/img_00049816.jpg,full-body clothes,193,131,273,142,323,130
8060,img/img_00049828.jpg,lower-body clothes,187,104,283,179,295,108
8061,img/img_00049835.jpg,upper-body clothes,381,168,168,0,381,0
8062,img/img_00049838.jpg,upper-body clothes,453,347,347,0,453,0
8063,img/img_00049846.jpg,upper-body clothes,457,378,378,0,457,0
8064,img/img_00049852.jpg,upper-body clothes,460,271,271,0,460,0
8065,img/img_00049855.jpg,full-body clothes,439,331,377,46,472,33
8066,img/img_00049872.jpg,full-body clothes,487,340,340,0,487,0
8067,img/img_00049873.jpg,full-body clothes,328,111,242,131,392,64
8068,img/img_00049892.jpg,full-body clothes,337,239,264,25,343,6
8069,img/img_00049893.jpg,full-body clothes,185,120,141,21,255,70
8070,img/img_00049902.jpg,full-body clothes,391,193,279,86,398,7
8071,img/img_00049904.jpg,full-body clothes,362,211,248,37,370,8
8072,img/img_00049906.jpg,full-body clothes,436,187,187,0,436,0
8073,img/img_00049916.jpg,full-body clothes,318,145,266,121,343,25
8074,img/img_00049917.jpg,full-body clothes,385,373,373,0,385,0
8075,img/img_00049918.jpg,full-body clothes,476,368,368,0,476,0
8076,img/img_00049930.jpg,full-body clothes,480,257,357,100,499,19
8077,img/img_00049931.jpg,full-body clothes,314,150,281,131,438,124
8078,img/img_00049934.jpg,full-body clothes,424,313,373,60,436,12
8079,img/img_00049937.jpg,full-body clothes,99,65,183,118,224,125
8080,img/img_00049957.jpg,full-body clothes,474,235,326,91,482,8
8081,img/img_00049966.jpg,full-body clothes,323,201,253,52,452,129
8082,img/img_00049974.jpg,full-body clothes,339,190,196,6,350,11
8083,img/img_00049984.jpg,full-body clothes,331,164,269,105,362,31
8084,img/img_00049989.jpg,full-body clothes,263,136,252,116,409,146
8085,img/img_00049991.jpg,full-body clothes,407,329,349,20,457,50
8086,img/img_00050000.jpg,full-body clothes,493,293,293,0,493,0
8087,img/img_00050008.jpg,upper-body clothes,33,193,193,0,33,0
8088,img/img_00050010.jpg,full-body clothes,443,276,340,64,464,21
8089,img/img_00050011.jpg,full-body clothes,366,214,267,53,403,37
8090,img/img_00050019.jpg,upper-body clothes,153,153,271,118,272,119
8091,img/img_00050020.jpg,upper-body clothes,462,369,369,0,462,0
8092,img/img_00050027.jpg,upper-body clothes,403,265,286,21,452,49
8093,img/img_00050041.jpg,full-body clothes,138,50,164,114,427,289
8094,img/img_00050042.jpg,upper-body clothes,395,216,270,54,441,46
8095,img/img_00050046.jpg,upper-body clothes,432,260,260,0,432,0
8096,img/img_00050052.jpg,full-body clothes,169,114,198,84,289,120
8097,img/img_00050054.jpg,full-body clothes,190,109,197,88,285,95
8098,img/img_00050068.jpg,upper-body clothes,384,283,310,27,435,51
8099,img/img_00050069.jpg,upper-body clothes,423,266,266,0,423,0
8100,img/img_00050075.jpg,upper-body clothes,176,190,373,183,280,104
8101,img/img_00050084.jpg,full-body clothes,309,206,286,80,450,141
8102,img/img_00050092.jpg,full-body clothes,446,335,335,0,446,0
8103,img/img_00050099.jpg,full-body clothes,210,154,202,48,346,136
8104,img/img_00050105.jpg,full-body clothes,197,130,232,102,303,106
8105,img/img_00050107.jpg,full-body clothes,166,130,252,122,317,151
8106,img/img_00050116.jpg,full-body clothes,364,107,240,133,453,89
8107,img/img_00050119.jpg,lower-body clothes,332,186,269,83,428,96
8108,img/img_00050137.jpg,lower-body clothes,28,288,288,0,28,0
8109,img/img_00050142.jpg,full-body clothes,346,184,270,86,487,141
8110,img/img_00050146.jpg,full-body clothes,260,280,280,0,260,0
8111,img/img_00050149.jpg,full-body clothes,440,269,269,0,440,0
8112,img/img_00050153.jpg,full-body clothes,426,302,335,33,474,48
8113,img/img_00050166.jpg,full-body clothes,357,124,246,122,361,4
8114,img/img_00050167.jpg,full-body clothes,426,461,461,0,426,0
8115,img/img_00050176.jpg,full-body clothes,396,376,376,0,396,0
8116,img/img_00050180.jpg,full-body clothes,150,87,420,333,266,116
8117,img/img_00050182.jpg,full-body clothes,178,94,222,128,348,170
8118,img/img_00050188.jpg,full-body clothes,240,254,254,0,240,0
8119,img/img_00050203.jpg,full-body clothes,341,233,289,56,476,135
8120,img/img_00050207.jpg,full-body clothes,219,381,381,0,219,0
8121,img/img_00050208.jpg,full-body clothes,260,376,376,0,260,0
8122,img/img_00050213.jpg,full-body clothes,356,234,299,65,376,20
8123,img/img_00050218.jpg,lower-body clothes,133,115,263,148,372,239
8124,img/img_00050219.jpg,lower-body clothes,359,227,263,36,403,44
8125,img/img_00050222.jpg,full-body clothes,477,234,234,0,477,0
8126,img/img_00050223.jpg,lower-body clothes,430,215,215,0,430,0
8127,img/img_00050224.jpg,lower-body clothes,318,118,256,138,418,100
8128,img/img_00050237.jpg,lower-body clothes,445,72,184,112,457,12
8129,img/img_00050238.jpg,lower-body clothes,480,267,267,0,480,0
8130,img/img_00050244.jpg,full-body clothes,162,58,196,138,276,114
8131,img/img_00050247.jpg,full-body clothes,243,107,240,133,349,106
8132,img/img_00050255.jpg,full-body clothes,342,213,286,73,413,71
8133,img/img_00050261.jpg,full-body clothes,291,152,227,75,416,125
8134,img/img_00050269.jpg,full-body clothes,246,376,376,0,246,0
8135,img/img_00050275.jpg,full-body clothes,370,239,303,64,465,95
8136,img/img_00050287.jpg,full-body clothes,260,101,198,97,377,117
8137,img/img_00050292.jpg,full-body clothes,226,128,221,93,350,124
8138,img/img_00050318.jpg,full-body clothes,263,176,206,30,274,11
8139,img/img_00050324.jpg,full-body clothes,155,103,255,152,328,173
8140,img/img_00050333.jpg,full-body clothes,339,108,289,181,459,120
8141,img/img_00050346.jpg,upper-body clothes,201,124,227,103,294,93
8142,img/img_00050355.jpg,full-body clothes,370,162,251,89,435,65
8143,img/img_00050367.jpg,full-body clothes,235,342,342,0,235,0
8144,img/img_00050375.jpg,full-body clothes,165,83,282,199,291,126
8145,img/img_00050407.jpg,full-body clothes,186,88,242,154,309,123
8146,img/img_00050412.jpg,full-body clothes,506,349,349,0,506,0
8147,img/img_00050414.jpg,full-body clothes,411,158,286,128,450,39
8148,img/img_00050419.jpg,full-body clothes,476,325,325,0,476,0
8149,img/img_00050421.jpg,full-body clothes,235,105,235,130,352,117
8150,img/img_00050433.jpg,lower-body clothes,314,201,284,83,384,70
8151,img/img_00050437.jpg,full-body clothes,385,215,310,95,485,100
8152,img/img_00050446.jpg,upper-body clothes,472,202,202,0,472,0
8153,img/img_00050458.jpg,full-body clothes,343,125,210,85,431,88
8154,img/img_00050459.jpg,full-body clothes,458,233,233,0,458,0
8155,img/img_00050461.jpg,full-body clothes,477,270,308,38,487,10
8156,img/img_00050464.jpg,lower-body clothes,206,84,208,124,401,195
8157,img/img_00050465.jpg,lower-body clothes,305,249,261,12,484,179
8158,img/img_00050466.jpg,lower-body clothes,369,218,296,78,429,60
8159,img/img_00050468.jpg,full-body clothes,169,96,144,48,181,12
8160,img/img_00050469.jpg,full-body clothes,135,73,148,75,147,12
8161,img/img_00050470.jpg,full-body clothes,83,56,146,90,153,70
8162,img/img_00050474.jpg,full-body clothes,463,372,372,0,463,0
8163,img/img_00050482.jpg,full-body clothes,148,98,214,116,296,148
8164,img/img_00050490.jpg,full-body clothes,334,88,209,121,427,93
8165,img/img_00050511.jpg,upper-body clothes,236,176,314,138,341,105
8166,img/img_00050525.jpg,full-body clothes,333,186,280,94,421,88
8167,img/img_00050526.jpg,full-body clothes,493,242,340,98,504,11
8168,img/img_00050530.jpg,lower-body clothes,265,203,272,69,371,106
8169,img/img_00050533.jpg,lower-body clothes,89,259,259,0,89,0
8170,img/img_00050540.jpg,lower-body clothes,116,18,185,167,289,173
8171,img/img_00050542.jpg,lower-body clothes,269,376,376,0,269,0
8172,img/img_00050565.jpg,full-body clothes,398,291,316,25,459,61
8173,img/img_00050572.jpg,full-body clothes,232,132,246,114,253,21
8174,img/img_00050576.jpg,full-body clothes,230,116,245,129,335,105
8175,img/img_00050577.jpg,full-body clothes,440,344,344,0,440,0
8176,img/img_00050578.jpg,full-body clothes,452,299,377,78,462,10
8177,img/img_00050579.jpg,full-body clothes,438,307,376,69,448,10
8178,img/img_00050581.jpg,upper-body clothes,254,171,270,99,268,14
8179,img/img_00050595.jpg,full-body clothes,218,130,251,121,320,102
8180,img/img_00050603.jpg,full-body clothes,408,266,334,68,464,56
8181,img/img_00050610.jpg,full-body clothes,420,368,368,0,420,0
8182,img/img_00050613.jpg,full-body clothes,500,370,370,0,500,0
8183,img/img_00050614.jpg,full-body clothes,363,311,341,30,416,53
8184,img/img_00050620.jpg,full-body clothes,217,132,249,117,328,111
8185,img/img_00050660.jpg,lower-body clothes,241,206,255,49,458,217
8186,img/img_00050666.jpg,lower-body clothes,291,172,318,146,331,40
8187,img/img_00050668.jpg,lower-body clothes,231,204,335,131,513,282
8188,img/img_00050671.jpg,lower-body clothes,399,262,324,62,491,92
8189,img/img_00050674.jpg,lower-body clothes,188,143,299,156,358,170
8190,img/img_00050688.jpg,full-body clothes,458,196,329,133,471,13
8191,img/img_00050694.jpg,full-body clothes,261,328,328,0,261,0
8192,img/img_00050701.jpg,upper-body clothes,411,321,332,11,427,16
8193,img/img_00050706.jpg,upper-body clothes,278,231,244,13,461,183
8194,img/img_00050718.jpg,upper-body clothes,182,226,226,0,182,0
8195,img/img_00050719.jpg,lower-body clothes,238,167,247,80,257,19
8196,img/img_00050727.jpg,full-body clothes,491,303,303,0,491,0
8197,img/img_00050729.jpg,full-body clothes,421,341,341,0,421,0
8198,img/img_00050736.jpg,full-body clothes,476,323,323,0,476,0
8199,img/img_00050737.jpg,full-body clothes,428,295,295,0,428,0
8200,img/img_00050738.jpg,full-body clothes,259,147,196,49,384,125
8201,img/img_00050755.jpg,upper-body clothes,291,224,334,110,342,51
8202,img/img_00050756.jpg,upper-body clothes,327,283,316,33,348,21
8203,img/img_00050762.jpg,lower-body clothes,347,423,423,0,347,0
8204,img/img_00050769.jpg,full-body clothes,109,37,239,202,374,265
8205,img/img_00050775.jpg,full-body clothes,439,310,361,51,449,10
8206,img/img_00050781.jpg,full-body clothes,386,303,363,60,433,47
8207,img/img_00050783.jpg,full-body clothes,133,103,171,68,284,151
8208,img/img_00050797.jpg,full-body clothes,207,79,218,139,450,243
8209,img/img_00050802.jpg,full-body clothes,216,359,359,0,216,0
8210,img/img_00050805.jpg,upper-body clothes,371,294,330,36,398,27
8211,img/img_00050811.jpg,full-body clothes,307,196,280,84,435,128
8212,img/img_00050818.jpg,full-body clothes,227,162,220,58,303,76
8213,img/img_00050826.jpg,full-body clothes,384,229,229,0,384,0
8214,img/img_00050830.jpg,full-body clothes,297,133,213,80,377,80
8215,img/img_00050843.jpg,upper-body clothes,260,189,369,180,403,143
8216,img/img_00050847.jpg,upper-body clothes,387,302,324,22,414,27
8217,img/img_00050854.jpg,full-body clothes,320,97,204,107,481,161
8218,img/img_00050856.jpg,full-body clothes,342,230,241,11,477,135
8219,img/img_00050858.jpg,full-body clothes,340,288,288,0,340,0
8220,img/img_00050864.jpg,full-body clothes,325,117,246,129,353,28
8221,img/img_00050866.jpg,full-body clothes,299,190,270,80,405,106
8222,img/img_00050869.jpg,full-body clothes,466,268,268,0,466,0
8223,img/img_00050874.jpg,full-body clothes,375,208,254,46,433,58
8224,img/img_00050880.jpg,full-body clothes,335,117,253,136,414,79
8225,img/img_00050885.jpg,full-body clothes,332,131,229,98,465,133
8226,img/img_00050887.jpg,full-body clothes,189,102,210,108,297,108
8227,img/img_00050899.jpg,full-body clothes,223,363,363,0,223,0
8228,img/img_00050906.jpg,full-body clothes,508,328,328,0,508,0
8229,img/img_00050912.jpg,full-body clothes,348,268,283,15,379,31
8230,img/img_00050918.jpg,full-body clothes,504,285,285,0,504,0
8231,img/img_00050919.jpg,full-body clothes,98,48,196,148,276,178
8232,img/img_00050920.jpg,full-body clothes,342,250,284,34,491,149
8233,img/img_00050925.jpg,full-body clothes,419,180,202,22,437,18
8234,img/img_00050933.jpg,full-body clothes,176,54,260,206,398,222
8235,img/img_00050955.jpg,full-body clothes,128,52,208,156,313,185
8236,img/img_00050964.jpg,full-body clothes,158,60,261,201,338,180
8237,img/img_00050972.jpg,full-body clothes,402,311,344,33,468,66
8238,img/img_00050973.jpg,full-body clothes,371,182,293,111,430,59
8239,img/img_00050985.jpg,full-body clothes,288,138,242,104,404,116
8240,img/img_00050993.jpg,full-body clothes,295,181,226,45,337,42
8241,img/img_00050996.jpg,full-body clothes,357,184,263,79,492,135
8242,img/img_00051004.jpg,upper-body clothes,316,283,294,11,375,59
8243,img/img_00051011.jpg,upper-body clothes,217,232,271,39,232,15
8244,img/img_00051012.jpg,upper-body clothes,393,278,278,0,393,0
8245,img/img_00051014.jpg,full-body clothes,437,376,376,0,437,0
8246,img/img_00051015.jpg,full-body clothes,215,270,270,0,215,0
8247,img/img_00051016.jpg,full-body clothes,496,339,339,0,496,0
8248,img/img_00051025.jpg,full-body clothes,355,207,275,68,404,49
8249,img/img_00051028.jpg,lower-body clothes,365,200,326,126,399,34
8250,img/img_00051039.jpg,full-body clothes,212,172,261,89,303,91
8251,img/img_00051044.jpg,full-body clothes,432,332,353,21,455,23
8252,img/img_00051049.jpg,full-body clothes,222,137,239,102,322,100
8253,img/img_00051051.jpg,full-body clothes,358,276,317,41,399,41
8254,img/img_00051054.jpg,full-body clothes,162,86,201,115,256,94
8255,img/img_00051061.jpg,full-body clothes,419,272,334,62,492,73
8256,img/img_00051076.jpg,full-body clothes,232,149,216,67,235,3
8257,img/img_00051078.jpg,full-body clothes,199,184,199,15,219,20
8258,img/img_00051086.jpg,full-body clothes,259,127,202,75,276,17
8259,img/img_00051088.jpg,full-body clothes,244,295,295,0,244,0
8260,img/img_00051096.jpg,full-body clothes,216,103,194,91,295,79
8261,img/img_00051110.jpg,full-body clothes,376,141,270,129,380,4
8262,img/img_00051111.jpg,full-body clothes,381,86,224,138,470,89
8263,img/img_00051114.jpg,full-body clothes,399,243,270,27,486,87
8264,img/img_00051120.jpg,full-body clothes,409,182,228,46,431,22
8265,img/img_00051123.jpg,upper-body clothes,285,202,277,75,446,161
8266,img/img_00051128.jpg,full-body clothes,152,94,245,151,296,144
8267,img/img_00051130.jpg,full-body clothes,451,373,373,0,451,0
8268,img/img_00051136.jpg,full-body clothes,422,268,268,0,422,0
8269,img/img_00051149.jpg,full-body clothes,408,277,331,54,422,14
8270,img/img_00051153.jpg,full-body clothes,504,367,367,0,504,0
8271,img/img_00051155.jpg,full-body clothes,257,309,309,0,257,0
8272,img/img_00051168.jpg,full-body clothes,130,81,174,93,236,106
8273,img/img_00051170.jpg,full-body clothes,218,118,215,97,331,113
8274,img/img_00051177.jpg,full-body clothes,223,123,221,98,234,11
8275,img/img_00051184.jpg,full-body clothes,323,159,159,0,323,0
8276,img/img_00051186.jpg,full-body clothes,360,188,293,105,367,7
8277,img/img_00051204.jpg,full-body clothes,204,158,231,73,394,190
8278,img/img_00051218.jpg,lower-body clothes,446,381,381,0,446,0
8279,img/img_00051229.jpg,lower-body clothes,398,165,165,0,398,0
8280,img/img_00051232.jpg,lower-body clothes,294,187,298,111,362,68
8281,img/img_00051240.jpg,upper-body clothes,384,330,345,15,407,23
8282,img/img_00051247.jpg,full-body clothes,494,219,219,0,494,0
8283,img/img_00051252.jpg,full-body clothes,509,377,377,0,509,0
8284,img/img_00051254.jpg,upper-body clothes,406,295,312,17,409,3
8285,img/img_00051267.jpg,full-body clothes,360,221,321,100,401,41
8286,img/img_00051270.jpg,full-body clothes,289,266,266,0,289,0
8287,img/img_00051272.jpg,lower-body clothes,221,152,237,85,252,31
8288,img/img_00051274.jpg,lower-body clothes,179,150,272,122,431,252
8289,img/img_00051287.jpg,full-body clothes,509,313,313,0,509,0
8290,img/img_00051289.jpg,upper-body clothes,336,284,307,23,342,6
8291,img/img_00051292.jpg,upper-body clothes,503,325,325,0,503,0
8292,img/img_00051299.jpg,lower-body clothes,366,130,255,125,394,28
8293,img/img_00051300.jpg,lower-body clothes,301,166,247,81,350,49
8294,img/img_00051301.jpg,upper-body clothes,335,286,312,26,496,161
8295,img/img_00051311.jpg,upper-body clothes,307,262,298,36,321,14
8296,img/img_00051314.jpg,full-body clothes,393,353,353,0,393,0
8297,img/img_00051319.jpg,full-body clothes,211,108,248,140,353,142
8298,img/img_00051327.jpg,full-body clothes,470,333,348,15,506,36
8299,img/img_00051331.jpg,full-body clothes,140,80,229,149,311,171
8300,img/img_00051344.jpg,upper-body clothes,288,226,342,116,409,121
8301,img/img_00051350.jpg,upper-body clothes,357,361,377,16,468,111
8302,img/img_00051359.jpg,full-body clothes,485,199,300,101,495,10
8303,img/img_00051365.jpg,full-body clothes,508,357,375,18,509,1
8304,img/img_00051369.jpg,full-body clothes,304,125,271,146,318,14
8305,img/img_00051395.jpg,lower-body clothes,491,355,355,0,491,0
8306,img/img_00051405.jpg,lower-body clothes,405,338,359,21,493,88
8307,img/img_00051414.jpg,full-body clothes,500,344,344,0,500,0
8308,img/img_00051420.jpg,full-body clothes,344,196,295,99,444,100
8309,img/img_00051427.jpg,upper-body clothes,108,94,171,77,179,71
8310,img/img_00051457.jpg,full-body clothes,326,144,260,116,477,151
8311,img/img_00051460.jpg,lower-body clothes,228,102,201,99,418,190
8312,img/img_00051465.jpg,full-body clothes,334,261,274,13,460,126
8313,img/img_00051467.jpg,lower-body clothes,218,425,486,61,228,10
8314,img/img_00051471.jpg,full-body clothes,296,125,190,65,306,10
8315,img/img_00051488.jpg,full-body clothes,416,183,298,115,444,28
8316,img/img_00051489.jpg,full-body clothes,196,91,238,147,375,179
8317,img/img_00051494.jpg,full-body clothes,357,246,277,31,367,10
8318,img/img_00051500.jpg,full-body clothes,332,165,252,87,467,135
8319,img/img_00051503.jpg,full-body clothes,463,334,334,0,463,0
8320,img/img_00051515.jpg,lower-body clothes,412,358,358,0,412,0
8321,img/img_00051522.jpg,lower-body clothes,141,144,212,68,408,267
8322,img/img_00051534.jpg,full-body clothes,163,79,179,100,255,92
8323,img/img_00051537.jpg,full-body clothes,235,101,193,92,359,124
8324,img/img_00051541.jpg,full-body clothes,273,202,270,68,393,120
8325,img/img_00051543.jpg,full-body clothes,222,115,259,144,351,129
8326,img/img_00051545.jpg,full-body clothes,212,121,193,72,262,50
8327,img/img_00051566.jpg,full-body clothes,270,114,258,144,400,130
8328,img/img_00051571.jpg,full-body clothes,361,168,199,31,366,5
8329,img/img_00051581.jpg,full-body clothes,175,290,290,0,175,0
8330,img/img_00051582.jpg,full-body clothes,466,311,331,20,470,4
8331,img/img_00051588.jpg,upper-body clothes,260,162,162,0,260,0
8332,img/img_00051592.jpg,upper-body clothes,458,328,328,0,458,0
8333,img/img_00051616.jpg,full-body clothes,468,335,335,0,468,0
8334,img/img_00051622.jpg,full-body clothes,319,300,300,0,319,0
8335,img/img_00051624.jpg,lower-body clothes,206,90,175,85,424,218
8336,img/img_00051625.jpg,lower-body clothes,212,61,168,107,442,230
8337,img/img_00051637.jpg,full-body clothes,338,202,314,112,344,6
8338,img/img_00051642.jpg,full-body clothes,153,87,210,123,344,191
8339,img/img_00051647.jpg,full-body clothes,429,245,320,75,460,31
8340,img/img_00051650.jpg,full-body clothes,475,210,290,80,490,15
8341,img/img_00051652.jpg,full-body clothes,264,144,268,124,451,187
8342,img/img_00051655.jpg,full-body clothes,449,247,252,5,460,11
8343,img/img_00051657.jpg,full-body clothes,131,86,194,108,364,233
8344,img/img_00051664.jpg,full-body clothes,426,326,446,120,440,14
8345,img/img_00051665.jpg,full-body clothes,134,120,258,138,307,173
8346,img/img_00051669.jpg,full-body clothes,404,173,263,90,462,58
8347,img/img_00051676.jpg,full-body clothes,326,261,261,0,326,0
8348,img/img_00051700.jpg,full-body clothes,363,187,274,87,476,113
8349,img/img_00051705.jpg,full-body clothes,210,197,197,0,210,0
8350,img/img_00051715.jpg,upper-body clothes,336,233,449,216,349,13
8351,img/img_00051717.jpg,full-body clothes,208,153,209,56,317,109
8352,img/img_00051734.jpg,full-body clothes,487,239,239,0,487,0
8353,img/img_00051739.jpg,full-body clothes,447,301,340,39,513,66
8354,img/img_00051744.jpg,full-body clothes,507,355,355,0,507,0
8355,img/img_00051746.jpg,full-body clothes,459,293,293,0,459,0
8356,img/img_00051762.jpg,full-body clothes,202,278,278,0,202,0
8357,img/img_00051770.jpg,full-body clothes,219,182,228,46,333,114
8358,img/img_00051774.jpg,full-body clothes,233,154,290,136,381,148
8359,img/img_00051776.jpg,full-body clothes,490,376,376,0,490,0
8360,img/img_00051778.jpg,full-body clothes,118,61,218,157,380,262
8361,img/img_00051779.jpg,full-body clothes,396,354,369,15,414,18
8362,img/img_00051783.jpg,full-body clothes,266,117,195,78,385,119
8363,img/img_00051796.jpg,full-body clothes,357,296,296,0,357,0
8364,img/img_00051797.jpg,full-body clothes,406,235,276,41,468,62
8365,img/img_00051803.jpg,full-body clothes,330,254,281,27,472,142
8366,img/img_00051804.jpg,full-body clothes,206,214,326,112,323,117
8367,img/img_00051807.jpg,full-body clothes,137,90,223,133,405,268
8368,img/img_00051819.jpg,upper-body clothes,433,334,334,0,433,0
8369,img/img_00051821.jpg,full-body clothes,457,231,309,78,490,33
8370,img/img_00051822.jpg,full-body clothes,368,170,255,85,511,143
8371,img/img_00051823.jpg,full-body clothes,292,128,247,119,308,16
8372,img/img_00051834.jpg,upper-body clothes,357,276,308,32,427,70
8373,img/img_00051839.jpg,full-body clothes,276,133,245,112,347,71
8374,img/img_00051861.jpg,full-body clothes,351,319,319,0,351,0
8375,img/img_00051863.jpg,full-body clothes,203,43,183,140,351,148
8376,img/img_00051866.jpg,lower-body clothes,463,250,343,93,466,3
8377,img/img_00051876.jpg,full-body clothes,358,355,355,0,358,0
8378,img/img_00051889.jpg,full-body clothes,246,187,250,63,402,156
8379,img/img_00051892.jpg,full-body clothes,102,91,230,139,425,323
8380,img/img_00051895.jpg,full-body clothes,367,200,200,0,367,0
8381,img/img_00051906.jpg,upper-body clothes,313,225,233,8,462,149
8382,img/img_00051908.jpg,full-body clothes,114,60,257,197,313,199
8383,img/img_00051909.jpg,full-body clothes,166,86,247,161,343,177
8384,img/img_00051913.jpg,full-body clothes,134,45,280,235,242,108
8385,img/img_00051918.jpg,upper-body clothes,449,300,300,0,449,0
8386,img/img_00051920.jpg,upper-body clothes,421,189,189,0,421,0
8387,img/img_00051931.jpg,full-body clothes,345,156,273,117,357,12
8388,img/img_00051947.jpg,full-body clothes,185,261,261,0,185,0
8389,img/img_00051955.jpg,full-body clothes,145,68,217,149,235,90
8390,img/img_00051965.jpg,lower-body clothes,482,348,358,10,493,11
8391,img/img_00051967.jpg,lower-body clothes,174,151,246,95,370,196
8392,img/img_00051972.jpg,full-body clothes,341,146,254,108,479,138
8393,img/img_00051979.jpg,full-body clothes,398,192,266,74,422,24
8394,img/img_00051981.jpg,lower-body clothes,164,115,303,188,329,165
8395,img/img_00051982.jpg,lower-body clothes,133,97,260,163,394,261
8396,img/img_00051989.jpg,upper-body clothes,408,274,324,50,487,79
8397,img/img_00051999.jpg,full-body clothes,101,91,244,153,313,212
8398,img/img_00052009.jpg,full-body clothes,229,199,237,38,373,144
8399,img/img_00052017.jpg,upper-body clothes,149,159,270,111,207,58
8400,img/img_00052034.jpg,full-body clothes,343,207,314,107,388,45
8401,img/img_00052042.jpg,upper-body clothes,203,124,190,66,210,7
8402,img/img_00052046.jpg,lower-body clothes,329,113,221,108,421,92
8403,img/img_00052049.jpg,full-body clothes,405,230,316,86,440,35
8404,img/img_00052050.jpg,full-body clothes,388,211,286,75,433,45
8405,img/img_00052053.jpg,full-body clothes,334,504,504,0,334,0
8406,img/img_00052068.jpg,upper-body clothes,361,293,319,26,405,44
8407,img/img_00052072.jpg,upper-body clothes,355,319,372,53,378,23
8408,img/img_00052073.jpg,full-body clothes,499,294,332,38,504,5
8409,img/img_00052074.jpg,full-body clothes,294,212,280,68,425,131
8410,img/img_00052083.jpg,full-body clothes,459,372,372,0,459,0
8411,img/img_00052085.jpg,full-body clothes,259,157,241,84,357,98
8412,img/img_00052086.jpg,full-body clothes,469,254,254,0,469,0
8413,img/img_00052089.jpg,full-body clothes,378,312,312,0,378,0
8414,img/img_00052094.jpg,full-body clothes,470,368,368,0,470,0
8415,img/img_00052095.jpg,full-body clothes,200,109,316,207,250,50
8416,img/img_00052096.jpg,full-body clothes,503,318,318,0,503,0
8417,img/img_00052126.jpg,full-body clothes,473,370,370,0,473,0
8418,img/img_00052128.jpg,full-body clothes,186,72,214,142,287,101
8419,img/img_00052129.jpg,full-body clothes,326,160,316,156,462,136
8420,img/img_00052138.jpg,upper-body clothes,210,119,280,161,375,165
8421,img/img_00052139.jpg,upper-body clothes,131,376,376,0,131,0
8422,img/img_00052150.jpg,full-body clothes,460,343,343,0,460,0
8423,img/img_00052153.jpg,full-body clothes,487,304,304,0,487,0
8424,img/img_00052155.jpg,full-body clothes,311,247,297,50,436,125
8425,img/img_00052164.jpg,lower-body clothes,210,110,277,167,448,238
8426,img/img_00052167.jpg,lower-body clothes,324,117,220,103,401,77
8427,img/img_00052170.jpg,lower-body clothes,161,311,311,0,161,0
8428,img/img_00052171.jpg,lower-body clothes,56,259,259,0,56,0
8429,img/img_00052196.jpg,full-body clothes,170,113,251,138,268,98
8430,img/img_00052201.jpg,lower-body clothes,463,238,238,0,463,0
8431,img/img_00052208.jpg,full-body clothes,335,204,262,58,422,87
8432,img/img_00052212.jpg,full-body clothes,281,217,264,47,388,107
8433,img/img_00052236.jpg,lower-body clothes,66,204,204,0,66,0
8434,img/img_00052237.jpg,lower-body clothes,33,241,241,0,33,0
8435,img/img_00052238.jpg,lower-body clothes,317,180,232,52,391,74
8436,img/img_00052241.jpg,lower-body clothes,444,263,263,0,444,0
8437,img/img_00052243.jpg,lower-body clothes,190,154,254,100,231,41
8438,img/img_00052251.jpg,upper-body clothes,383,307,322,15,394,11
8439,img/img_00052256.jpg,full-body clothes,220,248,248,0,220,0
8440,img/img_00052259.jpg,full-body clothes,275,186,198,12,375,100
8441,img/img_00052262.jpg,full-body clothes,404,298,333,35,504,100
8442,img/img_00052268.jpg,full-body clothes,246,348,348,0,246,0
8443,img/img_00052273.jpg,full-body clothes,128,45,172,127,262,134
8444,img/img_00052283.jpg,lower-body clothes,375,245,245,0,375,0
8445,img/img_00052307.jpg,full-body clothes,502,316,316,0,502,0
8446,img/img_00052314.jpg,full-body clothes,321,433,433,0,321,0
8447,img/img_00052317.jpg,full-body clothes,225,112,239,127,308,83
8448,img/img_00052318.jpg,full-body clothes,336,150,235,85,369,33
8449,img/img_00052319.jpg,full-body clothes,194,244,244,0,194,0
8450,img/img_00052321.jpg,full-body clothes,69,42,169,127,246,177
8451,img/img_00052323.jpg,upper-body clothes,508,376,376,0,508,0
8452,img/img_00052324.jpg,upper-body clothes,302,207,250,43,437,135
8453,img/img_00052335.jpg,upper-body clothes,372,346,365,19,441,69
8454,img/img_00052340.jpg,upper-body clothes,50,34,176,142,222,172
8455,img/img_00052347.jpg,upper-body clothes,480,234,234,0,480,0
8456,img/img_00052350.jpg,upper-body clothes,504,377,377,0,504,0
8457,img/img_00052353.jpg,full-body clothes,175,101,242,141,323,148
8458,img/img_00052356.jpg,full-body clothes,305,184,277,93,408,103
8459,img/img_00052360.jpg,full-body clothes,471,238,238,0,471,0
8460,img/img_00052365.jpg,full-body clothes,492,289,289,0,492,0
8461,img/img_00052369.jpg,full-body clothes,472,346,346,0,472,0
8462,img/img_00052388.jpg,full-body clothes,498,290,318,28,505,7
8463,img/img_00052389.jpg,full-body clothes,470,264,299,35,505,35
8464,img/img_00052396.jpg,full-body clothes,341,190,266,76,485,144
8465,img/img_00052405.jpg,full-body clothes,411,341,341,0,411,0
8466,img/img_00052408.jpg,full-body clothes,192,93,226,133,322,130
8467,img/img_00052411.jpg,full-body clothes,387,335,335,0,387,0
8468,img/img_00052417.jpg,full-body clothes,212,101,204,103,241,29
8469,img/img_00052420.jpg,full-body clothes,154,84,167,83,164,10
8470,img/img_00052427.jpg,lower-body clothes,135,129,244,115,440,305
8471,img/img_00052430.jpg,lower-body clothes,112,105,263,158,268,156
8472,img/img_00052443.jpg,full-body clothes,295,147,235,88,311,16
8473,img/img_00052466.jpg,full-body clothes,342,201,288,87,478,136
8474,img/img_00052470.jpg,full-body clothes,261,108,197,89,402,141
8475,img/img_00052474.jpg,upper-body clothes,159,89,218,129,278,119
8476,img/img_00052476.jpg,upper-body clothes,259,179,239,60,334,75
8477,img/img_00052485.jpg,upper-body clothes,186,121,290,169,217,31
8478,img/img_00052496.jpg,upper-body clothes,402,257,262,5,423,21
8479,img/img_00052498.jpg,upper-body clothes,159,199,257,58,306,147
8480,img/img_00052508.jpg,full-body clothes,229,82,220,138,413,184
8481,img/img_00052509.jpg,full-body clothes,267,113,265,152,279,12
8482,img/img_00052510.jpg,full-body clothes,298,135,228,93,321,23
8483,img/img_00052512.jpg,full-body clothes,284,70,228,158,429,145
8484,img/img_00052514.jpg,full-body clothes,306,245,309,64,423,117
8485,img/img_00052517.jpg,upper-body clothes,353,215,259,44,379,26
8486,img/img_00052521.jpg,upper-body clothes,146,378,378,0,146,0
8487,img/img_00052522.jpg,upper-body clothes,172,110,224,114,265,93
8488,img/img_00052528.jpg,upper-body clothes,123,202,202,0,123,0
8489,img/img_00052535.jpg,full-body clothes,448,343,343,0,448,0
8490,img/img_00052536.jpg,full-body clothes,315,258,321,63,445,130
8491,img/img_00052546.jpg,lower-body clothes,43,331,331,0,43,0
8492,img/img_00052576.jpg,upper-body clothes,358,298,298,0,358,0
8493,img/img_00052594.jpg,upper-body clothes,367,262,322,60,406,39
8494,img/img_00052601.jpg,lower-body clothes,234,171,258,87,247,13
8495,img/img_00052608.jpg,full-body clothes,420,257,257,0,420,0
8496,img/img_00052615.jpg,full-body clothes,448,348,358,10,478,30
8497,img/img_00052623.jpg,full-body clothes,439,279,312,33,458,19
8498,img/img_00052627.jpg,full-body clothes,456,277,277,0,456,0
8499,img/img_00052642.jpg,full-body clothes,336,283,283,0,336,0
8500,img/img_00052653.jpg,full-body clothes,249,117,268,151,283,34
8501,img/img_00052666.jpg,full-body clothes,401,280,310,30,477,76
8502,img/img_00052678.jpg,full-body clothes,342,277,285,8,394,52
8503,img/img_00052684.jpg,upper-body clothes,300,241,266,25,305,5
8504,img/img_00052693.jpg,lower-body clothes,395,188,277,89,454,59
8505,img/img_00052701.jpg,full-body clothes,240,104,180,76,385,145
8506,img/img_00052704.jpg,full-body clothes,235,256,256,0,235,0
8507,img/img_00052707.jpg,full-body clothes,198,274,274,0,198,0
8508,img/img_00052709.jpg,full-body clothes,336,127,244,117,366,30
8509,img/img_00052712.jpg,lower-body clothes,330,119,240,121,464,134
8510,img/img_00052717.jpg,lower-body clothes,374,27,159,132,390,16
8511,img/img_00052727.jpg,full-body clothes,200,333,333,0,200,0
8512,img/img_00052729.jpg,lower-body clothes,128,45,199,154,341,213
8513,img/img_00052739.jpg,upper-body clothes,450,372,372,0,450,0
8514,img/img_00052745.jpg,lower-body clothes,266,186,267,81,478,212
8515,img/img_00052748.jpg,lower-body clothes,401,222,222,0,401,0
8516,img/img_00052753.jpg,lower-body clothes,63,45,230,185,332,269
8517,img/img_00052754.jpg,full-body clothes,231,154,271,117,291,60
8518,img/img_00052758.jpg,full-body clothes,257,184,264,80,346,89
8519,img/img_00052761.jpg,full-body clothes,231,155,308,153,411,180
8520,img/img_00052763.jpg,full-body clothes,137,94,225,131,257,120
8521,img/img_00052778.jpg,full-body clothes,226,99,99,0,226,0
8522,img/img_00052785.jpg,full-body clothes,429,354,354,0,429,0
8523,img/img_00052789.jpg,full-body clothes,202,104,260,156,338,136
8524,img/img_00052797.jpg,full-body clothes,427,313,313,0,427,0
8525,img/img_00052801.jpg,full-body clothes,303,212,300,88,469,166
8526,img/img_00052808.jpg,full-body clothes,498,337,337,0,498,0
8527,img/img_00052810.jpg,full-body clothes,461,228,228,0,461,0
8528,img/img_00052811.jpg,full-body clothes,278,236,236,0,278,0
8529,img/img_00052825.jpg,lower-body clothes,315,211,276,65,379,64
8530,img/img_00052827.jpg,lower-body clothes,107,261,261,0,107,0
8531,img/img_00052830.jpg,lower-body clothes,341,84,230,146,481,140
8532,img/img_00052844.jpg,full-body clothes,376,326,326,0,376,0
8533,img/img_00052852.jpg,full-body clothes,215,153,209,56,328,113
8534,img/img_00052855.jpg,upper-body clothes,345,284,284,0,345,0
8535,img/img_00052858.jpg,full-body clothes,384,153,153,0,384,0
8536,img/img_00052867.jpg,upper-body clothes,91,98,230,132,312,221
8537,img/img_00052872.jpg,full-body clothes,271,224,224,0,271,0
8538,img/img_00052889.jpg,lower-body clothes,9,279,279,0,9,0
8539,img/img_00052901.jpg,full-body clothes,275,177,282,105,299,24
8540,img/img_00052906.jpg,full-body clothes,343,132,214,82,475,132
8541,img/img_00052908.jpg,full-body clothes,439,336,336,0,439,0
8542,img/img_00052915.jpg,full-body clothes,484,339,339,0,484,0
8543,img/img_00052917.jpg,full-body clothes,147,84,320,236,259,112
8544,img/img_00052920.jpg,full-body clothes,476,359,359,0,476,0
8545,img/img_00052922.jpg,full-body clothes,123,69,249,180,344,221
8546,img/img_00052934.jpg,full-body clothes,463,209,274,65,482,19
8547,img/img_00052935.jpg,full-body clothes,298,159,216,57,322,24
8548,img/img_00052937.jpg,full-body clothes,502,296,296,0,502,0
8549,img/img_00052941.jpg,full-body clothes,292,109,176,67,389,97
8550,img/img_00052948.jpg,full-body clothes,233,236,236,0,233,0
8551,img/img_00052967.jpg,full-body clothes,293,168,190,22,430,137
8552,img/img_00052976.jpg,lower-body clothes,261,259,284,25,398,137
8553,img/img_00052990.jpg,lower-body clothes,344,406,406,0,344,0
8554,img/img_00052997.jpg,lower-body clothes,270,369,431,62,327,57
8555,img/img_00053001.jpg,lower-body clothes,69,14,179,165,241,172
8556,img/img_00053036.jpg,full-body clothes,435,285,285,0,435,0
8557,img/img_00053042.jpg,full-body clothes,386,305,305,0,386,0
8558,img/img_00053046.jpg,upper-body clothes,318,179,281,102,339,21
8559,img/img_00053048.jpg,upper-body clothes,217,286,286,0,217,0
8560,img/img_00053054.jpg,upper-body clothes,364,290,326,36,376,12
8561,img/img_00053068.jpg,full-body clothes,450,229,248,19,478,28
8562,img/img_00053070.jpg,full-body clothes,300,241,294,53,453,153
8563,img/img_00053084.jpg,full-body clothes,360,204,277,73,371,11
8564,img/img_00053088.jpg,full-body clothes,270,262,262,0,270,0
8565,img/img_00053107.jpg,full-body clothes,121,170,170,0,121,0
8566,img/img_00053125.jpg,upper-body clothes,273,146,324,178,419,146
8567,img/img_00053127.jpg,full-body clothes,354,305,326,21,439,85
8568,img/img_00053134.jpg,full-body clothes,209,321,321,0,209,0
8569,img/img_00053135.jpg,full-body clothes,202,267,267,0,202,0
8570,img/img_00053144.jpg,full-body clothes,212,311,311,0,212,0
8571,img/img_00053146.jpg,full-body clothes,348,212,269,57,424,76
8572,img/img_00053150.jpg,upper-body clothes,308,216,286,70,327,19
8573,img/img_00053154.jpg,lower-body clothes,59,53,225,172,313,254
8574,img/img_00053156.jpg,lower-body clothes,120,97,206,109,247,127
8575,img/img_00053163.jpg,full-body clothes,153,94,189,95,216,63
8576,img/img_00053166.jpg,full-body clothes,390,283,311,28,430,40
8577,img/img_00053174.jpg,lower-body clothes,354,413,413,0,354,0
8578,img/img_00053175.jpg,full-body clothes,311,139,190,51,403,92
8579,img/img_00053180.jpg,lower-body clothes,470,265,310,45,485,15
8580,img/img_00053195.jpg,full-body clothes,250,190,215,25,377,127
8581,img/img_00053203.jpg,full-body clothes,220,245,245,0,220,0
8582,img/img_00053208.jpg,lower-body clothes,446,222,356,134,455,9
8583,img/img_00053211.jpg,lower-body clothes,295,96,231,135,313,18
8584,img/img_00053214.jpg,upper-body clothes,360,277,286,9,454,94
8585,img/img_00053225.jpg,lower-body clothes,132,123,268,145,265,133
8586,img/img_00053231.jpg,full-body clothes,240,145,220,75,337,97
8587,img/img_00053242.jpg,upper-body clothes,410,312,324,12,468,58
8588,img/img_00053244.jpg,lower-body clothes,407,323,323,0,407,0
8589,img/img_00053255.jpg,upper-body clothes,348,236,236,0,348,0
8590,img/img_00053282.jpg,full-body clothes,204,305,305,0,204,0
8591,img/img_00053294.jpg,full-body clothes,380,144,300,156,502,122
8592,img/img_00053297.jpg,full-body clothes,500,337,337,0,500,0
8593,img/img_00053306.jpg,full-body clothes,135,102,244,142,309,174
8594,img/img_00053310.jpg,full-body clothes,246,153,255,102,365,119
8595,img/img_00053321.jpg,full-body clothes,367,310,310,0,367,0
8596,img/img_00053322.jpg,full-body clothes,202,161,256,95,312,110
8597,img/img_00053331.jpg,full-body clothes,366,146,245,99,480,114
8598,img/img_00053335.jpg,full-body clothes,148,103,259,156,322,174
8599,img/img_00053336.jpg,full-body clothes,224,146,278,132,445,221
8600,img/img_00053356.jpg,upper-body clothes,338,417,417,0,338,0
8601,img/img_00053365.jpg,upper-body clothes,148,122,208,86,259,111
8602,img/img_00053366.jpg,upper-body clothes,306,265,298,33,476,170
8603,img/img_00053368.jpg,full-body clothes,286,179,257,78,332,46
8604,img/img_00053378.jpg,lower-body clothes,232,181,272,91,250,18
8605,img/img_00053382.jpg,full-body clothes,444,277,332,55,493,49
8606,img/img_00053388.jpg,upper-body clothes,418,265,425,160,421,3
8607,img/img_00053396.jpg,upper-body clothes,168,113,238,125,328,160
8608,img/img_00053400.jpg,upper-body clothes,192,126,263,137,363,171
8609,img/img_00053406.jpg,upper-body clothes,177,121,288,167,342,165
8610,img/img_00053409.jpg,upper-body clothes,504,367,367,0,504,0
8611,img/img_00053414.jpg,full-body clothes,314,206,306,100,438,124
8612,img/img_00053421.jpg,full-body clothes,362,214,301,87,489,127
8613,img/img_00053426.jpg,lower-body clothes,108,287,287,0,108,0
8614,img/img_00053428.jpg,full-body clothes,484,245,245,0,484,0
8615,img/img_00053436.jpg,lower-body clothes,450,294,294,0,450,0
8616,img/img_00053449.jpg,full-body clothes,311,200,284,84,331,20
8617,img/img_00053460.jpg,full-body clothes,474,368,368,0,474,0
8618,img/img_00053469.jpg,upper-body clothes,182,132,237,105,191,9
8619,img/img_00053481.jpg,full-body clothes,338,128,238,110,357,19
8620,img/img_00053488.jpg,full-body clothes,229,85,241,156,358,129
8621,img/img_00053491.jpg,full-body clothes,476,360,360,0,476,0
8622,img/img_00053498.jpg,full-body clothes,337,166,266,100,468,131
8623,img/img_00053501.jpg,lower-body clothes,171,93,230,137,452,281
8624,img/img_00053506.jpg,lower-body clothes,222,152,278,126,251,29
8625,img/img_00053507.jpg,full-body clothes,416,231,284,53,476,60
8626,img/img_00053513.jpg,full-body clothes,355,265,265,0,355,0
8627,img/img_00053515.jpg,upper-body clothes,178,147,249,102,334,156
8628,img/img_00053518.jpg,upper-body clothes,425,333,374,41,455,30
8629,img/img_00053525.jpg,upper-body clothes,151,437,437,0,151,0
8630,img/img_00053533.jpg,full-body clothes,216,134,183,49,327,111
8631,img/img_00053534.jpg,full-body clothes,427,267,267,0,427,0
8632,img/img_00053535.jpg,full-body clothes,462,379,379,0,462,0
8633,img/img_00053542.jpg,full-body clothes,223,113,287,174,290,67
8634,img/img_00053550.jpg,full-body clothes,215,82,211,129,373,158
8635,img/img_00053560.jpg,lower-body clothes,371,173,233,60,399,28
8636,img/img_00053564.jpg,lower-body clothes,338,172,172,0,338,0
8637,img/img_00053565.jpg,lower-body clothes,33,281,281,0,33,0
8638,img/img_00053567.jpg,lower-body clothes,22,33,33,0,22,0
8639,img/img_00053570.jpg,lower-body clothes,472,322,322,0,472,0
8640,img/img_00053584.jpg,full-body clothes,482,368,368,0,482,0
8641,img/img_00053586.jpg,lower-body clothes,345,126,235,109,366,21
8642,img/img_00053595.jpg,full-body clothes,464,276,276,0,464,0
8643,img/img_00053603.jpg,full-body clothes,173,282,282,0,173,0
8644,img/img_00053611.jpg,full-body clothes,151,80,225,145,288,137
8645,img/img_00053612.jpg,full-body clothes,136,76,202,126,271,135
8646,img/img_00053615.jpg,full-body clothes,144,86,252,166,334,190
8647,img/img_00053623.jpg,full-body clothes,386,220,288,68,476,90
8648,img/img_00053624.jpg,full-body clothes,355,301,301,0,355,0
8649,img/img_00053641.jpg,full-body clothes,341,159,159,0,341,0
8650,img/img_00053647.jpg,full-body clothes,338,113,167,54,350,12
8651,img/img_00053648.jpg,full-body clothes,272,211,211,0,272,0
8652,img/img_00053652.jpg,full-body clothes,181,73,182,109,273,92
8653,img/img_00053655.jpg,full-body clothes,272,108,244,136,384,112
8654,img/img_00053669.jpg,full-body clothes,236,265,265,0,236,0
8655,img/img_00053675.jpg,upper-body clothes,188,144,199,55,363,175
8656,img/img_00053677.jpg,full-body clothes,241,140,251,111,360,119
8657,img/img_00053678.jpg,full-body clothes,324,147,261,114,459,135
8658,img/img_00053680.jpg,full-body clothes,291,142,223,81,325,34
8659,img/img_00053699.jpg,full-body clothes,208,91,270,179,342,134
8660,img/img_00053714.jpg,full-body clothes,415,216,271,55,457,42
8661,img/img_00053724.jpg,full-body clothes,319,124,224,100,468,149
8662,img/img_00053726.jpg,full-body clothes,241,98,200,102,341,100
8663,img/img_00053728.jpg,full-body clothes,385,272,299,27,402,17
8664,img/img_00053730.jpg,full-body clothes,411,306,306,0,411,0
8665,img/img_00053732.jpg,upper-body clothes,174,127,421,294,205,31
8666,img/img_00053736.jpg,upper-body clothes,175,201,229,28,325,150
8667,img/img_00053762.jpg,full-body clothes,491,314,314,0,491,0
8668,img/img_00053774.jpg,upper-body clothes,393,241,287,46,406,13
8669,img/img_00053775.jpg,upper-body clothes,503,246,246,0,503,0
8670,img/img_00053776.jpg,full-body clothes,270,210,274,64,438,168
8671,img/img_00053784.jpg,full-body clothes,216,140,251,111,290,74
8672,img/img_00053786.jpg,full-body clothes,405,284,284,0,405,0
8673,img/img_00053788.jpg,lower-body clothes,209,74,225,151,319,110
8674,img/img_00053792.jpg,lower-body clothes,285,93,210,117,404,119
8675,img/img_00053797.jpg,lower-body clothes,235,107,275,168,480,245
8676,img/img_00053798.jpg,lower-body clothes,409,236,273,37,417,8
8677,img/img_00053823.jpg,full-body clothes,163,104,273,169,286,123
8678,img/img_00053827.jpg,lower-body clothes,398,244,297,53,435,37
8679,img/img_00053838.jpg,lower-body clothes,123,284,284,0,123,0
8680,img/img_00053840.jpg,upper-body clothes,367,250,300,50,377,10
8681,img/img_00053841.jpg,full-body clothes,226,125,237,112,258,32
8682,img/img_00053844.jpg,full-body clothes,467,278,278,0,467,0
8683,img/img_00053848.jpg,full-body clothes,418,276,331,55,492,74
8684,img/img_00053875.jpg,full-body clothes,376,249,249,0,376,0
8685,img/img_00053878.jpg,lower-body clothes,70,327,327,0,70,0
8686,img/img_00053880.jpg,lower-body clothes,89,96,246,150,304,215
8687,img/img_00053887.jpg,upper-body clothes,344,347,433,86,364,20
8688,img/img_00053888.jpg,upper-body clothes,239,269,311,42,248,9
8689,img/img_00053896.jpg,upper-body clothes,224,175,341,166,353,129
8690,img/img_00053900.jpg,upper-body clothes,232,329,354,25,262,30
8691,img/img_00053902.jpg,upper-body clothes,291,276,276,0,291,0
8692,img/img_00053906.jpg,full-body clothes,318,189,248,59,444,126
8693,img/img_00053909.jpg,full-body clothes,359,329,329,0,359,0
8694,img/img_00053910.jpg,full-body clothes,467,304,341,37,502,35
8695,img/img_00053919.jpg,full-body clothes,334,285,285,0,334,0
8696,img/img_00053930.jpg,full-body clothes,260,333,380,47,350,90
8697,img/img_00053942.jpg,lower-body clothes,149,51,230,179,218,69
8698,img/img_00053949.jpg,full-body clothes,259,147,239,92,426,167
8699,img/img_00053962.jpg,full-body clothes,259,237,334,97,402,143
8700,img/img_00053963.jpg,full-body clothes,407,376,376,0,407,0
8701,img/img_00053965.jpg,full-body clothes,398,267,280,13,470,72
8702,img/img_00053968.jpg,full-body clothes,247,248,248,0,247,0
8703,img/img_00053970.jpg,upper-body clothes,330,309,377,68,348,18
8704,img/img_00053979.jpg,full-body clothes,275,92,167,75,343,68
8705,img/img_00053992.jpg,full-body clothes,117,57,213,156,280,163
8706,img/img_00053996.jpg,full-body clothes,358,37,275,238,364,6
8707,img/img_00054001.jpg,upper-body clothes,143,114,244,130,267,124
8708,img/img_00054013.jpg,full-body clothes,317,263,337,74,356,39
8709,img/img_00054014.jpg,full-body clothes,310,204,261,57,466,156
8710,img/img_00054015.jpg,full-body clothes,316,235,283,48,433,117
8711,img/img_00054018.jpg,full-body clothes,203,184,316,132,354,151
8712,img/img_00054032.jpg,full-body clothes,412,225,297,72,421,9
8713,img/img_00054037.jpg,full-body clothes,271,252,252,0,271,0
8714,img/img_00054038.jpg,lower-body clothes,35,266,266,0,35,0
8715,img/img_00054051.jpg,full-body clothes,302,60,201,141,397,95
8716,img/img_00054056.jpg,full-body clothes,495,228,228,0,495,0
8717,img/img_00054066.jpg,full-body clothes,274,145,254,109,461,187
8718,img/img_00054068.jpg,full-body clothes,272,143,230,87,382,110
8719,img/img_00054079.jpg,full-body clothes,356,211,303,92,500,144
8720,img/img_00054090.jpg,lower-body clothes,353,138,244,106,402,49
8721,img/img_00054092.jpg,full-body clothes,181,102,290,188,224,43
8722,img/img_00054105.jpg,full-body clothes,445,339,339,0,445,0
8723,img/img_00054111.jpg,full-body clothes,240,124,231,107,297,57
8724,img/img_00054114.jpg,full-body clothes,228,269,269,0,228,0
8725,img/img_00054121.jpg,full-body clothes,294,377,377,0,294,0
8726,img/img_00054128.jpg,full-body clothes,420,248,248,0,420,0
8727,img/img_00054140.jpg,full-body clothes,336,200,240,40,434,98
8728,img/img_00054171.jpg,lower-body clothes,281,326,326,0,281,0
8729,img/img_00054181.jpg,full-body clothes,321,192,232,40,337,16
8730,img/img_00054182.jpg,full-body clothes,364,176,226,50,373,9
8731,img/img_00054187.jpg,full-body clothes,404,134,214,80,421,17
8732,img/img_00054190.jpg,full-body clothes,332,120,231,111,422,90
8733,img/img_00054192.jpg,full-body clothes,253,132,333,201,395,142
8734,img/img_00054193.jpg,full-body clothes,171,84,199,115,470,299
8735,img/img_00054199.jpg,full-body clothes,347,136,248,112,453,106
8736,img/img_00054203.jpg,full-body clothes,417,153,247,94,473,56
8737,img/img_00054206.jpg,full-body clothes,348,144,228,84,359,11
8738,img/img_00054224.jpg,full-body clothes,440,280,280,0,440,0
8739,img/img_00054226.jpg,full-body clothes,198,108,269,161,324,126
8740,img/img_00054235.jpg,full-body clothes,270,149,237,88,365,95
8741,img/img_00054243.jpg,full-body clothes,449,366,366,0,449,0
8742,img/img_00054261.jpg,full-body clothes,147,95,272,177,324,177
8743,img/img_00054266.jpg,full-body clothes,308,183,262,79,461,153
8744,img/img_00054272.jpg,full-body clothes,211,318,364,46,328,117
8745,img/img_00054287.jpg,full-body clothes,296,491,491,0,296,0
8746,img/img_00054291.jpg,full-body clothes,138,129,253,124,302,164
8747,img/img_00054298.jpg,full-body clothes,459,270,270,0,459,0
8748,img/img_00054302.jpg,full-body clothes,228,251,252,1,372,144
8749,img/img_00054303.jpg,full-body clothes,377,235,235,0,377,0
8750,img/img_00054308.jpg,full-body clothes,266,189,277,88,393,127
8751,img/img_00054321.jpg,full-body clothes,177,471,471,0,177,0
8752,img/img_00054326.jpg,full-body clothes,345,125,227,102,359,14
8753,img/img_00054335.jpg,full-body clothes,289,176,263,87,422,133
8754,img/img_00054337.jpg,full-body clothes,181,187,187,0,181,0
8755,img/img_00054346.jpg,full-body clothes,261,163,395,232,273,12
8756,img/img_00054347.jpg,full-body clothes,484,313,313,0,484,0
8757,img/img_00054350.jpg,full-body clothes,454,273,301,28,466,12
8758,img/img_00054369.jpg,full-body clothes,161,106,272,166,188,27
8759,img/img_00054386.jpg,full-body clothes,95,124,262,138,269,174
8760,img/img_00054393.jpg,lower-body clothes,423,165,308,143,480,57
8761,img/img_00054395.jpg,full-body clothes,394,216,290,74,500,106
8762,img/img_00054408.jpg,full-body clothes,242,79,324,245,402,160
8763,img/img_00054428.jpg,full-body clothes,296,206,271,65,329,33
8764,img/img_00054440.jpg,full-body clothes,226,100,234,134,313,87
8765,img/img_00054441.jpg,full-body clothes,465,355,355,0,465,0
8766,img/img_00054446.jpg,full-body clothes,354,226,273,47,495,141
8767,img/img_00054448.jpg,full-body clothes,265,60,288,228,298,33
8768,img/img_00054449.jpg,full-body clothes,267,321,321,0,267,0
8769,img/img_00054453.jpg,full-body clothes,183,122,300,178,364,181
8770,img/img_00054458.jpg,full-body clothes,396,278,292,14,508,112
8771,img/img_00054459.jpg,full-body clothes,394,268,336,68,509,115
8772,img/img_00054464.jpg,full-body clothes,489,355,355,0,489,0
8773,img/img_00054467.jpg,full-body clothes,280,164,267,103,290,10
8774,img/img_00054474.jpg,full-body clothes,393,239,341,102,494,101
8775,img/img_00054482.jpg,full-body clothes,255,244,292,48,377,122
8776,img/img_00054488.jpg,upper-body clothes,246,169,252,83,406,160
8777,img/img_00054505.jpg,full-body clothes,237,182,182,0,237,0
8778,img/img_00054506.jpg,full-body clothes,232,90,241,151,370,138
8779,img/img_00054508.jpg,full-body clothes,347,106,253,147,455,108
8780,img/img_00054520.jpg,full-body clothes,276,216,267,51,401,125
8781,img/img_00054521.jpg,full-body clothes,324,81,214,133,397,73
8782,img/img_00054533.jpg,full-body clothes,194,63,229,166,340,146
8783,img/img_00054536.jpg,full-body clothes,187,314,314,0,187,0
8784,img/img_00054537.jpg,full-body clothes,409,269,269,0,409,0
8785,img/img_00054546.jpg,full-body clothes,181,69,224,155,344,163
8786,img/img_00054560.jpg,full-body clothes,481,237,237,0,481,0
8787,img/img_00054571.jpg,upper-body clothes,338,257,295,38,460,122
8788,img/img_00054582.jpg,full-body clothes,309,188,310,122,318,9
8789,img/img_00054586.jpg,full-body clothes,432,324,324,0,432,0
8790,img/img_00054587.jpg,full-body clothes,141,37,230,193,265,124
8791,img/img_00054591.jpg,full-body clothes,324,197,307,110,464,140
8792,img/img_00054595.jpg,full-body clothes,319,306,306,0,319,0
8793,img/img_00054596.jpg,full-body clothes,151,98,200,102,227,76
8794,img/img_00054599.jpg,full-body clothes,462,346,346,0,462,0
8795,img/img_00054607.jpg,full-body clothes,363,164,333,169,468,105
8796,img/img_00054609.jpg,full-body clothes,333,200,250,50,352,19
8797,img/img_00054618.jpg,full-body clothes,360,240,317,77,370,10
8798,img/img_00054640.jpg,full-body clothes,192,117,196,79,269,77
8799,img/img_00054645.jpg,lower-body clothes,509,311,311,0,509,0
8800,img/img_00054664.jpg,full-body clothes,396,378,379,1,483,87
8801,img/img_00054672.jpg,full-body clothes,214,265,265,0,214,0
8802,img/img_00054675.jpg,full-body clothes,364,191,247,56,444,80
8803,img/img_00054678.jpg,full-body clothes,173,91,221,130,391,218
8804,img/img_00054679.jpg,full-body clothes,308,194,318,124,475,167
8805,img/img_00054681.jpg,full-body clothes,455,238,238,0,455,0
8806,img/img_00054683.jpg,full-body clothes,490,312,312,0,490,0
8807,img/img_00054692.jpg,upper-body clothes,140,69,171,102,248,108
8808,img/img_00054696.jpg,upper-body clothes,307,240,285,45,356,49
8809,img/img_00054697.jpg,upper-body clothes,127,68,165,97,204,77
8810,img/img_00054704.jpg,upper-body clothes,87,244,244,0,87,0
8811,img/img_00054730.jpg,upper-body clothes,198,182,370,188,226,28
8812,img/img_00054731.jpg,upper-body clothes,302,230,282,52,314,12
8813,img/img_00054735.jpg,full-body clothes,152,81,241,160,235,83
8814,img/img_00054741.jpg,full-body clothes,301,184,284,100,485,184
8815,img/img_00054744.jpg,full-body clothes,297,184,284,100,481,184
8816,img/img_00054758.jpg,lower-body clothes,212,109,237,128,302,90
8817,img/img_00054759.jpg,lower-body clothes,309,202,293,91,318,9
8818,img/img_00054761.jpg,lower-body clothes,275,143,262,119,310,35
8819,img/img_00054765.jpg,upper-body clothes,207,297,326,29,314,107
8820,img/img_00054769.jpg,full-body clothes,293,178,279,101,476,183
8821,img/img_00054772.jpg,full-body clothes,121,70,217,147,299,178
8822,img/img_00054775.jpg,full-body clothes,501,368,368,0,501,0
8823,img/img_00054777.jpg,full-body clothes,308,180,271,91,414,106
8824,img/img_00054782.jpg,full-body clothes,432,212,302,90,460,28
8825,img/img_00054783.jpg,upper-body clothes,467,338,338,0,467,0
8826,img/img_00054793.jpg,full-body clothes,335,217,316,99,354,19
8827,img/img_00054802.jpg,full-body clothes,192,41,155,114,360,168
8828,img/img_00054809.jpg,lower-body clothes,381,331,331,0,381,0
8829,img/img_00054815.jpg,upper-body clothes,244,185,264,79,403,159
8830,img/img_00054835.jpg,upper-body clothes,268,131,258,127,366,98
8831,img/img_00054838.jpg,upper-body clothes,384,269,301,32,446,62
8832,img/img_00054841.jpg,upper-body clothes,258,190,310,120,301,43
8833,img/img_00054845.jpg,lower-body clothes,81,82,232,150,287,206
8834,img/img_00054862.jpg,full-body clothes,206,128,242,114,360,154
8835,img/img_00054872.jpg,full-body clothes,450,289,289,0,450,0
8836,img/img_00054874.jpg,full-body clothes,233,116,202,86,369,136
8837,img/img_00054878.jpg,full-body clothes,329,77,264,187,345,16
8838,img/img_00054880.jpg,upper-body clothes,258,162,249,87,403,145
8839,img/img_00054881.jpg,full-body clothes,293,110,214,104,317,24
8840,img/img_00054901.jpg,full-body clothes,316,268,268,0,316,0
8841,img/img_00054904.jpg,full-body clothes,301,111,251,140,423,122
8842,img/img_00054907.jpg,full-body clothes,362,174,255,81,395,33
8843,img/img_00054911.jpg,full-body clothes,379,127,232,105,477,98
8844,img/img_00054917.jpg,full-body clothes,273,92,241,149,353,80
8845,img/img_00054918.jpg,full-body clothes,407,234,289,55,417,10
8846,img/img_00054922.jpg,full-body clothes,342,261,298,37,372,30
8847,img/img_00054923.jpg,full-body clothes,141,85,223,138,419,278
8848,img/img_00054925.jpg,full-body clothes,351,192,236,44,439,88
8849,img/img_00054929.jpg,full-body clothes,408,215,275,60,435,27
8850,img/img_00054935.jpg,full-body clothes,167,105,223,118,248,81
8851,img/img_00054947.jpg,lower-body clothes,344,153,260,107,380,36
8852,img/img_00054949.jpg,lower-body clothes,122,117,256,139,354,232
8853,img/img_00054956.jpg,lower-body clothes,79,83,245,162,349,270
8854,img/img_00054969.jpg,full-body clothes,296,180,253,73,361,65
8855,img/img_00054971.jpg,full-body clothes,302,181,268,87,307,5
8856,img/img_00054984.jpg,full-body clothes,209,125,165,40,318,109
8857,img/img_00054994.jpg,full-body clothes,166,227,227,0,166,0
8858,img/img_00054995.jpg,full-body clothes,463,220,220,0,463,0
8859,img/img_00055022.jpg,full-body clothes,324,64,196,132,499,175
8860,img/img_00055026.jpg,full-body clothes,407,336,361,25,453,46
8861,img/img_00055027.jpg,full-body clothes,391,219,398,179,441,50
8862,img/img_00055033.jpg,full-body clothes,269,151,306,155,330,61
8863,img/img_00055036.jpg,full-body clothes,427,331,331,0,427,0
8864,img/img_00055058.jpg,full-body clothes,197,168,204,36,384,187
8865,img/img_00055065.jpg,full-body clothes,330,260,307,47,385,55
8866,img/img_00055072.jpg,full-body clothes,240,104,244,140,382,142
8867,img/img_00055074.jpg,full-body clothes,446,314,314,0,446,0
8868,img/img_00055075.jpg,full-body clothes,466,351,365,14,471,5
8869,img/img_00055076.jpg,full-body clothes,345,159,227,68,357,12
8870,img/img_00055077.jpg,full-body clothes,370,145,202,57,410,40
8871,img/img_00055081.jpg,full-body clothes,311,189,319,130,446,135
8872,img/img_00055082.jpg,full-body clothes,505,262,262,0,505,0
8873,img/img_00055084.jpg,full-body clothes,168,99,218,119,330,162
8874,img/img_00055085.jpg,full-body clothes,378,363,363,0,378,0
8875,img/img_00055094.jpg,upper-body clothes,283,198,275,77,452,169
8876,img/img_00055107.jpg,full-body clothes,329,159,260,101,373,44
8877,img/img_00055111.jpg,full-body clothes,289,367,434,67,308,19
8878,img/img_00055113.jpg,full-body clothes,341,283,283,0,341,0
8879,img/img_00055116.jpg,full-body clothes,220,438,446,8,240,20
8880,img/img_00055123.jpg,full-body clothes,451,318,334,16,478,27
8881,img/img_00055125.jpg,full-body clothes,154,101,223,122,188,34
8882,img/img_00055133.jpg,full-body clothes,237,159,280,121,462,225
8883,img/img_00055142.jpg,full-body clothes,410,371,371,0,410,0
8884,img/img_00055144.jpg,full-body clothes,365,240,275,35,466,101
8885,img/img_00055147.jpg,full-body clothes,81,46,312,266,373,292
8886,img/img_00055149.jpg,full-body clothes,335,232,232,0,335,0
8887,img/img_00055157.jpg,full-body clothes,135,88,193,105,379,244
8888,img/img_00055159.jpg,full-body clothes,436,290,309,19,460,24
8889,img/img_00055161.jpg,full-body clothes,252,111,194,83,282,30
8890,img/img_00055165.jpg,full-body clothes,288,174,174,0,288,0
8891,img/img_00055210.jpg,full-body clothes,167,154,246,92,246,79
8892,img/img_00055219.jpg,full-body clothes,353,274,274,0,353,0
8893,img/img_00055221.jpg,full-body clothes,304,223,295,72,468,164
8894,img/img_00055222.jpg,full-body clothes,434,278,278,0,434,0
8895,img/img_00055223.jpg,full-body clothes,451,274,340,66,491,40
8896,img/img_00055233.jpg,full-body clothes,199,220,220,0,199,0
8897,img/img_00055239.jpg,full-body clothes,348,163,351,188,483,135
8898,img/img_00055250.jpg,full-body clothes,455,258,258,0,455,0
8899,img/img_00055252.jpg,full-body clothes,161,91,199,108,353,192
8900,img/img_00055259.jpg,lower-body clothes,191,152,247,95,258,67
8901,img/img_00055270.jpg,full-body clothes,265,154,260,106,503,238
8902,img/img_00055279.jpg,full-body clothes,462,227,279,52,488,26
8903,img/img_00055282.jpg,upper-body clothes,276,183,263,80,286,10
8904,img/img_00055284.jpg,full-body clothes,345,172,280,108,454,109
8905,img/img_00055293.jpg,full-body clothes,332,176,252,76,429,97
8906,img/img_00055294.jpg,full-body clothes,257,124,197,73,314,57
8907,img/img_00055300.jpg,full-body clothes,265,99,189,90,393,128
8908,img/img_00055309.jpg,full-body clothes,268,104,260,156,374,106
8909,img/img_00055321.jpg,lower-body clothes,431,239,239,0,431,0
8910,img/img_00055323.jpg,upper-body clothes,377,288,307,19,386,9
8911,img/img_00055335.jpg,upper-body clothes,488,363,363,0,488,0
8912,img/img_00055354.jpg,full-body clothes,373,246,338,92,378,5
8913,img/img_00055363.jpg,full-body clothes,259,226,314,88,456,197
8914,img/img_00055366.jpg,full-body clothes,206,302,302,0,206,0
8915,img/img_00055370.jpg,full-body clothes,472,343,343,0,472,0
8916,img/img_00055372.jpg,full-body clothes,377,262,262,0,377,0
8917,img/img_00055384.jpg,full-body clothes,316,219,279,60,487,171
8918,img/img_00055387.jpg,lower-body clothes,254,148,210,62,313,59
8919,img/img_00055393.jpg,lower-body clothes,317,109,249,140,441,124
8920,img/img_00055395.jpg,full-body clothes,331,151,236,85,342,11
8921,img/img_00055396.jpg,full-body clothes,325,136,239,103,342,17
8922,img/img_00055402.jpg,full-body clothes,259,119,254,135,371,112
8923,img/img_00055407.jpg,full-body clothes,257,119,254,135,370,113
8924,img/img_00055418.jpg,full-body clothes,288,134,175,41,345,57
8925,img/img_00055428.jpg,full-body clothes,407,184,271,87,436,29
8926,img/img_00055438.jpg,lower-body clothes,67,58,148,90,270,203
8927,img/img_00055453.jpg,full-body clothes,403,140,221,81,416,13
8928,img/img_00055461.jpg,full-body clothes,204,81,197,116,436,232
8929,img/img_00055464.jpg,full-body clothes,445,193,238,45,468,23
8930,img/img_00055467.jpg,full-body clothes,506,130,130,0,506,0
8931,img/img_00055468.jpg,full-body clothes,328,143,285,142,333,5
8932,img/img_00055478.jpg,full-body clothes,192,138,196,58,283,91
8933,img/img_00055482.jpg,full-body clothes,250,331,331,0,250,0
8934,img/img_00055484.jpg,full-body clothes,173,56,257,201,245,72
8935,img/img_00055489.jpg,full-body clothes,114,88,173,85,224,110
8936,img/img_00055493.jpg,full-body clothes,156,118,237,119,332,176
8937,img/img_00055506.jpg,full-body clothes,219,300,300,0,219,0
8938,img/img_00055518.jpg,full-body clothes,248,111,245,134,268,20
8939,img/img_00055524.jpg,full-body clothes,291,66,153,87,308,17
8940,img/img_00055530.jpg,full-body clothes,225,176,249,73,261,36
8941,img/img_00055535.jpg,full-body clothes,153,97,239,142,322,169
8942,img/img_00055538.jpg,full-body clothes,333,178,178,0,333,0
8943,img/img_00055539.jpg,full-body clothes,137,90,202,112,199,62
8944,img/img_00055540.jpg,full-body clothes,176,219,219,0,176,0
8945,img/img_00055547.jpg,full-body clothes,496,379,379,0,496,0
8946,img/img_00055549.jpg,full-body clothes,241,220,220,0,241,0
8947,img/img_00055551.jpg,lower-body clothes,491,224,287,63,500,9
8948,img/img_00055562.jpg,full-body clothes,150,86,183,97,302,152
8949,img/img_00055563.jpg,full-body clothes,193,115,234,119,330,137
8950,img/img_00055565.jpg,full-body clothes,267,201,242,41,418,151
8951,img/img_00055566.jpg,upper-body clothes,458,294,307,13,487,29
8952,img/img_00055568.jpg,lower-body clothes,280,127,230,103,324,44
8953,img/img_00055577.jpg,full-body clothes,178,182,331,149,278,100
8954,img/img_00055580.jpg,full-body clothes,419,253,275,22,499,80
8955,img/img_00055585.jpg,upper-body clothes,329,242,242,0,329,0
8956,img/img_00055591.jpg,full-body clothes,204,125,233,108,331,127
8957,img/img_00055601.jpg,upper-body clothes,279,167,275,108,406,127
8958,img/img_00055603.jpg,full-body clothes,157,101,130,29,279,122
8959,img/img_00055606.jpg,full-body clothes,203,261,261,0,203,0
8960,img/img_00055609.jpg,full-body clothes,327,238,326,88,465,138
8961,img/img_00055610.jpg,full-body clothes,321,284,284,0,321,0
8962,img/img_00055613.jpg,full-body clothes,454,351,351,0,454,0
8963,img/img_00055617.jpg,full-body clothes,440,257,257,0,440,0
8964,img/img_00055620.jpg,full-body clothes,397,232,300,68,416,19
8965,img/img_00055629.jpg,full-body clothes,335,180,246,66,369,34
8966,img/img_00055631.jpg,full-body clothes,228,342,342,0,228,0
8967,img/img_00055634.jpg,full-body clothes,505,377,377,0,505,0
8968,img/img_00055638.jpg,full-body clothes,201,338,338,0,201,0
8969,img/img_00055642.jpg,full-body clothes,385,361,361,0,385,0
8970,img/img_00055650.jpg,full-body clothes,500,280,311,31,505,5
8971,img/img_00055668.jpg,full-body clothes,482,234,316,82,508,26
8972,img/img_00055675.jpg,full-body clothes,364,313,373,60,478,114
8973,img/img_00055677.jpg,full-body clothes,376,340,340,0,376,0
8974,img/img_00055683.jpg,full-body clothes,456,350,376,26,461,5
8975,img/img_00055687.jpg,full-body clothes,191,165,271,106,354,163
8976,img/img_00055688.jpg,lower-body clothes,363,199,199,0,363,0
8977,img/img_00055690.jpg,full-body clothes,331,206,301,95,465,134
8978,img/img_00055693.jpg,full-body clothes,232,229,229,0,232,0
8979,img/img_00055696.jpg,full-body clothes,199,332,332,0,199,0
8980,img/img_00055698.jpg,full-body clothes,296,267,324,57,417,121
8981,img/img_00055701.jpg,full-body clothes,161,76,137,61,238,77
8982,img/img_00055702.jpg,full-body clothes,392,292,292,0,392,0
8983,img/img_00055717.jpg,full-body clothes,474,269,335,66,484,10
8984,img/img_00055724.jpg,full-body clothes,351,209,289,80,484,133
8985,img/img_00055733.jpg,lower-body clothes,443,204,204,0,443,0
8986,img/img_00055736.jpg,lower-body clothes,459,306,352,46,479,20
8987,img/img_00055742.jpg,full-body clothes,461,298,326,28,482,21
8988,img/img_00055756.jpg,full-body clothes,412,279,315,36,489,77
8989,img/img_00055760.jpg,lower-body clothes,484,247,279,32,495,11
8990,img/img_00055762.jpg,lower-body clothes,27,315,315,0,27,0
8991,img/img_00055776.jpg,full-body clothes,188,75,194,119,305,117
8992,img/img_00055777.jpg,full-body clothes,214,101,212,111,220,6
8993,img/img_00055778.jpg,full-body clothes,219,82,238,156,252,33
8994,img/img_00055780.jpg,full-body clothes,315,170,294,124,399,84
8995,img/img_00055786.jpg,full-body clothes,448,150,263,113,454,6
8996,img/img_00055791.jpg,full-body clothes,306,140,291,151,412,106
8997,img/img_00055795.jpg,upper-body clothes,258,179,248,69,381,123
8998,img/img_00055802.jpg,lower-body clothes,57,65,65,0,57,0
8999,img/img_00055803.jpg,lower-body clothes,217,116,222,106,480,263
9000,img/img_00055811.jpg,full-body clothes,479,288,288,0,479,0
9001,img/img_00055820.jpg,full-body clothes,208,137,297,160,365,157
9002,img/img_00055831.jpg,full-body clothes,293,405,405,0,293,0
9003,img/img_00055835.jpg,full-body clothes,319,253,318,65,447,128
9004,img/img_00055841.jpg,full-body clothes,458,232,306,74,490,32
9005,img/img_00055846.jpg,full-body clothes,342,179,227,48,350,8
9006,img/img_00055850.jpg,full-body clothes,509,309,309,0,509,0
9007,img/img_00055852.jpg,full-body clothes,277,144,258,114,396,119
9008,img/img_00055859.jpg,full-body clothes,443,334,334,0,443,0
9009,img/img_00055860.jpg,full-body clothes,128,102,230,128,298,170
9010,img/img_00055863.jpg,full-body clothes,132,77,220,143,363,231
9011,img/img_00055866.jpg,full-body clothes,353,195,195,0,353,0
9012,img/img_00055892.jpg,lower-body clothes,393,370,438,68,402,9
9013,img/img_00055893.jpg,lower-body clothes,411,48,48,0,411,0
9014,img/img_00055918.jpg,full-body clothes,232,110,226,116,364,132
9015,img/img_00055921.jpg,full-body clothes,129,93,188,95,190,61
9016,img/img_00055932.jpg,full-body clothes,336,186,237,51,475,139
9017,img/img_00055933.jpg,full-body clothes,250,176,280,104,273,23
9018,img/img_00055937.jpg,full-body clothes,476,332,347,15,491,15
9019,img/img_00055940.jpg,full-body clothes,447,348,348,0,447,0
9020,img/img_00055951.jpg,full-body clothes,244,162,309,147,318,74
9021,img/img_00055956.jpg,full-body clothes,408,328,377,49,452,44
9022,img/img_00055957.jpg,upper-body clothes,324,189,279,90,340,16
9023,img/img_00055960.jpg,full-body clothes,509,349,349,0,509,0
9024,img/img_00055970.jpg,upper-body clothes,418,300,374,74,499,81
9025,img/img_00055986.jpg,full-body clothes,225,121,168,47,330,105
9026,img/img_00056007.jpg,full-body clothes,441,335,335,0,441,0
9027,img/img_00056009.jpg,full-body clothes,438,209,230,21,468,30
9028,img/img_00056032.jpg,upper-body clothes,446,273,273,0,446,0
9029,img/img_00056045.jpg,upper-body clothes,207,137,255,118,295,88
9030,img/img_00056054.jpg,upper-body clothes,426,366,368,2,495,69
9031,img/img_00056057.jpg,upper-body clothes,106,369,369,0,106,0
9032,img/img_00056064.jpg,full-body clothes,406,194,271,77,457,51
9033,img/img_00056065.jpg,full-body clothes,500,333,333,0,500,0
9034,img/img_00056073.jpg,full-body clothes,495,376,376,0,495,0
9035,img/img_00056076.jpg,full-body clothes,482,325,325,0,482,0
9036,img/img_00056077.jpg,full-body clothes,400,342,354,12,480,80
9037,img/img_00056079.jpg,full-body clothes,213,139,250,111,346,133
9038,img/img_00056087.jpg,full-body clothes,148,108,247,139,316,168
9039,img/img_00056090.jpg,full-body clothes,431,340,365,25,463,32
9040,img/img_00056094.jpg,upper-body clothes,397,288,341,53,486,89
9041,img/img_00056106.jpg,full-body clothes,489,200,200,0,489,0
9042,img/img_00056123.jpg,full-body clothes,445,326,326,0,445,0
9043,img/img_00056135.jpg,full-body clothes,439,274,274,0,439,0
9044,img/img_00056139.jpg,full-body clothes,201,312,312,0,201,0
9045,img/img_00056142.jpg,upper-body clothes,58,358,358,0,58,0
9046,img/img_00056146.jpg,upper-body clothes,493,257,262,5,498,5
9047,img/img_00056150.jpg,upper-body clothes,245,153,262,109,322,77
9048,img/img_00056155.jpg,full-body clothes,261,357,357,0,261,0
9049,img/img_00056159.jpg,full-body clothes,415,290,290,0,415,0
9050,img/img_00056160.jpg,full-body clothes,394,283,283,0,394,0
9051,img/img_00056165.jpg,full-body clothes,171,67,201,134,349,178
9052,img/img_00056180.jpg,full-body clothes,197,99,165,66,361,164
9053,img/img_00056185.jpg,full-body clothes,253,156,223,67,368,115
9054,img/img_00056186.jpg,full-body clothes,363,282,299,17,380,17
9055,img/img_00056199.jpg,full-body clothes,396,247,253,6,401,5
9056,img/img_00056201.jpg,full-body clothes,281,118,225,107,375,94
9057,img/img_00056202.jpg,full-body clothes,231,154,253,99,363,132
9058,img/img_00056207.jpg,full-body clothes,477,351,377,26,485,8
9059,img/img_00056213.jpg,full-body clothes,321,196,271,75,470,149
9060,img/img_00056217.jpg,full-body clothes,365,223,300,77,477,112
9061,img/img_00056221.jpg,full-body clothes,345,253,303,50,510,165
9062,img/img_00056228.jpg,full-body clothes,455,173,183,10,460,5
9063,img/img_00056233.jpg,full-body clothes,254,194,302,108,411,157
9064,img/img_00056234.jpg,full-body clothes,270,168,239,71,493,223
9065,img/img_00056241.jpg,full-body clothes,240,157,250,93,346,106
9066,img/img_00056242.jpg,upper-body clothes,207,374,374,0,207,0
9067,img/img_00056247.jpg,full-body clothes,366,337,337,0,366,0
9068,img/img_00056250.jpg,full-body clothes,325,177,269,92,458,133
9069,img/img_00056255.jpg,full-body clothes,434,302,302,0,434,0
9070,img/img_00056264.jpg,full-body clothes,293,274,274,0,293,0
9071,img/img_00056265.jpg,full-body clothes,374,277,277,0,374,0
9072,img/img_00056267.jpg,full-body clothes,235,68,261,193,279,44
9073,img/img_00056271.jpg,full-body clothes,127,38,208,170,319,192
9074,img/img_00056278.jpg,full-body clothes,198,107,240,133,285,87
9075,img/img_00056284.jpg,full-body clothes,360,267,321,54,395,35
9076,img/img_00056296.jpg,full-body clothes,238,203,203,0,238,0
9077,img/img_00056309.jpg,full-body clothes,260,205,279,74,390,130
9078,img/img_00056316.jpg,full-body clothes,325,226,321,95,459,134
9079,img/img_00056317.jpg,full-body clothes,314,260,308,48,452,138
9080,img/img_00056318.jpg,full-body clothes,457,362,362,0,457,0
9081,img/img_00056324.jpg,full-body clothes,198,117,297,180,354,156
9082,img/img_00056351.jpg,upper-body clothes,208,113,244,131,447,239
9083,img/img_00056361.jpg,full-body clothes,135,276,276,0,135,0
9084,img/img_00056378.jpg,full-body clothes,293,116,180,64,381,88
9085,img/img_00056380.jpg,full-body clothes,252,124,258,134,373,121
9086,img/img_00056383.jpg,full-body clothes,296,156,245,89,353,57
9087,img/img_00056388.jpg,full-body clothes,242,253,253,0,242,0
9088,img/img_00056392.jpg,full-body clothes,208,162,208,46,296,88
9089,img/img_00056397.jpg,full-body clothes,347,194,233,39,373,26
9090,img/img_00056399.jpg,full-body clothes,465,235,320,85,470,5
9091,img/img_00056400.jpg,full-body clothes,455,262,265,3,505,50
9092,img/img_00056421.jpg,lower-body clothes,133,91,218,127,257,124
9093,img/img_00056428.jpg,full-body clothes,204,251,251,0,204,0
9094,img/img_00056433.jpg,full-body clothes,397,341,341,0,397,0
9095,img/img_00056445.jpg,full-body clothes,483,370,370,0,483,0
9096,img/img_00056449.jpg,full-body clothes,285,173,284,111,351,66
9097,img/img_00056465.jpg,full-body clothes,486,372,377,5,506,20
9098,img/img_00056467.jpg,full-body clothes,315,149,276,127,350,35
9099,img/img_00056468.jpg,full-body clothes,316,141,241,100,338,22
9100,img/img_00056481.jpg,full-body clothes,323,171,239,68,330,7
9101,img/img_00056491.jpg,full-body clothes,300,169,273,104,443,143
9102,img/img_00056508.jpg,full-body clothes,239,276,276,0,239,0
9103,img/img_00056510.jpg,full-body clothes,357,222,295,73,403,46
9104,img/img_00056525.jpg,full-body clothes,327,336,336,0,327,0
9105,img/img_00056531.jpg,full-body clothes,451,249,338,89,479,28
9106,img/img_00056534.jpg,full-body clothes,320,277,277,0,320,0
9107,img/img_00056535.jpg,upper-body clothes,228,151,174,23,387,159
9108,img/img_00056543.jpg,full-body clothes,310,306,323,17,444,134
9109,img/img_00056551.jpg,full-body clothes,435,366,366,0,435,0
9110,img/img_00056553.jpg,full-body clothes,432,337,337,0,432,0
9111,img/img_00056563.jpg,full-body clothes,438,320,395,75,490,52
9112,img/img_00056570.jpg,full-body clothes,336,148,221,73,349,13
9113,img/img_00056578.jpg,full-body clothes,305,130,230,100,402,97
9114,img/img_00056584.jpg,full-body clothes,187,310,310,0,187,0
9115,img/img_00056585.jpg,full-body clothes,322,295,295,0,322,0
9116,img/img_00056590.jpg,full-body clothes,314,151,249,98,438,124
9117,img/img_00056600.jpg,full-body clothes,134,62,148,86,328,194
9118,img/img_00056608.jpg,full-body clothes,312,143,244,101,367,55
9119,img/img_00056612.jpg,upper-body clothes,123,70,227,157,277,154
9120,img/img_00056613.jpg,upper-body clothes,179,175,303,128,254,75
9121,img/img_00056632.jpg,full-body clothes,427,302,302,0,427,0
9122,img/img_00056650.jpg,full-body clothes,481,183,183,0,481,0
9123,img/img_00056651.jpg,full-body clothes,266,160,160,0,266,0
9124,img/img_00056656.jpg,full-body clothes,227,27,213,186,366,139
9125,img/img_00056658.jpg,full-body clothes,146,145,260,115,305,159
9126,img/img_00056659.jpg,full-body clothes,206,82,146,64,353,147
9127,img/img_00056663.jpg,full-body clothes,370,182,283,101,458,88
9128,img/img_00056669.jpg,full-body clothes,155,72,189,117,242,87
9129,img/img_00056680.jpg,upper-body clothes,330,274,274,0,330,0
9130,img/img_00056685.jpg,upper-body clothes,456,347,366,19,498,42
9131,img/img_00056686.jpg,upper-body clothes,299,222,289,67,333,34
9132,img/img_00056691.jpg,upper-body clothes,329,239,297,58,335,6
9133,img/img_00056692.jpg,upper-body clothes,176,231,318,87,467,291
9134,img/img_00056696.jpg,upper-body clothes,408,314,366,52,422,14
9135,img/img_00056697.jpg,upper-body clothes,229,184,280,96,353,124
9136,img/img_00056709.jpg,upper-body clothes,84,146,256,110,200,116
9137,img/img_00056712.jpg,upper-body clothes,146,119,263,144,233,87
9138,img/img_00056714.jpg,upper-body clothes,194,125,227,102,219,25
9139,img/img_00056719.jpg,upper-body clothes,303,204,275,71,450,147
9140,img/img_00056721.jpg,full-body clothes,422,316,316,0,422,0
9141,img/img_00056732.jpg,lower-body clothes,377,146,242,96,419,42
9142,img/img_00056733.jpg,upper-body clothes,431,231,285,54,463,32
9143,img/img_00056736.jpg,full-body clothes,295,191,214,23,407,112
9144,img/img_00056756.jpg,full-body clothes,313,208,259,51,344,31
9145,img/img_00056759.jpg,full-body clothes,297,180,261,81,398,101
9146,img/img_00056768.jpg,lower-body clothes,202,185,303,118,446,244
9147,img/img_00056776.jpg,full-body clothes,486,276,280,4,509,23
9148,img/img_00056786.jpg,full-body clothes,322,156,271,115,395,73
9149,img/img_00056798.jpg,upper-body clothes,110,374,374,0,110,0
9150,img/img_00056826.jpg,full-body clothes,417,109,239,130,459,42
9151,img/img_00056828.jpg,full-body clothes,201,107,244,137,230,29
9152,img/img_00056836.jpg,full-body clothes,431,228,306,78,439,8
9153,img/img_00056842.jpg,lower-body clothes,179,138,236,98,234,55
9154,img/img_00056843.jpg,lower-body clothes,463,368,368,0,463,0
9155,img/img_00056847.jpg,full-body clothes,300,231,299,68,436,136
9156,img/img_00056853.jpg,full-body clothes,302,133,288,155,450,148
9157,img/img_00056854.jpg,full-body clothes,384,326,326,0,384,0
9158,img/img_00056871.jpg,full-body clothes,293,194,306,112,350,57
9159,img/img_00056885.jpg,lower-body clothes,468,284,316,32,488,20
9160,img/img_00056889.jpg,upper-body clothes,303,199,277,78,479,176
9161,img/img_00056907.jpg,lower-body clothes,84,68,216,148,312,228
9162,img/img_00056914.jpg,lower-body clothes,321,316,344,28,391,70
9163,img/img_00056918.jpg,lower-body clothes,324,325,347,22,405,81
9164,img/img_00056928.jpg,full-body clothes,483,239,239,0,483,0
9165,img/img_00056930.jpg,full-body clothes,425,305,305,0,425,0
9166,img/img_00056939.jpg,lower-body clothes,147,93,314,221,364,217
9167,img/img_00056940.jpg,lower-body clothes,324,138,252,114,408,84
9168,img/img_00056942.jpg,lower-body clothes,178,160,279,119,336,158
9169,img/img_00056945.jpg,lower-body clothes,424,171,171,0,424,0
9170,img/img_00056949.jpg,lower-body clothes,161,308,308,0,161,0
9171,img/img_00056950.jpg,lower-body clothes,163,113,214,101,324,161
9172,img/img_00056955.jpg,upper-body clothes,300,193,273,80,446,146
9173,img/img_00056956.jpg,upper-body clothes,308,174,243,69,462,154
9174,img/img_00056968.jpg,full-body clothes,194,153,198,45,328,134
9175,img/img_00056970.jpg,full-body clothes,502,260,317,57,511,9
9176,img/img_00056972.jpg,full-body clothes,252,311,311,0,252,0
9177,img/img_00056973.jpg,full-body clothes,333,218,218,0,333,0
9178,img/img_00056978.jpg,full-body clothes,387,158,279,121,505,118
9179,img/img_00056981.jpg,full-body clothes,499,312,312,0,499,0
9180,img/img_00056985.jpg,full-body clothes,289,379,379,0,289,0
9181,img/img_00057008.jpg,full-body clothes,220,186,186,0,220,0
9182,img/img_00057014.jpg,upper-body clothes,335,235,290,55,343,8
9183,img/img_00057021.jpg,full-body clothes,405,207,291,84,428,23
9184,img/img_00057033.jpg,upper-body clothes,305,264,264,0,305,0
9185,img/img_00057035.jpg,upper-body clothes,141,196,296,100,237,96
9186,img/img_00057037.jpg,upper-body clothes,328,297,297,0,328,0
9187,img/img_00057039.jpg,lower-body clothes,382,167,299,132,388,6
9188,img/img_00057044.jpg,upper-body clothes,110,283,283,0,110,0
9189,img/img_00057055.jpg,full-body clothes,427,298,298,0,427,0
9190,img/img_00057063.jpg,upper-body clothes,275,209,246,37,303,28
9191,img/img_00057072.jpg,upper-body clothes,335,204,204,0,335,0
9192,img/img_00057073.jpg,upper-body clothes,180,108,202,94,187,7
9193,img/img_00057113.jpg,lower-body clothes,376,262,262,0,376,0
9194,img/img_00057118.jpg,lower-body clothes,452,202,202,0,452,0
9195,img/img_00057121.jpg,lower-body clothes,289,196,209,13,420,131
9196,img/img_00057133.jpg,upper-body clothes,316,235,284,49,327,11
9197,img/img_00057137.jpg,lower-body clothes,146,187,259,72,173,27
9198,img/img_00057145.jpg,lower-body clothes,230,250,303,53,303,73
9199,img/img_00057154.jpg,lower-body clothes,37,317,317,0,37,0
9200,img/img_00057162.jpg,lower-body clothes,464,378,378,0,464,0
9201,img/img_00057165.jpg,lower-body clothes,384,189,243,54,387,3
9202,img/img_00057175.jpg,lower-body clothes,200,30,166,136,424,224
9203,img/img_00057177.jpg,lower-body clothes,263,112,112,0,263,0
9204,img/img_00057179.jpg,lower-body clothes,328,152,295,143,358,30
9205,img/img_00057181.jpg,lower-body clothes,318,132,261,129,396,78
9206,img/img_00057184.jpg,lower-body clothes,491,163,163,0,491,0
9207,img/img_00057187.jpg,full-body clothes,418,240,266,26,472,54
9208,img/img_00057188.jpg,full-body clothes,340,151,239,88,478,138
9209,img/img_00057189.jpg,full-body clothes,252,176,268,92,381,129
9210,img/img_00057201.jpg,lower-body clothes,1,1,1,0,1,0
9211,img/img_00057203.jpg,upper-body clothes,432,266,299,33,446,14
9212,img/img_00057210.jpg,full-body clothes,182,99,241,142,303,121
9213,img/img_00057212.jpg,full-body clothes,180,100,239,139,299,119
9214,img/img_00057215.jpg,lower-body clothes,310,258,302,44,373,63
9215,img/img_00057218.jpg,lower-body clothes,397,361,361,0,397,0
9216,img/img_00057234.jpg,lower-body clothes,363,333,345,12,420,57
9217,img/img_00057238.jpg,full-body clothes,506,345,345,0,506,0
9218,img/img_00057240.jpg,full-body clothes,303,167,265,98,314,11
9219,img/img_00057244.jpg,full-body clothes,441,359,364,5,456,15
9220,img/img_00057245.jpg,full-body clothes,491,338,338,0,491,0
9221,img/img_00057252.jpg,upper-body clothes,425,366,375,9,436,11
9222,img/img_00057261.jpg,full-body clothes,320,130,236,106,461,141
9223,img/img_00057263.jpg,full-body clothes,365,200,281,81,465,100
9224,img/img_00057267.jpg,full-body clothes,365,160,263,103,490,125
9225,img/img_00057270.jpg,upper-body clothes,163,189,213,24,299,136
9226,img/img_00057272.jpg,lower-body clothes,411,288,307,19,433,22
9227,img/img_00057274.jpg,full-body clothes,263,410,410,0,263,0
9228,img/img_00057280.jpg,full-body clothes,344,115,235,120,439,95
9229,img/img_00057283.jpg,full-body clothes,212,305,305,0,212,0
9230,img/img_00057290.jpg,upper-body clothes,197,127,233,106,306,109
9231,img/img_00057291.jpg,upper-body clothes,199,151,239,88,315,116
9232,img/img_00057303.jpg,upper-body clothes,289,367,367,0,289,0
9233,img/img_00057305.jpg,upper-body clothes,177,138,239,101,282,105
9234,img/img_00057327.jpg,upper-body clothes,225,162,249,87,347,122
9235,img/img_00057328.jpg,upper-body clothes,330,311,311,0,330,0
9236,img/img_00057334.jpg,upper-body clothes,187,192,263,71,228,41
9237,img/img_00057337.jpg,upper-body clothes,368,326,326,0,368,0
9238,img/img_00057346.jpg,upper-body clothes,273,177,247,70,406,133
9239,img/img_00057347.jpg,upper-body clothes,384,233,274,41,424,40
9240,img/img_00057351.jpg,lower-body clothes,1,1,1,0,1,0
9241,img/img_00057358.jpg,upper-body clothes,213,164,271,107,335,122
9242,img/img_00057361.jpg,upper-body clothes,244,178,249,71,258,14
9243,img/img_00057377.jpg,upper-body clothes,492,369,369,0,492,0
9244,img/img_00057378.jpg,upper-body clothes,488,358,377,19,502,14
9245,img/img_00057381.jpg,upper-body clothes,266,241,342,101,299,33
9246,img/img_00057388.jpg,upper-body clothes,450,259,259,0,450,0
9247,img/img_00057396.jpg,lower-body clothes,509,277,277,0,509,0
9248,img/img_00057405.jpg,lower-body clothes,109,18,197,179,292,183
9249,img/img_00057408.jpg,lower-body clothes,143,86,268,182,342,199
9250,img/img_00057412.jpg,lower-body clothes,253,354,359,5,322,69
9251,img/img_00057420.jpg,lower-body clothes,486,282,282,0,486,0
9252,img/img_00057423.jpg,lower-body clothes,395,171,242,71,422,27
9253,img/img_00057424.jpg,lower-body clothes,417,337,337,0,417,0
9254,img/img_00057431.jpg,lower-body clothes,132,119,152,33,465,333
9255,img/img_00057432.jpg,lower-body clothes,54,306,306,0,54,0
9256,img/img_00057440.jpg,upper-body clothes,225,146,244,98,447,222
9257,img/img_00057443.jpg,upper-body clothes,127,74,218,144,292,165
9258,img/img_00057454.jpg,full-body clothes,287,110,224,114,376,89
9259,img/img_00057458.jpg,upper-body clothes,165,98,245,147,173,8
9260,img/img_00057485.jpg,lower-body clothes,416,235,348,113,462,46
9261,img/img_00057495.jpg,upper-body clothes,301,166,325,159,480,179
9262,img/img_00057498.jpg,upper-body clothes,328,229,262,33,431,103
9263,img/img_00057509.jpg,upper-body clothes,353,227,286,59,499,146
9264,img/img_00057511.jpg,upper-body clothes,337,231,306,75,478,141
9265,img/img_00057514.jpg,upper-body clothes,388,270,270,0,388,0
9266,img/img_00057520.jpg,upper-body clothes,305,281,289,8,358,53
9267,img/img_00057523.jpg,upper-body clothes,344,211,239,28,367,23
9268,img/img_00057529.jpg,upper-body clothes,329,215,295,80,356,27
9269,img/img_00057542.jpg,full-body clothes,447,261,313,52,462,15
9270,img/img_00057549.jpg,upper-body clothes,356,221,221,0,356,0
9271,img/img_00057552.jpg,full-body clothes,321,126,240,114,416,95
9272,img/img_00057559.jpg,upper-body clothes,490,374,374,0,490,0
9273,img/img_00057571.jpg,upper-body clothes,352,202,202,0,352,0
9274,img/img_00057575.jpg,lower-body clothes,328,268,311,43,452,124
9275,img/img_00057576.jpg,lower-body clothes,71,279,279,0,71,0
9276,img/img_00057581.jpg,lower-body clothes,311,272,328,56,476,165
9277,img/img_00057588.jpg,lower-body clothes,368,32,226,194,436,68
9278,img/img_00057591.jpg,full-body clothes,205,85,255,170,276,71
9279,img/img_00057596.jpg,lower-body clothes,168,124,301,177,299,131
9280,img/img_00057598.jpg,full-body clothes,303,85,217,132,395,92
9281,img/img_00057607.jpg,upper-body clothes,354,271,312,41,380,26
9282,img/img_00057612.jpg,upper-body clothes,436,294,314,20,469,33
9283,img/img_00057619.jpg,upper-body clothes,215,190,315,125,380,165
9284,img/img_00057632.jpg,full-body clothes,243,172,258,86,328,85
9285,img/img_00057638.jpg,upper-body clothes,353,229,321,92,376,23
9286,img/img_00057648.jpg,full-body clothes,449,350,350,0,449,0
9287,img/img_00057652.jpg,full-body clothes,475,334,334,0,475,0
9288,img/img_00057675.jpg,lower-body clothes,177,160,247,87,244,67
9289,img/img_00057684.jpg,lower-body clothes,362,137,231,94,414,52
9290,img/img_00057688.jpg,full-body clothes,333,130,236,106,441,108
9291,img/img_00057707.jpg,full-body clothes,119,44,253,209,290,171
9292,img/img_00057711.jpg,lower-body clothes,164,49,191,142,427,263
9293,img/img_00057723.jpg,lower-body clothes,258,113,216,103,276,18
9294,img/img_00057730.jpg,lower-body clothes,259,132,221,89,272,13
9295,img/img_00057734.jpg,lower-body clothes,420,143,249,106,439,19
9296,img/img_00057737.jpg,lower-body clothes,465,310,335,25,489,24
9297,img/img_00057744.jpg,upper-body clothes,144,120,262,142,294,150
9298,img/img_00057755.jpg,full-body clothes,193,52,142,90,381,188
9299,img/img_00057756.jpg,full-body clothes,233,331,331,0,233,0
9300,img/img_00057757.jpg,full-body clothes,408,302,323,21,431,23
9301,img/img_00057760.jpg,full-body clothes,338,271,278,7,499,161
9302,img/img_00057768.jpg,upper-body clothes,362,258,309,51,371,9
9303,img/img_00057772.jpg,upper-body clothes,432,356,376,20,487,55
9304,img/img_00057775.jpg,full-body clothes,201,50,220,170,399,198
9305,img/img_00057788.jpg,upper-body clothes,197,132,238,106,298,101
9306,img/img_00057793.jpg,lower-body clothes,179,167,273,106,238,59
9307,img/img_00057798.jpg,lower-body clothes,333,314,338,24,395,62
9308,img/img_00057801.jpg,lower-body clothes,283,368,423,55,324,41
9309,img/img_00057802.jpg,lower-body clothes,153,131,196,65,267,114
9310,img/img_00057816.jpg,upper-body clothes,335,253,286,33,344,9
9311,img/img_00057820.jpg,upper-body clothes,305,223,295,72,319,14
9312,img/img_00057821.jpg,upper-body clothes,335,239,277,38,349,14
9313,img/img_00057822.jpg,upper-body clothes,303,234,347,113,317,14
9314,img/img_00057840.jpg,lower-body clothes,381,92,210,118,386,5
9315,img/img_00057841.jpg,upper-body clothes,322,271,304,33,422,100
9316,img/img_00057844.jpg,lower-body clothes,106,295,295,0,106,0
9317,img/img_00057848.jpg,lower-body clothes,504,303,303,0,504,0
9318,img/img_00057851.jpg,lower-body clothes,126,84,202,118,312,186
9319,img/img_00057853.jpg,lower-body clothes,413,331,354,23,454,41
9320,img/img_00057859.jpg,lower-body clothes,294,391,448,57,323,29
9321,img/img_00057865.jpg,full-body clothes,463,287,287,0,463,0
9322,img/img_00057867.jpg,full-body clothes,140,88,202,114,278,138
9323,img/img_00057868.jpg,full-body clothes,451,314,332,18,457,6
9324,img/img_00057869.jpg,full-body clothes,401,373,373,0,401,0
9325,img/img_00057870.jpg,lower-body clothes,408,174,255,81,468,60
9326,img/img_00057874.jpg,full-body clothes,386,220,282,62,478,92
9327,img/img_00057875.jpg,full-body clothes,121,115,267,152,299,178
9328,img/img_00057883.jpg,lower-body clothes,157,145,240,95,236,79
9329,img/img_00057888.jpg,full-body clothes,308,379,397,18,353,45
9330,img/img_00057892.jpg,full-body clothes,396,368,368,0,396,0
9331,img/img_00057907.jpg,lower-body clothes,81,90,90,0,81,0
9332,img/img_00057908.jpg,lower-body clothes,332,198,198,0,332,0
9333,img/img_00057911.jpg,lower-body clothes,207,156,362,206,473,266
9334,img/img_00057917.jpg,full-body clothes,364,270,270,0,364,0
9335,img/img_00057922.jpg,full-body clothes,205,116,218,102,210,5
9336,img/img_00057923.jpg,full-body clothes,364,51,202,151,463,99
9337,img/img_00057927.jpg,upper-body clothes,391,262,308,46,401,10
9338,img/img_00057928.jpg,upper-body clothes,379,236,296,60,389,10
9339,img/img_00057931.jpg,full-body clothes,320,183,252,69,334,14
9340,img/img_00057937.jpg,full-body clothes,362,237,237,0,362,0
9341,img/img_00057939.jpg,full-body clothes,317,292,292,0,317,0
9342,img/img_00057994.jpg,lower-body clothes,266,43,208,165,359,93
9343,img/img_00057998.jpg,lower-body clothes,69,436,436,0,69,0
9344,img/img_00058003.jpg,full-body clothes,253,148,238,90,311,58
9345,img/img_00058005.jpg,full-body clothes,391,224,268,44,470,79
9346,img/img_00058010.jpg,full-body clothes,343,172,221,49,394,51
9347,img/img_00058021.jpg,upper-body clothes,398,271,271,0,398,0
9348,img/img_00058031.jpg,full-body clothes,340,178,232,54,471,131
9349,img/img_00058034.jpg,full-body clothes,241,59,146,87,331,90
9350,img/img_00058048.jpg,full-body clothes,329,210,269,59,449,120
9351,img/img_00058051.jpg,upper-body clothes,259,163,261,98,432,173
9352,img/img_00058055.jpg,upper-body clothes,296,216,278,62,337,41
9353,img/img_00058063.jpg,full-body clothes,244,171,249,78,328,84
9354,img/img_00058068.jpg,upper-body clothes,318,262,298,36,333,15
9355,img/img_00058076.jpg,full-body clothes,224,93,218,125,368,144
9356,img/img_00058093.jpg,lower-body clothes,216,36,194,158,445,229
9357,img/img_00058117.jpg,full-body clothes,93,35,171,136,209,116
9358,img/img_00058118.jpg,upper-body clothes,322,232,281,49,337,15
9359,img/img_00058125.jpg,full-body clothes,319,167,270,103,460,141
9360,img/img_00058130.jpg,full-body clothes,409,201,346,145,419,10
9361,img/img_00058133.jpg,full-body clothes,290,72,262,190,317,27
9362,img/img_00058138.jpg,full-body clothes,424,292,292,0,424,0
9363,img/img_00058139.jpg,full-body clothes,313,166,269,103,456,143
9364,img/img_00058156.jpg,lower-body clothes,185,167,247,80,255,70
9365,img/img_00058169.jpg,full-body clothes,339,135,237,102,477,138
9366,img/img_00058172.jpg,full-body clothes,304,126,252,126,334,30
9367,img/img_00058177.jpg,full-body clothes,388,250,250,0,388,0
9368,img/img_00058182.jpg,full-body clothes,241,108,226,118,327,86
9369,img/img_00058183.jpg,lower-body clothes,261,217,284,67,345,84
9370,img/img_00058187.jpg,upper-body clothes,211,147,308,161,322,111
9371,img/img_00058192.jpg,full-body clothes,209,86,253,167,231,22
9372,img/img_00058193.jpg,full-body clothes,240,139,269,130,364,124
9373,img/img_00058197.jpg,upper-body clothes,226,154,267,113,229,3
9374,img/img_00058200.jpg,full-body clothes,338,144,274,130,424,86
9375,img/img_00058202.jpg,full-body clothes,74,231,351,120,255,181
9376,img/img_00058208.jpg,upper-body clothes,208,157,318,161,343,135
9377,img/img_00058209.jpg,upper-body clothes,297,319,343,24,303,6
9378,img/img_00058211.jpg,upper-body clothes,339,233,277,44,483,144
9379,img/img_00058212.jpg,lower-body clothes,183,170,265,95,227,44
9380,img/img_00058213.jpg,upper-body clothes,397,273,298,25,408,11
9381,img/img_00058219.jpg,lower-body clothes,481,244,244,0,481,0
9382,img/img_00058253.jpg,upper-body clothes,369,250,271,21,382,13
9383,img/img_00058264.jpg,lower-body clothes,267,394,410,16,305,38
9384,img/img_00058273.jpg,lower-body clothes,313,142,248,106,338,25
9385,img/img_00058278.jpg,full-body clothes,502,213,213,0,502,0
9386,img/img_00058294.jpg,upper-body clothes,324,228,250,22,330,6
9387,img/img_00058296.jpg,upper-body clothes,269,229,375,146,289,20
9388,img/img_00058298.jpg,lower-body clothes,268,139,240,101,307,39
9389,img/img_00058321.jpg,lower-body clothes,136,124,155,31,144,8
9390,img/img_00058323.jpg,lower-body clothes,375,129,237,108,388,13
9391,img/img_00058324.jpg,lower-body clothes,221,172,172,0,221,0
9392,img/img_00058326.jpg,full-body clothes,230,104,261,157,316,86
9393,img/img_00058327.jpg,lower-body clothes,228,148,237,89,266,38
9394,img/img_00058328.jpg,lower-body clothes,129,335,335,0,129,0
9395,img/img_00058329.jpg,lower-body clothes,135,153,218,65,445,310
9396,img/img_00058330.jpg,lower-body clothes,126,154,264,110,416,290
9397,img/img_00058335.jpg,lower-body clothes,155,158,293,135,199,44
9398,img/img_00058347.jpg,lower-body clothes,227,76,194,118,400,173
9399,img/img_00058349.jpg,full-body clothes,366,184,255,71,498,132
9400,img/img_00058359.jpg,full-body clothes,455,236,272,36,486,31
9401,img/img_00058362.jpg,lower-body clothes,304,234,289,55,387,83
9402,img/img_00058368.jpg,lower-body clothes,53,314,314,0,53,0
9403,img/img_00058372.jpg,lower-body clothes,465,216,291,75,504,39
9404,img/img_00058374.jpg,full-body clothes,326,279,279,0,326,0
9405,img/img_00058390.jpg,lower-body clothes,394,190,255,65,462,68
9406,img/img_00058394.jpg,lower-body clothes,207,258,301,43,326,119
9407,img/img_00058396.jpg,lower-body clothes,371,116,231,115,425,54
9408,img/img_00058402.jpg,lower-body clothes,167,175,257,82,215,48
9409,img/img_00058403.jpg,lower-body clothes,88,103,200,97,215,127
9410,img/img_00058417.jpg,full-body clothes,326,220,264,44,500,174
9411,img/img_00058419.jpg,full-body clothes,236,106,208,102,498,262
9412,img/img_00058420.jpg,lower-body clothes,307,116,251,135,355,48
9413,img/img_00058423.jpg,lower-body clothes,290,35,189,154,362,72
9414,img/img_00058435.jpg,upper-body clothes,146,146,152,6,234,88
9415,img/img_00058439.jpg,upper-body clothes,158,117,221,104,339,181
9416,img/img_00058444.jpg,full-body clothes,168,88,244,156,334,166
9417,img/img_00058450.jpg,full-body clothes,399,260,260,0,399,0
9418,img/img_00058453.jpg,full-body clothes,422,246,274,28,440,18
9419,img/img_00058454.jpg,full-body clothes,316,319,319,0,316,0
9420,img/img_00058456.jpg,full-body clothes,453,208,276,68,469,16
9421,img/img_00058464.jpg,lower-body clothes,397,326,335,9,428,31
9422,img/img_00058466.jpg,full-body clothes,325,167,216,49,344,19
9423,img/img_00058467.jpg,full-body clothes,365,199,282,83,470,105
9424,img/img_00058472.jpg,upper-body clothes,364,344,344,0,364,0
9425,img/img_00058475.jpg,upper-body clothes,308,195,257,62,314,6
9426,img/img_00058480.jpg,full-body clothes,369,325,342,17,377,8
9427,img/img_00058496.jpg,upper-body clothes,377,269,323,54,504,127
9428,img/img_00058505.jpg,upper-body clothes,471,273,379,106,508,37
9429,img/img_00058507.jpg,upper-body clothes,492,236,236,0,492,0
9430,img/img_00058514.jpg,upper-body clothes,483,335,335,0,483,0
9431,img/img_00058522.jpg,upper-body clothes,370,256,256,0,370,0
9432,img/img_00058523.jpg,full-body clothes,409,366,366,0,409,0
9433,img/img_00058528.jpg,lower-body clothes,16,397,397,0,16,0
9434,img/img_00058538.jpg,lower-body clothes,113,119,179,60,412,299
9435,img/img_00058539.jpg,lower-body clothes,459,100,268,168,486,27
9436,img/img_00058547.jpg,full-body clothes,324,357,357,0,324,0
9437,img/img_00058548.jpg,full-body clothes,450,241,241,0,450,0
9438,img/img_00058565.jpg,full-body clothes,379,267,278,11,439,60
9439,img/img_00058568.jpg,full-body clothes,449,278,306,28,468,19
9440,img/img_00058570.jpg,lower-body clothes,210,195,326,131,235,25
9441,img/img_00058574.jpg,lower-body clothes,310,132,238,106,381,71
9442,img/img_00058585.jpg,full-body clothes,362,145,249,104,489,127
9443,img/img_00058594.jpg,full-body clothes,459,159,326,167,474,15
9444,img/img_00058595.jpg,full-body clothes,319,221,309,88,361,42
9445,img/img_00058596.jpg,full-body clothes,309,202,283,81,427,118
9446,img/img_00058616.jpg,full-body clothes,354,203,268,65,481,127
9447,img/img_00058620.jpg,upper-body clothes,461,293,293,0,461,0
9448,img/img_00058636.jpg,lower-body clothes,278,266,272,6,359,81
9449,img/img_00058644.jpg,upper-body clothes,233,197,268,71,414,181
9450,img/img_00058647.jpg,lower-body clothes,348,189,264,75,363,15
9451,img/img_00058651.jpg,lower-body clothes,207,144,225,81,268,61
9452,img/img_00058652.jpg,lower-body clothes,244,141,180,39,339,95
9453,img/img_00058657.jpg,lower-body clothes,494,290,336,46,504,10
9454,img/img_00058661.jpg,upper-body clothes,280,231,277,46,454,174
9455,img/img_00058663.jpg,full-body clothes,465,255,255,0,465,0
9456,img/img_00058664.jpg,full-body clothes,415,365,365,0,415,0
9457,img/img_00058669.jpg,upper-body clothes,371,288,288,0,371,0
9458,img/img_00058675.jpg,full-body clothes,368,247,358,111,441,73
9459,img/img_00058678.jpg,full-body clothes,295,285,285,0,295,0
9460,img/img_00058679.jpg,full-body clothes,181,204,204,0,181,0
9461,img/img_00058691.jpg,full-body clothes,277,175,258,83,481,204
9462,img/img_00058697.jpg,full-body clothes,472,362,362,0,472,0
9463,img/img_00058698.jpg,full-body clothes,460,382,382,0,460,0
9464,img/img_00058709.jpg,lower-body clothes,114,82,239,157,175,61
9465,img/img_00058714.jpg,full-body clothes,222,109,238,129,284,62
9466,img/img_00058715.jpg,full-body clothes,333,370,415,45,348,15
9467,img/img_00058716.jpg,full-body clothes,426,190,190,0,426,0
9468,img/img_00058718.jpg,full-body clothes,324,261,283,22,496,172
9469,img/img_00058722.jpg,full-body clothes,350,228,285,57,399,49
9470,img/img_00058724.jpg,full-body clothes,428,255,294,39,472,44
9471,img/img_00058732.jpg,full-body clothes,177,74,174,100,239,62
9472,img/img_00058734.jpg,full-body clothes,270,124,208,84,307,37
9473,img/img_00058742.jpg,full-body clothes,357,359,359,0,357,0
9474,img/img_00058746.jpg,upper-body clothes,347,249,283,34,371,24
9475,img/img_00058747.jpg,full-body clothes,402,246,284,38,441,39
9476,img/img_00058765.jpg,full-body clothes,157,71,204,133,393,236
9477,img/img_00058775.jpg,full-body clothes,452,215,275,60,478,26
9478,img/img_00058788.jpg,lower-body clothes,369,138,228,90,430,61
9479,img/img_00058789.jpg,lower-body clothes,378,113,251,138,433,55
9480,img/img_00058797.jpg,lower-body clothes,174,78,216,138,357,183
9481,img/img_00058798.jpg,lower-body clothes,151,79,254,175,417,266
9482,img/img_00058801.jpg,lower-body clothes,391,358,364,6,412,21
9483,img/img_00058817.jpg,full-body clothes,99,52,240,188,188,89
9484,img/img_00058824.jpg,upper-body clothes,369,249,309,60,373,4
9485,img/img_00058830.jpg,upper-body clothes,211,460,460,0,211,0
9486,img/img_00058832.jpg,upper-body clothes,298,181,255,74,301,3
9487,img/img_00058840.jpg,full-body clothes,443,389,414,25,462,19
9488,img/img_00058867.jpg,full-body clothes,406,336,336,0,406,0
9489,img/img_00058881.jpg,lower-body clothes,476,238,238,0,476,0
9490,img/img_00058889.jpg,upper-body clothes,109,81,176,95,213,104
9491,img/img_00058894.jpg,lower-body clothes,324,161,293,132,408,84
9492,img/img_00058913.jpg,lower-body clothes,345,113,219,106,411,66
9493,img/img_00058915.jpg,lower-body clothes,375,149,241,92,429,54
9494,img/img_00058920.jpg,lower-body clothes,375,184,218,34,415,40
9495,img/img_00058924.jpg,lower-body clothes,281,136,240,104,497,216
9496,img/img_00058928.jpg,lower-body clothes,246,203,332,129,459,213
9497,img/img_00058929.jpg,full-body clothes,242,372,372,0,242,0
9498,img/img_00058931.jpg,upper-body clothes,329,223,274,51,468,139
9499,img/img_00058935.jpg,upper-body clothes,134,297,297,0,134,0
9500,img/img_00058937.jpg,lower-body clothes,146,82,233,151,376,230
9501,img/img_00058941.jpg,full-body clothes,375,265,346,81,426,51
9502,img/img_00058942.jpg,full-body clothes,383,230,323,93,415,32
9503,img/img_00058949.jpg,upper-body clothes,349,219,271,52,478,129
9504,img/img_00058950.jpg,upper-body clothes,327,216,263,47,481,154
9505,img/img_00058956.jpg,upper-body clothes,160,103,241,138,293,133
9506,img/img_00058967.jpg,upper-body clothes,279,213,306,93,282,3
9507,img/img_00058977.jpg,full-body clothes,269,136,228,92,382,113
9508,img/img_00058978.jpg,full-body clothes,439,319,319,0,439,0
9509,img/img_00058981.jpg,full-body clothes,287,154,266,112,316,29
9510,img/img_00058988.jpg,full-body clothes,269,126,267,141,383,114
9511,img/img_00058990.jpg,upper-body clothes,284,198,260,62,408,124
9512,img/img_00059000.jpg,full-body clothes,329,218,284,66,477,148
9513,img/img_00059003.jpg,full-body clothes,187,108,224,116,263,76
9514,img/img_00059004.jpg,full-body clothes,358,277,277,0,358,0
9515,img/img_00059021.jpg,upper-body clothes,482,374,374,0,482,0
9516,img/img_00059024.jpg,upper-body clothes,417,366,371,5,454,37
9517,img/img_00059025.jpg,upper-body clothes,493,348,372,24,507,14
9518,img/img_00059026.jpg,upper-body clothes,476,364,364,0,476,0
9519,img/img_00059036.jpg,lower-body clothes,419,138,252,114,457,38
9520,img/img_00059039.jpg,full-body clothes,360,308,354,46,475,115
9521,img/img_00059066.jpg,full-body clothes,494,349,349,0,494,0
9522,img/img_00059072.jpg,full-body clothes,486,330,330,0,486,0
9523,img/img_00059078.jpg,full-body clothes,282,193,257,64,425,143
9524,img/img_00059081.jpg,upper-body clothes,332,220,282,62,351,19
9525,img/img_00059083.jpg,upper-body clothes,200,122,258,136,236,36
9526,img/img_00059094.jpg,upper-body clothes,352,258,302,44,471,119
9527,img/img_00059097.jpg,upper-body clothes,469,370,370,0,469,0
9528,img/img_00059107.jpg,full-body clothes,194,130,314,184,259,65
9529,img/img_00059122.jpg,full-body clothes,204,115,270,155,280,76
9530,img/img_00059128.jpg,upper-body clothes,358,150,316,166,385,27
9531,img/img_00059129.jpg,upper-body clothes,420,348,348,0,420,0
9532,img/img_00059137.jpg,lower-body clothes,322,196,283,87,415,93
9533,img/img_00059138.jpg,lower-body clothes,266,272,312,40,393,127
9534,img/img_00059166.jpg,full-body clothes,229,297,297,0,229,0
9535,img/img_00059182.jpg,lower-body clothes,271,142,204,62,385,114
9536,img/img_00059186.jpg,upper-body clothes,212,144,244,100,396,184
9537,img/img_00059187.jpg,upper-body clothes,288,233,266,33,299,11
9538,img/img_00059196.jpg,upper-body clothes,109,73,206,133,265,156
9539,img/img_00059198.jpg,upper-body clothes,397,307,335,28,403,6
9540,img/img_00059203.jpg,lower-body clothes,105,43,236,193,414,309
9541,img/img_00059215.jpg,lower-body clothes,350,101,198,97,408,58
9542,img/img_00059217.jpg,upper-body clothes,427,235,235,0,427,0
9543,img/img_00059219.jpg,full-body clothes,232,117,307,190,400,168
9544,img/img_00059220.jpg,full-body clothes,214,118,242,124,354,140
9545,img/img_00059226.jpg,lower-body clothes,412,226,298,72,439,27
9546,img/img_00059249.jpg,upper-body clothes,13,295,295,0,13,0
9547,img/img_00059254.jpg,lower-body clothes,251,129,233,104,324,73
9548,img/img_00059255.jpg,lower-body clothes,222,143,208,65,266,44
9549,img/img_00059257.jpg,lower-body clothes,449,245,245,0,449,0
9550,img/img_00059262.jpg,lower-body clothes,123,106,140,34,235,112
9551,img/img_00059268.jpg,lower-body clothes,290,332,332,0,290,0
9552,img/img_00059269.jpg,full-body clothes,498,368,368,0,498,0
9553,img/img_00059275.jpg,full-body clothes,361,260,339,79,463,102
9554,img/img_00059278.jpg,full-body clothes,484,216,281,65,488,4
9555,img/img_00059294.jpg,full-body clothes,245,260,260,0,245,0
9556,img/img_00059300.jpg,full-body clothes,457,262,262,0,457,0
9557,img/img_00059301.jpg,full-body clothes,386,222,256,34,485,99
9558,img/img_00059304.jpg,full-body clothes,504,361,361,0,504,0
9559,img/img_00059318.jpg,full-body clothes,329,290,303,13,433,104
9560,img/img_00059340.jpg,full-body clothes,339,190,292,102,347,8
9561,img/img_00059344.jpg,upper-body clothes,326,261,372,111,340,14
9562,img/img_00059354.jpg,upper-body clothes,144,136,162,26,201,57
9563,img/img_00059359.jpg,full-body clothes,165,120,235,115,333,168
9564,img/img_00059361.jpg,full-body clothes,325,151,331,180,493,168
9565,img/img_00059372.jpg,upper-body clothes,327,232,260,28,342,15
9566,img/img_00059373.jpg,upper-body clothes,317,262,262,0,317,0
9567,img/img_00059388.jpg,lower-body clothes,117,100,211,111,324,207
9568,img/img_00059391.jpg,full-body clothes,227,131,159,28,347,120
9569,img/img_00059392.jpg,full-body clothes,478,243,303,60,481,3
9570,img/img_00059396.jpg,upper-body clothes,409,279,332,53,505,96
9571,img/img_00059400.jpg,upper-body clothes,320,224,276,52,439,119
9572,img/img_00059410.jpg,full-body clothes,376,217,271,54,502,126
9573,img/img_00059415.jpg,upper-body clothes,403,357,375,18,418,15
9574,img/img_00059421.jpg,lower-body clothes,305,265,325,60,441,136
9575,img/img_00059424.jpg,lower-body clothes,332,371,377,6,424,92
9576,img/img_00059430.jpg,lower-body clothes,156,114,254,140,264,108
9577,img/img_00059440.jpg,lower-body clothes,401,218,284,66,405,4
9578,img/img_00059441.jpg,lower-body clothes,422,155,274,119,436,14
9579,img/img_00059444.jpg,lower-body clothes,391,194,271,77,407,16
9580,img/img_00059446.jpg,lower-body clothes,351,240,306,66,406,55
9581,img/img_00059460.jpg,lower-body clothes,201,93,153,60,313,112
9582,img/img_00059469.jpg,lower-body clothes,219,119,181,62,328,109
9583,img/img_00059475.jpg,upper-body clothes,499,336,336,0,499,0
9584,img/img_00059483.jpg,upper-body clothes,449,292,308,16,457,8
9585,img/img_00059490.jpg,upper-body clothes,337,258,295,37,342,5
9586,img/img_00059504.jpg,full-body clothes,465,373,373,0,465,0
9587,img/img_00059520.jpg,full-body clothes,328,134,249,115,447,119
9588,img/img_00059524.jpg,full-body clothes,362,245,245,0,362,0
9589,img/img_00059531.jpg,upper-body clothes,221,181,193,12,305,84
9590,img/img_00059552.jpg,full-body clothes,493,253,253,0,493,0
9591,img/img_00059559.jpg,full-body clothes,491,285,285,0,491,0
9592,img/img_00059569.jpg,full-body clothes,174,106,237,131,367,193
9593,img/img_00059575.jpg,full-body clothes,397,317,317,0,397,0
9594,img/img_00059581.jpg,upper-body clothes,369,235,303,68,378,9
9595,img/img_00059583.jpg,upper-body clothes,397,269,276,7,460,63
9596,img/img_00059600.jpg,upper-body clothes,263,174,217,43,281,18
9597,img/img_00059604.jpg,upper-body clothes,414,297,329,32,418,4
9598,img/img_00059606.jpg,upper-body clothes,386,265,303,38,446,60
9599,img/img_00059614.jpg,lower-body clothes,449,276,328,52,489,40
9600,img/img_00059631.jpg,full-body clothes,299,226,273,47,450,151
9601,img/img_00059633.jpg,full-body clothes,239,154,251,97,280,41
9602,img/img_00059642.jpg,upper-body clothes,331,249,284,35,479,148
9603,img/img_00059646.jpg,full-body clothes,389,260,260,0,389,0
9604,img/img_00059647.jpg,lower-body clothes,422,295,295,0,422,0
9605,img/img_00059669.jpg,full-body clothes,389,212,287,75,399,10
9606,img/img_00059670.jpg,full-body clothes,455,351,351,0,455,0
9607,img/img_00059673.jpg,full-body clothes,490,334,334,0,490,0
9608,img/img_00059675.jpg,full-body clothes,297,203,263,60,339,42
9609,img/img_00059685.jpg,full-body clothes,184,92,229,137,188,4
9610,img/img_00059689.jpg,full-body clothes,233,114,244,130,328,95
9611,img/img_00059690.jpg,full-body clothes,171,86,239,153,333,162
9612,img/img_00059698.jpg,full-body clothes,500,329,329,0,500,0
9613,img/img_00059706.jpg,full-body clothes,308,211,271,60,467,159
9614,img/img_00059707.jpg,full-body clothes,337,279,279,0,337,0
9615,img/img_00059709.jpg,full-body clothes,369,244,301,57,469,100
9616,img/img_00059720.jpg,lower-body clothes,238,223,279,56,258,20
9617,img/img_00059722.jpg,upper-body clothes,201,136,231,95,206,5
9618,img/img_00059724.jpg,upper-body clothes,259,247,344,97,269,10
9619,img/img_00059727.jpg,lower-body clothes,156,112,239,127,408,252
9620,img/img_00059737.jpg,upper-body clothes,503,330,330,0,503,0
9621,img/img_00059741.jpg,lower-body clothes,465,322,329,7,485,20
9622,img/img_00059744.jpg,upper-body clothes,340,317,376,59,404,64
9623,img/img_00059751.jpg,full-body clothes,335,233,233,0,335,0
9624,img/img_00059757.jpg,lower-body clothes,218,124,260,136,442,224
9625,img/img_00059772.jpg,full-body clothes,204,109,260,151,306,102
9626,img/img_00059775.jpg,full-body clothes,318,232,351,119,439,121
9627,img/img_00059780.jpg,full-body clothes,161,101,171,70,225,64
9628,img/img_00059806.jpg,lower-body clothes,56,291,291,0,56,0
9629,img/img_00059822.jpg,upper-body clothes,279,373,373,0,279,0
9630,img/img_00059834.jpg,lower-body clothes,292,112,234,122,343,51
9631,img/img_00059864.jpg,lower-body clothes,175,105,258,153,286,111
9632,img/img_00059874.jpg,full-body clothes,418,197,266,69,489,71
9633,img/img_00059880.jpg,full-body clothes,217,103,241,138,325,108
9634,img/img_00059883.jpg,upper-body clothes,240,164,248,84,364,124
9635,img/img_00059887.jpg,upper-body clothes,463,312,344,32,491,28
9636,img/img_00059893.jpg,upper-body clothes,366,257,271,14,434,68
9637,img/img_00059902.jpg,full-body clothes,300,368,368,0,300,0
9638,img/img_00059906.jpg,full-body clothes,419,221,285,64,465,46
9639,img/img_00059907.jpg,full-body clothes,412,189,293,104,455,43
9640,img/img_00059913.jpg,full-body clothes,122,61,159,98,366,244
9641,img/img_00059940.jpg,lower-body clothes,396,164,257,93,400,4
9642,img/img_00059944.jpg,upper-body clothes,259,184,277,93,435,176
9643,img/img_00059951.jpg,full-body clothes,414,293,302,9,446,32
9644,img/img_00059952.jpg,full-body clothes,393,248,248,0,393,0
9645,img/img_00059957.jpg,lower-body clothes,114,67,150,83,230,116
9646,img/img_00059960.jpg,lower-body clothes,125,159,283,124,231,106
9647,img/img_00059963.jpg,lower-body clothes,114,84,173,89,260,146
9648,img/img_00059969.jpg,full-body clothes,485,339,339,0,485,0
9649,img/img_00059995.jpg,full-body clothes,451,374,374,0,451,0
9650,img/img_00059997.jpg,full-body clothes,355,276,322,46,374,19
9651,img/img_00059998.jpg,full-body clothes,305,201,301,100,438,133
9652,img/img_00060033.jpg,full-body clothes,191,114,226,112,286,95
9653,img/img_00060047.jpg,upper-body clothes,265,230,303,73,392,127
9654,img/img_00060052.jpg,lower-body clothes,184,164,259,95,236,52
9655,img/img_00060059.jpg,full-body clothes,197,116,186,70,305,108
9656,img/img_00060072.jpg,upper-body clothes,421,282,325,43,430,9
9657,img/img_00060083.jpg,full-body clothes,324,288,288,0,324,0
9658,img/img_00060098.jpg,full-body clothes,294,210,210,0,294,0
9659,img/img_00060103.jpg,lower-body clothes,322,215,272,57,334,12
9660,img/img_00060111.jpg,full-body clothes,294,329,329,0,294,0
9661,img/img_00060116.jpg,lower-body clothes,325,118,225,107,334,9
9662,img/img_00060118.jpg,lower-body clothes,351,145,258,113,388,37
9663,img/img_00060126.jpg,full-body clothes,397,272,272,0,397,0
9664,img/img_00060127.jpg,upper-body clothes,443,278,319,41,446,3
9665,img/img_00060130.jpg,upper-body clothes,425,318,354,36,482,57
9666,img/img_00060138.jpg,upper-body clothes,459,319,358,39,491,32
9667,img/img_00060140.jpg,full-body clothes,456,353,353,0,456,0
9668,img/img_00060147.jpg,upper-body clothes,275,218,281,63,417,142
9669,img/img_00060160.jpg,lower-body clothes,25,244,244,0,25,0
9670,img/img_00060166.jpg,lower-body clothes,82,297,297,0,82,0
9671,img/img_00060167.jpg,lower-body clothes,262,226,226,0,262,0
9672,img/img_00060168.jpg,upper-body clothes,416,324,339,15,455,39
9673,img/img_00060176.jpg,lower-body clothes,199,168,244,76,477,278
9674,img/img_00060186.jpg,full-body clothes,229,132,234,102,349,120
9675,img/img_00060187.jpg,full-body clothes,416,359,359,0,416,0
9676,img/img_00060192.jpg,full-body clothes,177,76,329,253,368,191
9677,img/img_00060208.jpg,lower-body clothes,332,268,290,22,374,42
9678,img/img_00060216.jpg,full-body clothes,285,143,258,115,469,184
9679,img/img_00060218.jpg,lower-body clothes,296,140,257,117,491,195
9680,img/img_00060219.jpg,lower-body clothes,484,361,361,0,484,0
9681,img/img_00060223.jpg,upper-body clothes,270,200,272,72,339,69
9682,img/img_00060227.jpg,full-body clothes,199,147,211,64,415,216
9683,img/img_00060229.jpg,full-body clothes,363,178,263,85,480,117
9684,img/img_00060243.jpg,lower-body clothes,201,214,283,69,333,132
9685,img/img_00060251.jpg,lower-body clothes,157,88,231,143,340,183
9686,img/img_00060255.jpg,lower-body clothes,124,72,193,121,234,110
9687,img/img_00060258.jpg,lower-body clothes,139,101,168,67,273,134
9688,img/img_00060274.jpg,full-body clothes,89,61,244,183,226,137
9689,img/img_00060290.jpg,lower-body clothes,122,325,325,0,122,0
9690,img/img_00060295.jpg,lower-body clothes,477,320,320,0,477,0
9691,img/img_00060296.jpg,full-body clothes,329,249,283,34,429,100
9692,img/img_00060299.jpg,upper-body clothes,453,264,351,87,477,24
9693,img/img_00060308.jpg,lower-body clothes,198,117,287,170,256,58
9694,img/img_00060309.jpg,lower-body clothes,221,142,234,92,258,37
9695,img/img_00060312.jpg,lower-body clothes,258,224,314,90,382,124
9696,img/img_00060318.jpg,lower-body clothes,139,129,261,132,400,261
9697,img/img_00060324.jpg,upper-body clothes,224,161,190,29,365,141
9698,img/img_00060325.jpg,upper-body clothes,104,123,288,165,208,104
9699,img/img_00060327.jpg,lower-body clothes,242,242,296,54,304,62
9700,img/img_00060331.jpg,lower-body clothes,76,275,275,0,76,0
9701,img/img_00060342.jpg,upper-body clothes,330,218,335,117,336,6
9702,img/img_00060351.jpg,full-body clothes,386,313,360,47,439,53
9703,img/img_00060352.jpg,full-body clothes,113,55,121,66,238,125
9704,img/img_00060356.jpg,full-body clothes,227,132,220,88,362,135
9705,img/img_00060367.jpg,upper-body clothes,259,238,290,52,428,169
9706,img/img_00060383.jpg,full-body clothes,252,134,237,103,355,103
9707,img/img_00060389.jpg,upper-body clothes,299,249,326,77,392,93
9708,img/img_00060393.jpg,upper-body clothes,275,156,190,34,360,85
9709,img/img_00060394.jpg,upper-body clothes,464,358,371,13,490,26
9710,img/img_00060410.jpg,full-body clothes,155,86,197,111,178,23
9711,img/img_00060413.jpg,full-body clothes,394,263,263,0,394,0
9712,img/img_00060422.jpg,full-body clothes,466,283,283,0,466,0
9713,img/img_00060428.jpg,upper-body clothes,319,207,272,65,463,144
9714,img/img_00060429.jpg,full-body clothes,428,310,328,18,494,66
9715,img/img_00060436.jpg,upper-body clothes,321,232,337,105,340,19
9716,img/img_00060444.jpg,full-body clothes,397,277,277,0,397,0
9717,img/img_00060479.jpg,lower-body clothes,440,315,315,0,440,0
9718,img/img_00060482.jpg,lower-body clothes,310,320,346,26,421,111
9719,img/img_00060489.jpg,full-body clothes,280,134,250,116,394,114
9720,img/img_00060501.jpg,lower-body clothes,451,340,359,19,475,24
9721,img/img_00060502.jpg,lower-body clothes,336,166,244,78,345,9
9722,img/img_00060506.jpg,lower-body clothes,425,203,269,66,450,25
9723,img/img_00060514.jpg,upper-body clothes,393,249,305,56,399,6
9724,img/img_00060539.jpg,upper-body clothes,366,283,318,35,444,78
9725,img/img_00060542.jpg,upper-body clothes,249,197,296,99,270,21
9726,img/img_00060549.jpg,full-body clothes,247,156,283,127,363,116
9727,img/img_00060550.jpg,upper-body clothes,368,238,287,49,391,23
9728,img/img_00060554.jpg,upper-body clothes,503,355,355,0,503,0
9729,img/img_00060562.jpg,upper-body clothes,190,142,264,122,290,100
9730,img/img_00060578.jpg,full-body clothes,509,313,313,0,509,0
9731,img/img_00060589.jpg,lower-body clothes,347,214,266,52,370,23
9732,img/img_00060594.jpg,upper-body clothes,383,235,287,52,415,32
9733,img/img_00060597.jpg,full-body clothes,484,338,338,0,484,0
9734,img/img_00060601.jpg,lower-body clothes,298,283,381,98,388,90
9735,img/img_00060611.jpg,lower-body clothes,302,227,355,128,335,33
9736,img/img_00060612.jpg,lower-body clothes,437,340,393,53,505,68
9737,img/img_00060614.jpg,full-body clothes,221,246,246,0,221,0
9738,img/img_00060630.jpg,full-body clothes,330,246,246,0,330,0
9739,img/img_00060634.jpg,upper-body clothes,201,292,292,0,201,0
9740,img/img_00060640.jpg,lower-body clothes,423,156,258,102,435,12
9741,img/img_00060644.jpg,upper-body clothes,273,104,265,161,420,147
9742,img/img_00060648.jpg,upper-body clothes,311,197,274,77,423,112
9743,img/img_00060652.jpg,upper-body clothes,293,181,264,83,427,134
9744,img/img_00060660.jpg,lower-body clothes,418,257,257,0,418,0
9745,img/img_00060662.jpg,lower-body clothes,355,316,341,25,367,12
9746,img/img_00060668.jpg,lower-body clothes,184,81,207,126,353,169
9747,img/img_00060680.jpg,lower-body clothes,143,40,208,168,366,223
9748,img/img_00060691.jpg,full-body clothes,198,58,187,129,287,89
9749,img/img_00060693.jpg,full-body clothes,392,186,186,0,392,0
9750,img/img_00060709.jpg,upper-body clothes,210,302,302,0,210,0
9751,img/img_00060711.jpg,lower-body clothes,131,180,258,78,446,315
9752,img/img_00060714.jpg,lower-body clothes,78,105,256,151,241,163
9753,img/img_00060718.jpg,lower-body clothes,97,111,158,47,163,66
9754,img/img_00060722.jpg,upper-body clothes,81,68,200,132,210,129
9755,img/img_00060750.jpg,full-body clothes,307,71,171,100,416,109
9756,img/img_00060756.jpg,upper-body clothes,494,97,245,148,508,14
9757,img/img_00060759.jpg,upper-body clothes,106,82,170,88,260,154
9758,img/img_00060765.jpg,upper-body clothes,173,29,146,117,244,71
9759,img/img_00060766.jpg,upper-body clothes,146,89,147,58,205,59
9760,img/img_00060770.jpg,lower-body clothes,221,231,231,0,221,0
9761,img/img_00060776.jpg,lower-body clothes,137,191,264,73,386,249
9762,img/img_00060777.jpg,lower-body clothes,246,139,231,92,500,254
9763,img/img_00060778.jpg,lower-body clothes,116,83,150,67,279,163
9764,img/img_00060788.jpg,lower-body clothes,339,262,262,0,339,0
9765,img/img_00060794.jpg,lower-body clothes,132,171,274,103,433,301
9766,img/img_00060798.jpg,lower-body clothes,67,83,127,44,222,155
9767,img/img_00060802.jpg,lower-body clothes,60,77,123,46,226,166
9768,img/img_00060815.jpg,upper-body clothes,269,166,166,0,269,0
9769,img/img_00060818.jpg,upper-body clothes,311,258,363,105,499,188
9770,img/img_00060820.jpg,upper-body clothes,207,268,283,15,258,51
9771,img/img_00060845.jpg,full-body clothes,172,107,177,70,243,71
9772,img/img_00060847.jpg,full-body clothes,262,95,223,128,352,90
9773,img/img_00060852.jpg,upper-body clothes,297,179,252,73,391,94
9774,img/img_00060865.jpg,upper-body clothes,259,195,255,60,424,165
9775,img/img_00060881.jpg,lower-body clothes,126,138,275,137,292,166
9776,img/img_00060884.jpg,lower-body clothes,172,176,226,50,422,250
9777,img/img_00060886.jpg,lower-body clothes,107,151,297,146,294,187
9778,img/img_00060887.jpg,lower-body clothes,116,127,191,64,304,188
9779,img/img_00060890.jpg,lower-body clothes,212,81,203,122,444,232
9780,img/img_00060897.jpg,lower-body clothes,245,65,293,228,445,200
9781,img/img_00060918.jpg,lower-body clothes,244,94,267,173,445,201
9782,img/img_00060933.jpg,lower-body clothes,182,56,128,72,222,40
9783,img/img_00060938.jpg,lower-body clothes,183,62,130,68,191,8
9784,img/img_00060940.jpg,lower-body clothes,414,159,287,128,426,12
9785,img/img_00060947.jpg,lower-body clothes,363,123,184,61,455,92
9786,img/img_00060960.jpg,lower-body clothes,405,112,209,97,441,36
9787,img/img_00060965.jpg,lower-body clothes,319,138,286,148,352,33
9788,img/img_00060974.jpg,upper-body clothes,256,159,235,76,463,207
9789,img/img_00060977.jpg,upper-body clothes,447,380,380,0,447,0
9790,img/img_00060978.jpg,upper-body clothes,349,189,189,0,349,0
9791,img/img_00060985.jpg,upper-body clothes,295,223,223,0,295,0
9792,img/img_00060991.jpg,upper-body clothes,144,81,150,69,224,80
9793,img/img_00061006.jpg,lower-body clothes,239,121,283,162,447,208
9794,img/img_00061014.jpg,lower-body clothes,116,152,268,116,141,25
9795,img/img_00061019.jpg,lower-body clothes,238,85,289,204,481,243
9796,img/img_00061021.jpg,lower-body clothes,238,69,231,162,429,191
9797,img/img_00061032.jpg,lower-body clothes,376,134,248,114,393,17
9798,img/img_00061033.jpg,lower-body clothes,127,186,186,0,127,0
9799,img/img_00061039.jpg,lower-body clothes,214,109,182,73,390,176
9800,img/img_00061041.jpg,lower-body clothes,453,202,335,133,463,10
9801,img/img_00061045.jpg,lower-body clothes,414,106,307,201,439,25
9802,img/img_00061052.jpg,upper-body clothes,75,70,139,69,234,159
9803,img/img_00061056.jpg,upper-body clothes,313,203,339,136,373,60
9804,img/img_00061062.jpg,upper-body clothes,250,174,304,130,412,162
9805,img/img_00061064.jpg,upper-body clothes,298,252,314,62,457,159
9806,img/img_00061065.jpg,upper-body clothes,116,93,197,104,239,123
9807,img/img_00061072.jpg,upper-body clothes,219,123,235,112,365,146
9808,img/img_00061095.jpg,full-body clothes,354,80,218,138,488,134
9809,img/img_00061098.jpg,full-body clothes,99,63,122,59,143,44
9810,img/img_00061103.jpg,full-body clothes,317,203,256,53,438,121
9811,img/img_00061110.jpg,upper-body clothes,158,150,191,41,286,128
9812,img/img_00061114.jpg,upper-body clothes,333,65,175,110,464,131
9813,img/img_00061115.jpg,upper-body clothes,191,74,162,88,295,104
9814,img/img_00061118.jpg,upper-body clothes,228,88,233,145,387,159
9815,img/img_00061121.jpg,upper-body clothes,247,194,312,118,410,163
9816,img/img_00061122.jpg,upper-body clothes,94,54,141,87,183,89
9817,img/img_00061126.jpg,upper-body clothes,158,145,247,102,209,51
9818,img/img_00061129.jpg,upper-body clothes,478,309,309,0,478,0
9819,img/img_00061130.jpg,upper-body clothes,124,248,248,0,124,0
9820,img/img_00061134.jpg,upper-body clothes,144,319,319,0,144,0
9821,img/img_00061145.jpg,full-body clothes,412,106,256,150,488,76
9822,img/img_00061155.jpg,full-body clothes,509,233,233,0,509,0
9823,img/img_00061158.jpg,full-body clothes,439,348,348,0,439,0
9824,img/img_00061163.jpg,upper-body clothes,474,325,325,0,474,0
9825,img/img_00061166.jpg,upper-body clothes,74,212,212,0,74,0
9826,img/img_00061178.jpg,upper-body clothes,332,291,291,0,332,0
9827,img/img_00061181.jpg,full-body clothes,452,232,232,0,452,0
9828,img/img_00061188.jpg,upper-body clothes,332,158,286,128,468,136
9829,img/img_00061189.jpg,upper-body clothes,221,118,228,110,358,137
9830,img/img_00061190.jpg,upper-body clothes,236,71,127,56,375,139
9831,img/img_00061197.jpg,upper-body clothes,116,262,262,0,116,0
9832,img/img_00061207.jpg,upper-body clothes,449,363,363,0,449,0
9833,img/img_00061218.jpg,upper-body clothes,327,271,271,0,327,0
9834,img/img_00061221.jpg,upper-body clothes,506,261,261,0,506,0
9835,img/img_00061222.jpg,upper-body clothes,183,92,168,76,257,74
9836,img/img_00061227.jpg,lower-body clothes,285,134,240,106,458,173
9837,img/img_00061238.jpg,lower-body clothes,256,84,190,106,453,197
9838,img/img_00061244.jpg,lower-body clothes,455,140,291,151,467,12
9839,img/img_00061254.jpg,lower-body clothes,277,100,250,150,465,188
9840,img/img_00061260.jpg,lower-body clothes,200,73,184,111,393,193
9841,img/img_00061263.jpg,lower-body clothes,435,149,332,183,457,22
9842,img/img_00061267.jpg,lower-body clothes,296,129,496,367,315,19
9843,img/img_00061272.jpg,upper-body clothes,148,207,207,0,148,0
9844,img/img_00061273.jpg,upper-body clothes,134,106,106,0,134,0
9845,img/img_00061278.jpg,upper-body clothes,398,297,344,47,490,92
9846,img/img_00061307.jpg,upper-body clothes,457,190,284,94,499,42
9847,img/img_00061315.jpg,upper-body clothes,280,216,253,37,454,174
9848,img/img_00061317.jpg,upper-body clothes,169,129,200,71,311,142
9849,img/img_00061318.jpg,upper-body clothes,262,260,384,124,475,213
9850,img/img_00061321.jpg,upper-body clothes,152,167,167,0,152,0
9851,img/img_00061324.jpg,upper-body clothes,241,144,242,98,409,168
9852,img/img_00061341.jpg,upper-body clothes,222,85,246,161,354,132
9853,img/img_00061351.jpg,full-body clothes,439,346,346,0,439,0
9854,img/img_00061352.jpg,full-body clothes,357,125,199,74,427,70
9855,img/img_00061361.jpg,full-body clothes,346,75,207,132,427,81
9856,img/img_00061368.jpg,lower-body clothes,233,71,173,102,405,172
9857,img/img_00061372.jpg,lower-body clothes,385,151,285,134,438,53
9858,img/img_00061378.jpg,lower-body clothes,338,117,212,95,380,42
9859,img/img_00061387.jpg,lower-body clothes,250,85,215,130,453,203
9860,img/img_00061388.jpg,lower-body clothes,228,65,302,237,447,219
9861,img/img_00061390.jpg,lower-body clothes,165,82,135,53,197,32
9862,img/img_00061419.jpg,lower-body clothes,100,60,193,133,275,175
9863,img/img_00061422.jpg,lower-body clothes,157,24,198,174,438,281
9864,img/img_00061425.jpg,lower-body clothes,451,378,378,0,451,0
9865,img/img_00061431.jpg,lower-body clothes,97,172,172,0,97,0
9866,img/img_00061439.jpg,lower-body clothes,138,167,288,121,470,332
9867,img/img_00061443.jpg,lower-body clothes,110,97,276,179,335,225
9868,img/img_00061446.jpg,upper-body clothes,158,101,203,102,236,78
9869,img/img_00061453.jpg,upper-body clothes,138,96,205,109,224,86
9870,img/img_00061455.jpg,upper-body clothes,154,120,205,85,255,101
9871,img/img_00061458.jpg,upper-body clothes,69,47,119,72,121,52
9872,img/img_00061463.jpg,upper-body clothes,259,186,273,87,385,126
9873,img/img_00061465.jpg,upper-body clothes,202,115,229,114,253,51
9874,img/img_00061471.jpg,upper-body clothes,180,132,204,72,292,112
9875,img/img_00061473.jpg,upper-body clothes,267,56,180,124,415,148
9876,img/img_00061479.jpg,upper-body clothes,106,96,151,55,182,76
9877,img/img_00061488.jpg,upper-body clothes,354,135,263,128,387,33
9878,img/img_00061490.jpg,upper-body clothes,32,33,65,32,65,33
9879,img/img_00061491.jpg,upper-body clothes,288,192,248,56,363,75
9880,img/img_00061501.jpg,upper-body clothes,371,164,164,0,371,0
9881,img/img_00061505.jpg,upper-body clothes,286,98,211,113,409,123
9882,img/img_00061509.jpg,upper-body clothes,286,226,290,64,472,186
9883,img/img_00061510.jpg,upper-body clothes,152,65,189,124,217,65
9884,img/img_00061514.jpg,upper-body clothes,139,93,217,124,255,116
9885,img/img_00061531.jpg,lower-body clothes,138,54,124,70,258,120
9886,img/img_00061536.jpg,lower-body clothes,246,71,193,122,440,194
9887,img/img_00061543.jpg,lower-body clothes,391,85,225,140,403,12
9888,img/img_00061544.jpg,lower-body clothes,144,181,195,14,502,358
9889,img/img_00061545.jpg,lower-body clothes,110,43,105,62,220,110
9890,img/img_00061562.jpg,lower-body clothes,228,104,343,239,312,84
9891,img/img_00061573.jpg,lower-body clothes,121,39,106,67,221,100
9892,img/img_00061575.jpg,lower-body clothes,375,156,370,214,390,15
9893,img/img_00061576.jpg,lower-body clothes,172,46,180,134,314,142
9894,img/img_00061580.jpg,lower-body clothes,217,61,232,171,386,169
9895,img/img_00061602.jpg,lower-body clothes,214,121,238,117,436,222
9896,img/img_00061633.jpg,lower-body clothes,180,86,129,43,201,21
9897,img/img_00061638.jpg,lower-body clothes,371,142,329,187,461,90
9898,img/img_00061647.jpg,lower-body clothes,220,79,310,231,448,228
9899,img/img_00061648.jpg,lower-body clothes,230,67,298,231,470,240
9900,img/img_00061649.jpg,lower-body clothes,401,159,240,81,420,19
9901,img/img_00061650.jpg,lower-body clothes,24,292,292,0,24,0
9902,img/img_00061664.jpg,lower-body clothes,432,188,315,127,450,18
9903,img/img_00061667.jpg,lower-body clothes,262,107,172,65,287,25
9904,img/img_00061669.jpg,lower-body clothes,106,362,362,0,106,0
9905,img/img_00061672.jpg,lower-body clothes,106,52,129,77,215,109
9906,img/img_00061673.jpg,lower-body clothes,194,84,140,56,200,6
9907,img/img_00061675.jpg,lower-body clothes,346,105,226,121,353,7
9908,img/img_00061676.jpg,lower-body clothes,165,52,108,56,168,3
9909,img/img_00061677.jpg,lower-body clothes,381,144,244,100,431,50
9910,img/img_00061680.jpg,lower-body clothes,162,81,136,55,197,35
9911,img/img_00061689.jpg,lower-body clothes,266,102,223,121,464,198
9912,img/img_00061692.jpg,lower-body clothes,337,142,227,85,349,12
9913,img/img_00061702.jpg,lower-body clothes,302,124,227,103,405,103
9914,img/img_00061707.jpg,lower-body clothes,426,134,260,126,435,9
9915,img/img_00061716.jpg,lower-body clothes,346,114,211,97,385,39
9916,img/img_00061721.jpg,lower-body clothes,201,81,125,44,215,14
9917,img/img_00061722.jpg,lower-body clothes,199,86,130,44,226,27
9918,img/img_00061723.jpg,lower-body clothes,388,158,240,82,417,29
9919,img/img_00061735.jpg,lower-body clothes,350,91,193,102,362,12
9920,img/img_00061743.jpg,lower-body clothes,388,145,233,88,464,76
9921,img/img_00061748.jpg,lower-body clothes,422,222,265,43,467,45
9922,img/img_00061753.jpg,upper-body clothes,254,196,261,65,394,140
9923,img/img_00061768.jpg,lower-body clothes,209,108,233,125,450,241
9924,img/img_00061784.jpg,lower-body clothes,410,58,236,178,423,13
9925,img/img_00061786.jpg,lower-body clothes,291,134,239,105,443,152
9926,img/img_00061788.jpg,lower-body clothes,174,53,160,107,385,211
9927,img/img_00061789.jpg,lower-body clothes,315,127,211,84,340,25
9928,img/img_00061794.jpg,lower-body clothes,194,48,180,132,201,7
9929,img/img_00061800.jpg,lower-body clothes,230,75,228,153,460,230
9930,img/img_00061801.jpg,lower-body clothes,224,140,221,81,242,18
9931,img/img_00061802.jpg,lower-body clothes,65,92,164,72,89,24
9932,img/img_00061811.jpg,lower-body clothes,105,84,128,44,122,17
9933,img/img_00061812.jpg,lower-body clothes,85,79,141,62,112,27
9934,img/img_00061817.jpg,lower-body clothes,222,178,225,47,249,27
9935,img/img_00061818.jpg,lower-body clothes,254,142,200,58,301,47
9936,img/img_00061820.jpg,lower-body clothes,130,165,250,85,140,10
9937,img/img_00061821.jpg,lower-body clothes,155,115,142,27,336,181
9938,img/img_00061824.jpg,lower-body clothes,200,83,149,66,211,11
9939,img/img_00061827.jpg,full-body clothes,397,131,142,11,485,88
9940,img/img_00061835.jpg,full-body clothes,170,153,153,0,170,0
9941,img/img_00061839.jpg,full-body clothes,262,248,248,0,262,0
9942,img/img_00061845.jpg,lower-body clothes,206,52,213,161,334,128
9943,img/img_00061847.jpg,lower-body clothes,257,85,217,132,464,207
9944,img/img_00061854.jpg,lower-body clothes,256,49,216,167,465,209
9945,img/img_00061860.jpg,lower-body clothes,184,81,193,112,328,144
9946,img/img_00061862.jpg,lower-body clothes,163,69,177,108,322,159
9947,img/img_00061864.jpg,lower-body clothes,130,174,174,0,130,0
9948,img/img_00061865.jpg,lower-body clothes,169,55,202,147,320,151
9949,img/img_00061867.jpg,lower-body clothes,204,83,157,74,332,128
9950,img/img_00061869.jpg,lower-body clothes,231,70,179,109,296,65
9951,img/img_00061877.jpg,lower-body clothes,181,78,178,100,285,104
9952,img/img_00061884.jpg,lower-body clothes,57,60,152,92,192,135
9953,img/img_00061897.jpg,lower-body clothes,126,73,257,184,411,285
9954,img/img_00061906.jpg,lower-body clothes,85,105,229,124,275,190
9955,img/img_00061911.jpg,lower-body clothes,259,90,202,112,271,12
9956,img/img_00061913.jpg,lower-body clothes,179,129,129,0,179,0
9957,img/img_00061922.jpg,lower-body clothes,16,204,204,0,16,0
9958,img/img_00061926.jpg,lower-body clothes,372,131,188,57,398,26
9959,img/img_00061933.jpg,lower-body clothes,198,73,226,153,405,207
9960,img/img_00061934.jpg,lower-body clothes,325,143,239,96,367,42
9961,img/img_00061939.jpg,lower-body clothes,326,141,236,95,335,9
9962,img/img_00061941.jpg,lower-body clothes,218,91,224,133,351,133
9963,img/img_00061945.jpg,lower-body clothes,208,82,129,47,323,115
9964,img/img_00061955.jpg,lower-body clothes,246,78,162,84,308,62
9965,img/img_00061959.jpg,lower-body clothes,292,123,213,90,361,69
9966,img/img_00061961.jpg,lower-body clothes,327,139,213,74,348,21
9967,img/img_00061995.jpg,lower-body clothes,268,76,135,59,269,1
9968,img/img_00062003.jpg,lower-body clothes,413,172,275,103,438,25
9969,img/img_00062030.jpg,lower-body clothes,389,158,240,82,420,31
9970,img/img_00062037.jpg,lower-body clothes,187,78,145,67,206,19
9971,img/img_00062042.jpg,lower-body clothes,371,158,237,79,434,63
9972,img/img_00062047.jpg,lower-body clothes,215,85,146,61,221,6
9973,img/img_00062052.jpg,lower-body clothes,175,68,134,66,207,32
9974,img/img_00062070.jpg,lower-body clothes,110,100,394,294,277,167
9975,img/img_00062080.jpg,lower-body clothes,280,85,225,140,473,193
9976,img/img_00062107.jpg,lower-body clothes,127,119,194,75,389,262
9977,img/img_00062114.jpg,lower-body clothes,112,172,254,82,411,299
9978,img/img_00062121.jpg,lower-body clothes,46,151,151,0,46,0
9979,img/img_00062146.jpg,lower-body clothes,116,163,242,79,416,300
9980,img/img_00062160.jpg,lower-body clothes,199,69,209,140,408,209
9981,img/img_00062173.jpg,lower-body clothes,179,61,420,359,387,208
9982,img/img_00062174.jpg,lower-body clothes,364,149,267,118,382,18
9983,img/img_00062177.jpg,lower-body clothes,33,266,266,0,33,0
9984,img/img_00062196.jpg,lower-body clothes,381,133,241,108,402,21
9985,img/img_00062201.jpg,lower-body clothes,429,178,219,41,435,6
9986,img/img_00062206.jpg,lower-body clothes,432,34,104,70,435,3
9987,img/img_00062215.jpg,lower-body clothes,355,141,208,67,404,49
9988,img/img_00062216.jpg,lower-body clothes,347,140,199,59,370,23
9989,img/img_00062217.jpg,lower-body clothes,299,75,156,81,315,16
9990,img/img_00062227.jpg,upper-body clothes,56,323,323,0,56,0
9991,img/img_00062229.jpg,upper-body clothes,349,79,83,4,410,61
9992,img/img_00062233.jpg,upper-body clothes,106,80,214,134,198,92
9993,img/img_00062245.jpg,upper-body clothes,410,258,258,0,410,0
9994,img/img_00062250.jpg,upper-body clothes,232,151,230,79,396,164
9995,img/img_00062256.jpg,upper-body clothes,138,37,228,191,211,73
9996,img/img_00062257.jpg,upper-body clothes,119,64,127,63,209,90
9997,img/img_00062261.jpg,upper-body clothes,165,81,197,116,247,82
9998,img/img_00062268.jpg,upper-body clothes,60,37,101,64,104,44
9999,img/img_00062275.jpg,lower-body clothes,117,139,162,23,187,70
10000,img/img_00062277.jpg,lower-body clothes,13,422,422,0,13,0
10001,img/img_00062280.jpg,lower-body clothes,149,214,253,39,393,244
10002,img/img_00062288.jpg,full-body clothes,342,167,251,84,486,144
10003,img/img_00062292.jpg,lower-body clothes,180,72,136,64,216,36
10004,img/img_00062315.jpg,lower-body clothes,238,75,212,137,443,205
10005,img/img_00062321.jpg,lower-body clothes,226,69,293,224,388,162
10006,img/img_00062322.jpg,lower-body clothes,266,85,178,93,330,64
10007,img/img_00062324.jpg,lower-body clothes,392,47,229,182,441,49
10008,img/img_00062334.jpg,upper-body clothes,190,143,218,75,324,134
10009,img/img_00062348.jpg,upper-body clothes,254,258,258,0,254,0
10010,img/img_00062355.jpg,upper-body clothes,135,160,264,104,300,165
10011,img/img_00062368.jpg,full-body clothes,255,81,158,77,338,83
10012,img/img_00062377.jpg,upper-body clothes,259,116,221,105,425,166
10013,img/img_00062382.jpg,full-body clothes,234,125,184,59,316,82
10014,img/img_00062395.jpg,full-body clothes,341,115,194,79,450,109
10015,img/img_00062414.jpg,upper-body clothes,287,87,167,80,331,44
10016,img/img_00062421.jpg,upper-body clothes,215,194,270,76,321,106
10017,img/img_00062424.jpg,upper-body clothes,245,184,270,86,359,114
10018,img/img_00062427.jpg,upper-body clothes,281,182,271,89,425,144
10019,img/img_00062446.jpg,upper-body clothes,324,174,203,29,469,145
10020,img/img_00062449.jpg,upper-body clothes,295,188,301,113,409,114
10021,img/img_00062454.jpg,upper-body clothes,314,151,169,18,435,121
10022,img/img_00062455.jpg,upper-body clothes,332,156,273,117,442,110
10023,img/img_00062459.jpg,upper-body clothes,359,134,134,0,359,0
10024,img/img_00062466.jpg,upper-body clothes,348,299,299,0,348,0
10025,img/img_00062468.jpg,upper-body clothes,284,198,279,81,415,131
10026,img/img_00062475.jpg,upper-body clothes,340,127,127,0,340,0
10027,img/img_00062477.jpg,upper-body clothes,249,163,257,94,308,59
10028,img/img_00062485.jpg,upper-body clothes,157,116,123,7,282,125
10029,img/img_00062493.jpg,upper-body clothes,125,146,146,0,125,0
10030,img/img_00062496.jpg,full-body clothes,313,310,310,0,313,0
10031,img/img_00062499.jpg,full-body clothes,241,183,183,0,241,0
10032,img/img_00062516.jpg,upper-body clothes,429,197,270,73,448,19
10033,img/img_00062517.jpg,upper-body clothes,262,304,304,0,262,0
10034,img/img_00062522.jpg,upper-body clothes,122,58,217,159,209,87
10035,img/img_00062524.jpg,upper-body clothes,90,98,440,342,211,121
10036,img/img_00062528.jpg,upper-body clothes,257,279,279,0,257,0
10037,img/img_00062545.jpg,upper-body clothes,143,84,195,111,236,93
10038,img/img_00062547.jpg,upper-body clothes,196,102,181,79,301,105
10039,img/img_00062553.jpg,upper-body clothes,297,54,170,116,439,142
10040,img/img_00062554.jpg,upper-body clothes,452,276,276,0,452,0
10041,img/img_00062568.jpg,full-body clothes,352,70,216,146,436,84
10042,img/img_00062575.jpg,full-body clothes,332,86,227,141,430,98
10043,img/img_00062580.jpg,full-body clothes,188,106,206,100,257,69
10044,img/img_00062591.jpg,full-body clothes,324,166,314,148,461,137
10045,img/img_00062598.jpg,upper-body clothes,404,274,274,0,404,0
10046,img/img_00062599.jpg,upper-body clothes,279,163,286,123,416,137
10047,img/img_00062608.jpg,upper-body clothes,224,173,263,90,384,160
10048,img/img_00062610.jpg,upper-body clothes,323,123,192,69,445,122
10049,img/img_00062630.jpg,full-body clothes,318,190,364,174,433,115
10050,img/img_00062643.jpg,full-body clothes,265,126,220,94,334,69
10051,img/img_00062644.jpg,full-body clothes,147,47,115,68,183,36
10052,img/img_00062646.jpg,full-body clothes,202,140,221,81,276,74
10053,img/img_00062647.jpg,full-body clothes,119,46,116,70,165,46
10054,img/img_00062649.jpg,full-body clothes,224,94,211,117,311,87
10055,img/img_00062661.jpg,upper-body clothes,104,75,150,75,193,89
10056,img/img_00062663.jpg,upper-body clothes,286,145,241,96,419,133
10057,img/img_00062667.jpg,upper-body clothes,118,90,128,38,193,75
10058,img/img_00062672.jpg,upper-body clothes,245,209,301,92,405,160
10059,img/img_00062678.jpg,upper-body clothes,227,141,220,79,370,143
10060,img/img_00062680.jpg,upper-body clothes,104,117,136,19,211,107
10061,img/img_00062682.jpg,upper-body clothes,211,170,284,114,379,168
10062,img/img_00062687.jpg,upper-body clothes,126,118,244,126,215,89
10063,img/img_00062688.jpg,upper-body clothes,267,96,192,96,418,151
10064,img/img_00062692.jpg,upper-body clothes,260,213,293,80,422,162
10065,img/img_00062698.jpg,upper-body clothes,278,104,228,124,415,137
10066,img/img_00062705.jpg,upper-body clothes,191,92,191,99,319,128
10067,img/img_00062711.jpg,upper-body clothes,206,106,194,88,315,109
10068,img/img_00062725.jpg,upper-body clothes,224,108,181,73,350,126
10069,img/img_00062727.jpg,upper-body clothes,146,139,228,89,251,105
10070,img/img_00062732.jpg,upper-body clothes,176,129,250,121,276,100
10071,img/img_00062745.jpg,upper-body clothes,164,81,152,71,258,94
10072,img/img_00062757.jpg,full-body clothes,181,136,358,222,272,91
10073,img/img_00062762.jpg,lower-body clothes,105,140,245,105,402,297
10074,img/img_00062767.jpg,lower-body clothes,68,105,151,46,287,219
10075,img/img_00062768.jpg,lower-body clothes,68,96,141,45,221,153
10076,img/img_00062770.jpg,lower-body clothes,70,96,139,43,221,151
10077,img/img_00062771.jpg,lower-body clothes,110,166,261,95,438,328
10078,img/img_00062781.jpg,upper-body clothes,95,86,222,136,185,90
10079,img/img_00062784.jpg,upper-body clothes,255,457,457,0,255,0
10080,img/img_00062791.jpg,upper-body clothes,228,107,283,176,334,106
10081,img/img_00062793.jpg,upper-body clothes,131,62,162,100,200,69
10082,img/img_00062798.jpg,upper-body clothes,169,40,175,135,245,76
10083,img/img_00062803.jpg,upper-body clothes,287,239,402,163,469,182
10084,img/img_00062811.jpg,upper-body clothes,472,316,316,0,472,0
10085,img/img_00062820.jpg,upper-body clothes,408,313,313,0,408,0
10086,img/img_00062835.jpg,upper-body clothes,165,99,237,138,262,97
10087,img/img_00062846.jpg,upper-body clothes,93,60,172,112,148,55
10088,img/img_00062849.jpg,upper-body clothes,130,112,203,91,225,95
10089,img/img_00062857.jpg,upper-body clothes,292,205,368,163,425,133
10090,img/img_00062860.jpg,upper-body clothes,300,204,286,82,445,145
10091,img/img_00062861.jpg,upper-body clothes,173,199,348,149,316,143
10092,img/img_00062862.jpg,upper-body clothes,140,108,197,89,223,83
10093,img/img_00062866.jpg,upper-body clothes,159,119,240,121,247,88
10094,img/img_00062868.jpg,upper-body clothes,193,251,328,77,337,144
10095,img/img_00062871.jpg,upper-body clothes,223,176,228,52,331,108
10096,img/img_00062874.jpg,upper-body clothes,269,133,254,121,417,148
10097,img/img_00062878.jpg,upper-body clothes,237,126,186,60,339,102
10098,img/img_00062882.jpg,upper-body clothes,146,32,116,84,222,76
10099,img/img_00062888.jpg,upper-body clothes,214,161,343,182,339,125
10100,img/img_00062924.jpg,upper-body clothes,111,79,231,152,209,98
10101,img/img_00062927.jpg,upper-body clothes,171,266,266,0,171,0
10102,img/img_00062929.jpg,upper-body clothes,251,314,314,0,251,0
10103,img/img_00062933.jpg,upper-body clothes,222,107,214,107,307,85
10104,img/img_00062937.jpg,upper-body clothes,236,100,254,154,336,100
10105,img/img_00062944.jpg,upper-body clothes,300,169,341,172,442,142
10106,img/img_00062947.jpg,upper-body clothes,110,105,153,48,164,54
10107,img/img_00062956.jpg,upper-body clothes,187,111,250,139,293,106
10108,img/img_00062959.jpg,upper-body clothes,99,86,98,12,162,63
10109,img/img_00062960.jpg,upper-body clothes,156,135,231,96,254,98
10110,img/img_00062965.jpg,upper-body clothes,139,71,170,99,224,85
10111,img/img_00062970.jpg,upper-body clothes,250,190,274,84,388,138
10112,img/img_00062972.jpg,upper-body clothes,250,188,262,74,397,147
10113,img/img_00062976.jpg,full-body clothes,295,159,244,85,407,112
10114,img/img_00062981.jpg,upper-body clothes,214,108,227,119,328,114
10115,img/img_00062984.jpg,upper-body clothes,207,296,296,0,207,0
10116,img/img_00062985.jpg,upper-body clothes,158,109,209,100,232,74
10117,img/img_00062990.jpg,upper-body clothes,184,75,133,58,249,65
10118,img/img_00062999.jpg,upper-body clothes,423,297,297,0,423,0
10119,img/img_00063000.jpg,upper-body clothes,479,357,357,0,479,0
10120,img/img_00063006.jpg,upper-body clothes,318,233,291,58,359,41
10121,img/img_00063011.jpg,upper-body clothes,240,151,151,0,240,0
10122,img/img_00063012.jpg,upper-body clothes,477,357,357,0,477,0
10123,img/img_00063013.jpg,upper-body clothes,116,79,181,102,266,150
10124,img/img_00063015.jpg,upper-body clothes,286,195,351,156,430,144
10125,img/img_00063027.jpg,upper-body clothes,240,61,218,157,397,157
10126,img/img_00063029.jpg,upper-body clothes,287,122,307,185,382,95
10127,img/img_00063044.jpg,upper-body clothes,166,108,213,105,258,92
10128,img/img_00063047.jpg,upper-body clothes,308,50,218,168,342,34
10129,img/img_00063057.jpg,upper-body clothes,238,185,256,71,252,14
10130,img/img_00063060.jpg,upper-body clothes,309,174,258,84,320,11
10131,img/img_00063063.jpg,lower-body clothes,285,31,136,105,305,20
10132,img/img_00063065.jpg,lower-body clothes,298,76,133,57,345,47
10133,img/img_00063073.jpg,lower-body clothes,147,98,195,97,320,173
10134,img/img_00063074.jpg,lower-body clothes,177,57,106,49,318,141
10135,img/img_00063087.jpg,lower-body clothes,318,234,234,0,318,0
10136,img/img_00063096.jpg,lower-body clothes,93,115,158,43,286,193
10137,img/img_00063097.jpg,upper-body clothes,166,125,318,193,314,148
10138,img/img_00063102.jpg,upper-body clothes,271,132,267,135,407,136
10139,img/img_00063120.jpg,lower-body clothes,425,103,224,121,442,17
10140,img/img_00063129.jpg,lower-body clothes,224,67,218,151,415,191
10141,img/img_00063139.jpg,full-body clothes,361,166,234,68,456,95
10142,img/img_00063149.jpg,lower-body clothes,168,70,138,68,349,181
10143,img/img_00063156.jpg,lower-body clothes,328,113,331,218,373,45
10144,img/img_00063166.jpg,lower-body clothes,172,169,249,80,337,165
10145,img/img_00063168.jpg,lower-body clothes,180,201,271,70,440,260
10146,img/img_00063174.jpg,lower-body clothes,138,142,216,74,392,254
10147,img/img_00063177.jpg,lower-body clothes,202,311,337,26,451,249
10148,img/img_00063179.jpg,lower-body clothes,70,82,122,40,222,152
10149,img/img_00063184.jpg,lower-body clothes,58,90,210,120,275,217
10150,img/img_00063185.jpg,lower-body clothes,81,111,151,40,146,65
10151,img/img_00063187.jpg,lower-body clothes,171,111,223,112,359,188
10152,img/img_00063191.jpg,lower-body clothes,1,1,1,0,1,0
10153,img/img_00063196.jpg,lower-body clothes,228,87,209,122,432,204
10154,img/img_00063201.jpg,lower-body clothes,221,80,221,141,436,215
10155,img/img_00063209.jpg,lower-body clothes,443,170,170,0,443,0
10156,img/img_00063217.jpg,lower-body clothes,57,90,164,74,227,170
10157,img/img_00063221.jpg,lower-body clothes,476,229,373,144,491,15
10158,img/img_00063241.jpg,lower-body clothes,97,131,237,106,112,15
10159,img/img_00063248.jpg,lower-body clothes,109,152,202,50,388,279
10160,img/img_00063261.jpg,upper-body clothes,334,114,237,123,455,121
10161,img/img_00063262.jpg,upper-body clothes,126,304,304,0,126,0
10162,img/img_00063267.jpg,full-body clothes,182,107,217,110,288,106
10163,img/img_00063270.jpg,full-body clothes,178,103,216,113,264,86
10164,img/img_00063271.jpg,full-body clothes,270,88,181,93,382,112
10165,img/img_00063281.jpg,lower-body clothes,398,127,256,129,416,18
10166,img/img_00063295.jpg,lower-body clothes,133,82,220,138,280,147
10167,img/img_00063296.jpg,lower-body clothes,178,71,210,139,457,279
10168,img/img_00063297.jpg,lower-body clothes,386,96,242,146,420,34
10169,img/img_00063298.jpg,lower-body clothes,134,198,198,0,134,0
10170,img/img_00063304.jpg,upper-body clothes,263,161,244,83,396,133
10171,img/img_00063306.jpg,upper-body clothes,182,355,355,0,182,0
10172,img/img_00063317.jpg,upper-body clothes,126,51,125,74,184,58
10173,img/img_00063321.jpg,upper-body clothes,151,65,119,54,222,71
10174,img/img_00063324.jpg,full-body clothes,120,77,304,227,161,41
10175,img/img_00063327.jpg,full-body clothes,249,78,256,178,319,70
10176,img/img_00063331.jpg,full-body clothes,243,117,206,89,272,29
10177,img/img_00063342.jpg,lower-body clothes,132,40,143,103,146,14
10178,img/img_00063347.jpg,lower-body clothes,137,29,185,156,147,10
10179,img/img_00063353.jpg,lower-body clothes,119,18,129,111,140,21
10180,img/img_00063354.jpg,lower-body clothes,134,38,181,143,207,73
10181,img/img_00063356.jpg,lower-body clothes,114,168,270,102,135,21
10182,img/img_00063357.jpg,lower-body clothes,175,66,211,145,198,23
10183,img/img_00063359.jpg,lower-body clothes,119,43,150,107,199,80
10184,img/img_00063364.jpg,lower-body clothes,507,180,180,0,507,0
10185,img/img_00063365.jpg,lower-body clothes,382,147,225,78,388,6
10186,img/img_00063378.jpg,lower-body clothes,330,114,324,210,375,45
10187,img/img_00063382.jpg,lower-body clothes,296,24,116,92,312,16
10188,img/img_00063386.jpg,lower-body clothes,456,80,150,70,492,36
10189,img/img_00063394.jpg,lower-body clothes,347,104,269,165,355,8
10190,img/img_00063395.jpg,lower-body clothes,165,52,72,20,178,13
10191,img/img_00063398.jpg,lower-body clothes,179,51,280,229,315,136
10192,img/img_00063400.jpg,lower-body clothes,290,221,221,0,290,0
10193,img/img_00063408.jpg,lower-body clothes,267,243,243,0,267,0
10194,img/img_00063410.jpg,lower-body clothes,145,14,158,144,295,150
10195,img/img_00063411.jpg,lower-body clothes,57,71,288,217,65,8
10196,img/img_00063414.jpg,lower-body clothes,35,60,92,32,154,119
10197,img/img_00063415.jpg,lower-body clothes,130,147,219,72,388,258
10198,img/img_00063416.jpg,lower-body clothes,212,264,264,0,212,0
10199,img/img_00063440.jpg,upper-body clothes,173,23,112,89,253,80
10200,img/img_00063444.jpg,upper-body clothes,185,36,195,159,277,92
10201,img/img_00063448.jpg,upper-body clothes,141,98,242,144,238,97
10202,img/img_00063456.jpg,upper-body clothes,308,342,342,0,308,0
10203,img/img_00063467.jpg,upper-body clothes,311,178,296,118,427,116
10204,img/img_00063473.jpg,full-body clothes,308,114,216,102,461,153
10205,img/img_00063481.jpg,upper-body clothes,277,148,333,185,410,133
10206,img/img_00063483.jpg,upper-body clothes,374,232,283,51,415,41
10207,img/img_00063487.jpg,upper-body clothes,256,220,311,91,410,154
10208,img/img_00063494.jpg,upper-body clothes,291,236,236,0,291,0
10209,img/img_00063502.jpg,lower-body clothes,127,153,255,102,420,293
10210,img/img_00063509.jpg,lower-body clothes,143,152,188,36,460,317
10211,img/img_00063526.jpg,upper-body clothes,289,259,324,65,423,134
10212,img/img_00063529.jpg,upper-body clothes,176,47,129,82,218,42
10213,img/img_00063538.jpg,upper-body clothes,375,332,332,0,375,0
10214,img/img_00063540.jpg,upper-body clothes,322,111,255,144,473,151
10215,img/img_00063543.jpg,lower-body clothes,429,50,189,139,447,18
10216,img/img_00063550.jpg,lower-body clothes,422,134,248,114,449,27
10217,img/img_00063553.jpg,lower-body clothes,336,224,224,0,336,0
10218,img/img_00063561.jpg,upper-body clothes,101,46,122,76,223,122
10219,img/img_00063571.jpg,lower-body clothes,237,124,334,210,456,219
10220,img/img_00063572.jpg,lower-body clothes,196,157,226,69,204,8
10221,img/img_00063578.jpg,lower-body clothes,380,125,232,107,421,41
10222,img/img_00063581.jpg,lower-body clothes,176,120,156,36,185,9
10223,img/img_00063584.jpg,lower-body clothes,198,180,276,96,490,292
10224,img/img_00063589.jpg,lower-body clothes,101,87,151,64,111,10
10225,img/img_00063592.jpg,upper-body clothes,144,75,86,11,194,50
10226,img/img_00063600.jpg,upper-body clothes,296,189,247,58,328,32
10227,img/img_00063602.jpg,upper-body clothes,161,114,246,132,212,51
10228,img/img_00063606.jpg,upper-body clothes,73,55,112,57,127,54
10229,img/img_00063608.jpg,upper-body clothes,344,139,268,129,475,131
10230,img/img_00063615.jpg,upper-body clothes,260,116,214,98,463,203
10231,img/img_00063635.jpg,full-body clothes,226,123,137,14,308,82
10232,img/img_00063642.jpg,full-body clothes,339,167,254,87,453,114
10233,img/img_00063643.jpg,full-body clothes,342,151,232,81,469,127
10234,img/img_00063647.jpg,full-body clothes,169,99,142,43,215,46
10235,img/img_00063648.jpg,full-body clothes,200,106,189,83,281,81
10236,img/img_00063650.jpg,full-body clothes,230,122,241,119,316,86
10237,img/img_00063651.jpg,full-body clothes,393,90,213,123,493,100
10238,img/img_00063656.jpg,full-body clothes,340,93,230,137,430,90
10239,img/img_00063667.jpg,full-body clothes,312,157,157,0,312,0
10240,img/img_00063671.jpg,upper-body clothes,398,211,224,13,465,67
10241,img/img_00063684.jpg,lower-body clothes,206,120,214,94,420,214
10242,img/img_00063690.jpg,lower-body clothes,241,95,251,156,424,183
10243,img/img_00063698.jpg,lower-body clothes,85,23,105,82,177,92
10244,img/img_00063700.jpg,lower-body clothes,155,43,125,82,187,32
10245,img/img_00063703.jpg,lower-body clothes,213,80,235,155,430,217
10246,img/img_00063709.jpg,lower-body clothes,136,87,377,290,262,126
10247,img/img_00063710.jpg,lower-body clothes,195,93,219,126,407,212
10248,img/img_00063711.jpg,lower-body clothes,113,40,74,34,216,103
10249,img/img_00063714.jpg,lower-body clothes,191,67,126,59,363,172
10250,img/img_00063719.jpg,lower-body clothes,219,180,283,103,403,184
10251,img/img_00063723.jpg,lower-body clothes,162,65,196,131,305,143
10252,img/img_00063727.jpg,upper-body clothes,184,208,208,0,184,0
10253,img/img_00063732.jpg,upper-body clothes,276,231,266,35,296,20
10254,img/img_00063740.jpg,upper-body clothes,458,299,420,121,494,36
10255,img/img_00063742.jpg,upper-body clothes,368,206,267,61,417,49
10256,img/img_00063745.jpg,full-body clothes,424,51,146,95,468,44
10257,img/img_00063746.jpg,full-body clothes,284,162,303,141,429,145
10258,img/img_00063754.jpg,full-body clothes,278,250,317,67,422,144
10259,img/img_00063755.jpg,full-body clothes,323,159,234,75,464,141
10260,img/img_00063763.jpg,full-body clothes,241,90,217,127,319,78
10261,img/img_00063766.jpg,full-body clothes,234,95,227,132,322,88
10262,img/img_00063770.jpg,full-body clothes,148,90,151,61,203,55
10263,img/img_00063774.jpg,full-body clothes,231,118,238,120,235,4
10264,img/img_00063775.jpg,full-body clothes,133,212,212,0,133,0
10265,img/img_00063781.jpg,upper-body clothes,271,161,237,76,335,64
10266,img/img_00063790.jpg,upper-body clothes,180,108,108,0,180,0
10267,img/img_00063793.jpg,upper-body clothes,270,139,277,138,392,122
10268,img/img_00063795.jpg,upper-body clothes,342,206,269,63,485,143
10269,img/img_00063799.jpg,full-body clothes,222,103,211,108,298,76
10270,img/img_00063803.jpg,full-body clothes,229,98,255,157,307,78
10271,img/img_00063806.jpg,full-body clothes,187,26,174,148,258,71
10272,img/img_00063810.jpg,upper-body clothes,268,45,223,178,383,115
10273,img/img_00063816.jpg,upper-body clothes,344,262,262,0,344,0
10274,img/img_00063826.jpg,upper-body clothes,309,152,248,96,439,130
10275,img/img_00063827.jpg,upper-body clothes,91,83,159,76,142,51
10276,img/img_00063833.jpg,full-body clothes,321,136,228,92,427,106
10277,img/img_00063835.jpg,full-body clothes,332,150,243,93,471,139
10278,img/img_00063836.jpg,full-body clothes,182,87,168,81,259,77
10279,img/img_00063838.jpg,full-body clothes,353,60,189,129,484,131
10280,img/img_00063845.jpg,full-body clothes,263,122,215,93,358,95
10281,img/img_00063850.jpg,full-body clothes,213,111,155,44,293,80
10282,img/img_00063852.jpg,full-body clothes,205,102,199,97,297,92
10283,img/img_00063855.jpg,full-body clothes,266,140,236,96,412,146
10284,img/img_00063856.jpg,full-body clothes,298,129,241,112,468,170
10285,img/img_00063860.jpg,full-body clothes,291,148,248,100,393,102
10286,img/img_00063864.jpg,full-body clothes,178,86,168,82,258,80
10287,img/img_00063871.jpg,lower-body clothes,177,15,190,175,184,7
10288,img/img_00063877.jpg,upper-body clothes,299,325,325,0,299,0
10289,img/img_00063878.jpg,upper-body clothes,184,127,276,149,307,123
10290,img/img_00063889.jpg,upper-body clothes,306,269,269,0,306,0
10291,img/img_00063890.jpg,upper-body clothes,355,303,303,0,355,0
10292,img/img_00063891.jpg,upper-body clothes,193,85,345,260,331,138
10293,img/img_00063899.jpg,upper-body clothes,314,316,316,0,314,0
10294,img/img_00063902.jpg,full-body clothes,370,260,382,122,447,77
10295,img/img_00063910.jpg,full-body clothes,318,167,284,117,458,140
10296,img/img_00063925.jpg,upper-body clothes,237,158,280,122,350,113
10297,img/img_00063932.jpg,upper-body clothes,177,98,162,64,278,101
10298,img/img_00063942.jpg,lower-body clothes,214,96,264,168,260,46
10299,img/img_00063949.jpg,lower-body clothes,406,294,294,0,406,0
10300,img/img_00063953.jpg,lower-body clothes,241,101,230,129,266,25
10301,img/img_00063962.jpg,lower-body clothes,96,47,167,120,213,117
10302,img/img_00063973.jpg,lower-body clothes,292,31,126,95,310,18
10303,img/img_00063996.jpg,upper-body clothes,289,249,298,49,409,120
10304,img/img_00064004.jpg,upper-body clothes,339,459,459,0,339,0
10305,img/img_00064007.jpg,upper-body clothes,286,281,281,0,286,0
10306,img/img_00064013.jpg,full-body clothes,91,24,53,29,123,32
10307,img/img_00064037.jpg,full-body clothes,180,45,143,98,237,57
10308,img/img_00064040.jpg,full-body clothes,297,267,267,0,297,0
10309,img/img_00064052.jpg,upper-body clothes,268,158,224,66,340,72
10310,img/img_00064055.jpg,lower-body clothes,54,52,143,91,197,143
10311,img/img_00064057.jpg,lower-body clothes,141,177,257,80,467,326
10312,img/img_00064066.jpg,lower-body clothes,46,83,207,124,226,180
10313,img/img_00064069.jpg,lower-body clothes,309,148,212,64,344,35
10314,img/img_00064073.jpg,lower-body clothes,396,133,313,180,425,29
10315,img/img_00064075.jpg,lower-body clothes,216,115,239,124,453,237
10316,img/img_00064082.jpg,lower-body clothes,168,49,208,159,207,39
10317,img/img_00064087.jpg,lower-body clothes,269,121,167,46,274,5
10318,img/img_00064090.jpg,lower-body clothes,203,92,153,61,213,10
10319,img/img_00064091.jpg,lower-body clothes,328,153,224,71,377,49
10320,img/img_00064098.jpg,lower-body clothes,451,156,274,118,472,21
10321,img/img_00064104.jpg,lower-body clothes,204,90,201,111,423,219
10322,img/img_00064106.jpg,lower-body clothes,182,83,139,56,193,11
10323,img/img_00064107.jpg,lower-body clothes,403,159,267,108,407,4
10324,img/img_00064110.jpg,lower-body clothes,324,157,280,123,376,52
10325,img/img_00064116.jpg,upper-body clothes,329,165,275,110,453,124
10326,img/img_00064118.jpg,upper-body clothes,277,68,188,120,401,124
10327,img/img_00064119.jpg,upper-body clothes,229,180,328,148,377,148
10328,img/img_00064122.jpg,upper-body clothes,191,87,193,106,283,92
10329,img/img_00064126.jpg,upper-body clothes,217,157,157,0,217,0
10330,img/img_00064127.jpg,lower-body clothes,277,138,188,50,291,14
10331,img/img_00064130.jpg,lower-body clothes,173,72,207,135,352,179
10332,img/img_00064136.jpg,lower-body clothes,505,302,302,0,505,0
10333,img/img_00064139.jpg,lower-body clothes,269,120,252,132,291,22
10334,img/img_00064141.jpg,lower-body clothes,286,38,130,92,304,18
10335,img/img_00064144.jpg,lower-body clothes,159,81,146,65,179,20
10336,img/img_00064146.jpg,lower-body clothes,423,113,283,170,429,6
10337,img/img_00064148.jpg,lower-body clothes,297,135,146,11,310,13
10338,img/img_00064154.jpg,lower-body clothes,299,120,227,107,383,84
10339,img/img_00064158.jpg,lower-body clothes,261,96,240,144,417,156
10340,img/img_00064162.jpg,lower-body clothes,352,70,192,122,394,42
10341,img/img_00064170.jpg,lower-body clothes,360,188,278,90,415,55
10342,img/img_00064179.jpg,upper-body clothes,345,73,185,112,474,129
10343,img/img_00064183.jpg,upper-body clothes,137,108,203,95,219,82
10344,img/img_00064194.jpg,full-body clothes,279,112,214,102,371,92
10345,img/img_00064196.jpg,full-body clothes,354,140,298,158,435,81
10346,img/img_00064198.jpg,full-body clothes,364,202,251,49,464,100
10347,img/img_00064204.jpg,full-body clothes,251,69,137,68,318,67
10348,img/img_00064207.jpg,full-body clothes,296,189,240,51,434,138
10349,img/img_00064225.jpg,upper-body clothes,123,104,153,49,192,69
10350,img/img_00064240.jpg,lower-body clothes,261,104,261,157,466,205
10351,img/img_00064241.jpg,lower-body clothes,182,63,183,120,336,154
10352,img/img_00064253.jpg,lower-body clothes,365,150,230,80,373,8
10353,img/img_00064256.jpg,lower-body clothes,217,89,206,117,402,185
10354,img/img_00064272.jpg,lower-body clothes,448,64,238,174,464,16
10355,img/img_00064273.jpg,lower-body clothes,216,85,203,118,403,187
10356,img/img_00064299.jpg,full-body clothes,208,118,206,88,296,88
10357,img/img_00064312.jpg,full-body clothes,173,232,232,0,173,0
10358,img/img_00064315.jpg,full-body clothes,283,209,261,52,449,166
10359,img/img_00064322.jpg,upper-body clothes,256,106,133,27,412,156
10360,img/img_00064323.jpg,upper-body clothes,87,92,140,48,143,56
10361,img/img_00064337.jpg,upper-body clothes,348,397,397,0,348,0
10362,img/img_00064348.jpg,lower-body clothes,207,83,184,101,400,193
10363,img/img_00064349.jpg,lower-body clothes,223,86,361,275,424,201
10364,img/img_00064353.jpg,lower-body clothes,111,49,116,67,218,107
10365,img/img_00064356.jpg,lower-body clothes,433,42,205,163,454,21
10366,img/img_00064361.jpg,lower-body clothes,342,110,195,85,355,13
10367,img/img_00064368.jpg,lower-body clothes,110,57,219,162,224,114
10368,img/img_00064375.jpg,lower-body clothes,233,116,142,26,262,29
10369,img/img_00064378.jpg,lower-body clothes,364,193,467,274,423,59
10370,img/img_00064381.jpg,lower-body clothes,195,80,127,47,215,20
10371,img/img_00064392.jpg,upper-body clothes,148,194,194,0,148,0
10372,img/img_00064393.jpg,upper-body clothes,301,138,328,190,348,47
10373,img/img_00064400.jpg,upper-body clothes,169,132,181,49,263,94
10374,img/img_00064404.jpg,upper-body clothes,231,115,256,141,365,134
10375,img/img_00064405.jpg,upper-body clothes,250,124,199,75,362,112
10376,img/img_00064406.jpg,upper-body clothes,156,152,203,51,246,90
10377,img/img_00064408.jpg,upper-body clothes,228,155,228,73,357,129
10378,img/img_00064423.jpg,lower-body clothes,134,62,136,74,140,6
10379,img/img_00064424.jpg,lower-body clothes,59,64,148,84,65,6
10380,img/img_00064427.jpg,lower-body clothes,221,289,417,128,234,13
10381,img/img_00064428.jpg,lower-body clothes,99,88,143,55,102,3
10382,img/img_00064447.jpg,full-body clothes,277,70,211,141,399,122
10383,img/img_00064464.jpg,upper-body clothes,326,134,243,109,456,130
10384,img/img_00064474.jpg,upper-body clothes,216,131,196,65,384,168
10385,img/img_00064488.jpg,upper-body clothes,295,172,243,71,315,20
10386,img/img_00064501.jpg,upper-body clothes,214,142,249,107,377,163
10387,img/img_00064515.jpg,lower-body clothes,183,107,195,88,438,255
10388,img/img_00064520.jpg,lower-body clothes,71,27,203,176,272,201
10389,img/img_00064522.jpg,lower-body clothes,54,85,117,32,211,157
10390,img/img_00064524.jpg,lower-body clothes,366,149,257,108,405,39
10391,img/img_00064533.jpg,lower-body clothes,166,41,94,53,201,35
10392,img/img_00064537.jpg,lower-body clothes,322,102,301,199,426,104
10393,img/img_00064542.jpg,lower-body clothes,320,135,199,64,370,50
10394,img/img_00064552.jpg,lower-body clothes,350,108,310,202,414,64
10395,img/img_00064553.jpg,lower-body clothes,209,96,150,54,213,4
10396,img/img_00064581.jpg,lower-body clothes,95,89,150,61,103,8
10397,img/img_00064584.jpg,lower-body clothes,87,107,155,48,89,2
10398,img/img_00064599.jpg,upper-body clothes,95,182,182,0,95,0
10399,img/img_00064604.jpg,upper-body clothes,124,64,101,37,182,58
10400,img/img_00064607.jpg,upper-body clothes,284,194,213,19,321,37
10401,img/img_00064613.jpg,lower-body clothes,216,266,382,116,248,32
10402,img/img_00064615.jpg,lower-body clothes,109,107,234,127,347,238
10403,img/img_00064619.jpg,lower-body clothes,218,190,272,82,238,20
10404,img/img_00064630.jpg,lower-body clothes,121,60,186,126,324,203
10405,img/img_00064639.jpg,lower-body clothes,214,85,129,44,231,17
10406,img/img_00064640.jpg,lower-body clothes,97,156,339,183,116,19
10407,img/img_00064655.jpg,upper-body clothes,404,250,250,0,404,0
10408,img/img_00064656.jpg,upper-body clothes,252,300,300,0,252,0
10409,img/img_00064659.jpg,upper-body clothes,456,363,394,31,478,22
10410,img/img_00064672.jpg,upper-body clothes,128,104,201,97,211,83
10411,img/img_00064673.jpg,upper-body clothes,278,458,458,0,278,0
10412,img/img_00064674.jpg,upper-body clothes,289,180,180,0,289,0
10413,img/img_00064677.jpg,upper-body clothes,176,123,209,86,280,104
10414,img/img_00064681.jpg,upper-body clothes,119,411,411,0,119,0
10415,img/img_00064682.jpg,upper-body clothes,238,193,300,107,376,138
10416,img/img_00064684.jpg,upper-body clothes,395,213,213,0,395,0
10417,img/img_00064691.jpg,upper-body clothes,202,61,244,183,291,89
10418,img/img_00064692.jpg,upper-body clothes,198,157,245,88,358,160
10419,img/img_00064700.jpg,upper-body clothes,254,148,246,98,417,163
10420,img/img_00064705.jpg,upper-body clothes,108,89,232,143,220,112
10421,img/img_00064713.jpg,upper-body clothes,262,255,255,0,262,0
10422,img/img_00064720.jpg,upper-body clothes,142,97,150,53,201,59
10423,img/img_00064721.jpg,upper-body clothes,242,157,276,119,359,117
10424,img/img_00064723.jpg,upper-body clothes,83,48,124,76,122,39
10425,img/img_00064733.jpg,upper-body clothes,111,74,104,30,168,57
10426,img/img_00064739.jpg,full-body clothes,218,204,271,67,358,140
10427,img/img_00064740.jpg,full-body clothes,127,73,148,75,171,44
10428,img/img_00064743.jpg,full-body clothes,227,90,224,134,323,96
10429,img/img_00064756.jpg,lower-body clothes,195,135,199,64,241,46
10430,img/img_00064764.jpg,lower-body clothes,99,109,201,92,138,39
10431,img/img_00064765.jpg,lower-body clothes,392,339,379,40,454,62
10432,img/img_00064766.jpg,lower-body clothes,152,165,277,112,164,12
10433,img/img_00064768.jpg,lower-body clothes,378,53,223,170,391,13
10434,img/img_00064772.jpg,lower-body clothes,177,147,164,17,341,164
10435,img/img_00064774.jpg,lower-body clothes,183,144,181,37,227,44
10436,img/img_00064775.jpg,lower-body clothes,112,135,175,40,166,54
10437,img/img_00064777.jpg,lower-body clothes,340,32,207,175,373,33
10438,img/img_00064778.jpg,lower-body clothes,152,114,248,134,378,226
10439,img/img_00064782.jpg,lower-body clothes,255,346,380,34,365,110
10440,img/img_00064784.jpg,lower-body clothes,477,404,410,6,483,6
10441,img/img_00064787.jpg,lower-body clothes,193,198,198,0,193,0
10442,img/img_00064794.jpg,upper-body clothes,302,77,292,215,483,181
10443,img/img_00064796.jpg,upper-body clothes,280,213,340,127,478,198
10444,img/img_00064799.jpg,upper-body clothes,149,75,218,143,189,40
10445,img/img_00064805.jpg,upper-body clothes,83,222,222,0,83,0
10446,img/img_00064807.jpg,upper-body clothes,130,255,255,0,130,0
10447,img/img_00064809.jpg,upper-body clothes,166,57,128,71,196,30
10448,img/img_00064810.jpg,lower-body clothes,253,90,249,159,460,207
10449,img/img_00064815.jpg,lower-body clothes,272,116,198,82,312,40
10450,img/img_00064818.jpg,lower-body clothes,178,80,213,133,205,27
10451,img/img_00064833.jpg,lower-body clothes,217,168,296,128,242,25
10452,img/img_00064846.jpg,lower-body clothes,408,294,374,80,423,15
10453,img/img_00064853.jpg,full-body clothes,466,244,244,0,466,0
10454,img/img_00064855.jpg,full-body clothes,412,165,221,56,450,38
10455,img/img_00064869.jpg,upper-body clothes,236,143,206,63,363,127
10456,img/img_00064873.jpg,upper-body clothes,140,129,271,142,264,124
10457,img/img_00064878.jpg,upper-body clothes,166,118,146,28,187,21
10458,img/img_00064882.jpg,upper-body clothes,90,41,113,72,149,59
10459,img/img_00064888.jpg,upper-body clothes,180,115,160,45,295,115
10460,img/img_00064889.jpg,upper-body clothes,141,83,111,28,216,75
10461,img/img_00064893.jpg,upper-body clothes,289,146,243,97,408,119
10462,img/img_00064894.jpg,upper-body clothes,281,184,245,61,403,122
10463,img/img_00064895.jpg,upper-body clothes,151,107,162,55,220,69
10464,img/img_00064901.jpg,upper-body clothes,222,33,149,116,316,94
10465,img/img_00064906.jpg,upper-body clothes,188,185,185,0,188,0
10466,img/img_00064913.jpg,upper-body clothes,165,112,161,49,260,95
10467,img/img_00064918.jpg,full-body clothes,471,113,237,124,500,29
10468,img/img_00064922.jpg,full-body clothes,354,243,243,0,354,0
10469,img/img_00064925.jpg,full-body clothes,395,70,204,134,485,90
10470,img/img_00064927.jpg,full-body clothes,238,98,185,87,286,48
10471,img/img_00064942.jpg,upper-body clothes,305,215,306,91,459,154
10472,img/img_00064943.jpg,upper-body clothes,269,137,307,170,320,51
10473,img/img_00064956.jpg,upper-body clothes,343,157,238,81,505,162
10474,img/img_00064957.jpg,upper-body clothes,260,229,229,0,260,0
10475,img/img_00064960.jpg,upper-body clothes,416,248,248,0,416,0
10476,img/img_00064962.jpg,upper-body clothes,124,96,243,147,231,107
10477,img/img_00064964.jpg,upper-body clothes,193,58,159,101,294,101
10478,img/img_00064968.jpg,upper-body clothes,136,91,213,122,288,152
10479,img/img_00064983.jpg,upper-body clothes,192,131,225,94,303,111
10480,img/img_00064984.jpg,upper-body clothes,226,94,222,128,256,30
10481,img/img_00064987.jpg,upper-body clothes,210,136,194,58,333,123
10482,img/img_00064995.jpg,upper-body clothes,317,167,238,71,438,121
10483,img/img_00065000.jpg,upper-body clothes,71,17,294,277,129,58
10484,img/img_00065004.jpg,upper-body clothes,184,197,197,0,184,0
10485,img/img_00065011.jpg,upper-body clothes,254,150,208,58,394,140
10486,img/img_00065013.jpg,upper-body clothes,293,180,273,93,500,207
10487,img/img_00065027.jpg,upper-body clothes,170,102,372,270,187,17
10488,img/img_00065028.jpg,upper-body clothes,166,115,195,80,248,82
10489,img/img_00065045.jpg,lower-body clothes,398,242,242,0,398,0
10490,img/img_00065048.jpg,lower-body clothes,255,74,234,160,446,191
10491,img/img_00065059.jpg,lower-body clothes,201,57,215,158,441,240
10492,img/img_00065074.jpg,full-body clothes,236,89,170,81,318,82
10493,img/img_00065079.jpg,full-body clothes,322,177,256,79,441,119
10494,img/img_00065091.jpg,full-body clothes,232,81,148,67,309,77
10495,img/img_00065105.jpg,lower-body clothes,388,190,277,87,401,13
10496,img/img_00065106.jpg,lower-body clothes,204,73,188,115,392,188
10497,img/img_00065112.jpg,lower-body clothes,150,66,189,123,267,117
10498,img/img_00065119.jpg,lower-body clothes,112,44,44,0,112,0
10499,img/img_00065120.jpg,lower-body clothes,227,62,193,131,408,181
10500,img/img_00065122.jpg,lower-body clothes,229,65,240,175,445,216
10501,img/img_00065135.jpg,full-body clothes,321,105,217,112,450,129
10502,img/img_00065142.jpg,full-body clothes,268,167,167,0,268,0
10503,img/img_00065143.jpg,full-body clothes,271,81,191,110,356,85
10504,img/img_00065145.jpg,full-body clothes,445,85,200,115,475,30
10505,img/img_00065149.jpg,full-body clothes,364,115,187,72,449,85
10506,img/img_00065153.jpg,upper-body clothes,206,193,260,67,381,175
10507,img/img_00065170.jpg,full-body clothes,73,29,50,21,94,21
10508,img/img_00065174.jpg,full-body clothes,258,99,180,81,346,88
10509,img/img_00065176.jpg,full-body clothes,306,112,230,118,404,98
10510,img/img_00065182.jpg,full-body clothes,327,192,265,73,464,137
10511,img/img_00065185.jpg,full-body clothes,333,102,222,120,465,132
10512,img/img_00065204.jpg,lower-body clothes,370,177,240,63,386,16
10513,img/img_00065212.jpg,lower-body clothes,284,113,166,53,307,23
10514,img/img_00065216.jpg,lower-body clothes,113,109,212,103,291,178
10515,img/img_00065218.jpg,lower-body clothes,148,69,220,151,289,141
10516,img/img_00065226.jpg,upper-body clothes,209,200,304,104,275,66
10517,img/img_00065240.jpg,upper-body clothes,291,212,332,120,466,175
10518,img/img_00065244.jpg,upper-body clothes,406,199,199,0,406,0
10519,img/img_00065254.jpg,upper-body clothes,240,38,172,134,396,156
10520,img/img_00065255.jpg,upper-body clothes,278,136,234,98,436,158
10521,img/img_00065256.jpg,upper-body clothes,323,74,193,119,459,136
10522,img/img_00065262.jpg,full-body clothes,345,118,216,98,448,103
10523,img/img_00065277.jpg,full-body clothes,165,51,125,74,226,61
10524,img/img_00065280.jpg,full-body clothes,356,73,222,149,473,117
10525,img/img_00065286.jpg,full-body clothes,368,142,225,83,473,105
10526,img/img_00065293.jpg,full-body clothes,344,152,205,53,446,102
10527,img/img_00065302.jpg,full-body clothes,299,184,281,97,437,138
10528,img/img_00065303.jpg,full-body clothes,322,29,132,103,450,128
10529,img/img_00065305.jpg,full-body clothes,193,100,169,69,280,87
10530,img/img_00065309.jpg,full-body clothes,375,198,198,0,375,0
10531,img/img_00065313.jpg,full-body clothes,343,101,218,117,469,126
10532,img/img_00065324.jpg,lower-body clothes,64,70,143,73,114,50
10533,img/img_00065348.jpg,full-body clothes,135,20,114,94,183,48
10534,img/img_00065349.jpg,full-body clothes,364,82,243,161,485,121
10535,img/img_00065355.jpg,lower-body clothes,146,181,242,61,402,256
10536,img/img_00065362.jpg,lower-body clothes,114,17,149,132,290,176
10537,img/img_00065363.jpg,lower-body clothes,173,185,264,79,459,286
10538,img/img_00065366.jpg,lower-body clothes,61,86,143,57,229,168
10539,img/img_00065370.jpg,lower-body clothes,115,128,184,56,292,177
10540,img/img_00065371.jpg,upper-body clothes,311,94,225,131,448,137
10541,img/img_00065383.jpg,upper-body clothes,205,83,220,137,316,111
10542,img/img_00065389.jpg,upper-body clothes,225,99,255,156,367,142
10543,img/img_00065391.jpg,upper-body clothes,277,391,415,24,466,189
10544,img/img_00065395.jpg,full-body clothes,318,173,253,80,444,126
10545,img/img_00065409.jpg,full-body clothes,209,56,168,112,291,82
10546,img/img_00065410.jpg,full-body clothes,322,146,258,112,460,138
10547,img/img_00065423.jpg,upper-body clothes,119,42,155,113,139,20
10548,img/img_00065434.jpg,upper-body clothes,250,135,253,118,389,139
10549,img/img_00065436.jpg,upper-body clothes,99,72,86,14,150,51
10550,img/img_00065437.jpg,upper-body clothes,113,87,148,61,196,83
10551,img/img_00065449.jpg,lower-body clothes,212,202,273,71,373,161
10552,img/img_00065451.jpg,lower-body clothes,51,55,130,75,152,101
10553,img/img_00065454.jpg,lower-body clothes,88,105,303,198,276,188
10554,img/img_00065459.jpg,full-body clothes,390,111,246,135,471,81
10555,img/img_00065465.jpg,full-body clothes,500,246,246,0,500,0
10556,img/img_00065466.jpg,full-body clothes,159,197,197,0,159,0
10557,img/img_00065479.jpg,upper-body clothes,68,46,122,76,113,45
10558,img/img_00065495.jpg,upper-body clothes,135,76,130,54,206,71
10559,img/img_00065496.jpg,upper-body clothes,135,369,369,0,135,0
10560,img/img_00065503.jpg,full-body clothes,134,76,210,134,264,130
10561,img/img_00065507.jpg,full-body clothes,321,67,193,126,439,118
10562,img/img_00065509.jpg,full-body clothes,313,187,292,105,438,125
10563,img/img_00065525.jpg,upper-body clothes,244,317,317,0,244,0
10564,img/img_00065541.jpg,full-body clothes,303,150,332,182,422,119
10565,img/img_00065567.jpg,full-body clothes,185,65,124,59,243,58
10566,img/img_00065568.jpg,full-body clothes,124,71,134,63,173,49
10567,img/img_00065576.jpg,full-body clothes,139,76,156,80,198,59
10568,img/img_00065578.jpg,full-body clothes,157,92,189,97,214,57
10569,img/img_00065592.jpg,lower-body clothes,267,113,237,124,377,110
10570,img/img_00065593.jpg,lower-body clothes,129,196,196,0,129,0
10571,img/img_00065609.jpg,lower-body clothes,130,56,170,114,239,109
10572,img/img_00065611.jpg,lower-body clothes,249,78,210,132,432,183
10573,img/img_00065616.jpg,lower-body clothes,137,160,264,104,460,323
10574,img/img_00065618.jpg,full-body clothes,269,110,150,40,438,169
10575,img/img_00065621.jpg,full-body clothes,255,45,179,134,424,169
10576,img/img_00065638.jpg,full-body clothes,321,58,219,161,425,104
10577,img/img_00065655.jpg,full-body clothes,223,240,240,0,223,0
10578,img/img_00065656.jpg,full-body clothes,123,125,125,0,123,0
10579,img/img_00065668.jpg,lower-body clothes,68,75,198,123,290,222
10580,img/img_00065670.jpg,lower-body clothes,139,185,196,11,160,21
10581,img/img_00065675.jpg,lower-body clothes,109,126,369,243,219,110
10582,img/img_00065689.jpg,lower-body clothes,185,92,176,84,339,154
10583,img/img_00065690.jpg,lower-body clothes,115,89,140,51,128,13
10584,img/img_00065699.jpg,lower-body clothes,208,51,162,111,232,24
10585,img/img_00065703.jpg,full-body clothes,138,215,215,0,138,0
10586,img/img_00065704.jpg,full-body clothes,429,48,250,202,501,72
10587,img/img_00065708.jpg,full-body clothes,438,261,261,0,438,0
10588,img/img_00065710.jpg,full-body clothes,187,92,162,70,235,48
10589,img/img_00065714.jpg,full-body clothes,273,188,188,0,273,0
10590,img/img_00065724.jpg,full-body clothes,105,182,199,17,117,12
10591,img/img_00065736.jpg,full-body clothes,322,117,248,131,443,121
10592,img/img_00065746.jpg,full-body clothes,240,122,151,29,347,107
10593,img/img_00065754.jpg,full-body clothes,335,156,244,88,464,129
10594,img/img_00065758.jpg,full-body clothes,283,151,220,69,394,111
10595,img/img_00065762.jpg,full-body clothes,176,72,134,62,216,40
10596,img/img_00065770.jpg,full-body clothes,243,99,217,118,323,80
10597,img/img_00065797.jpg,upper-body clothes,331,72,211,139,471,140
10598,img/img_00065799.jpg,upper-body clothes,495,254,254,0,495,0
10599,img/img_00065803.jpg,upper-body clothes,160,99,446,347,248,88
10600,img/img_00065805.jpg,upper-body clothes,307,382,382,0,307,0
10601,img/img_00065807.jpg,full-body clothes,383,91,244,153,460,77
10602,img/img_00065813.jpg,full-body clothes,181,41,118,77,224,43
10603,img/img_00065819.jpg,full-body clothes,270,89,221,132,380,110
10604,img/img_00065832.jpg,full-body clothes,240,147,216,69,270,30
10605,img/img_00065833.jpg,full-body clothes,444,65,231,166,479,35
10606,img/img_00065835.jpg,full-body clothes,284,157,240,83,308,24
10607,img/img_00065852.jpg,full-body clothes,187,328,328,0,187,0
10608,img/img_00065859.jpg,full-body clothes,331,176,245,69,436,105
10609,img/img_00065861.jpg,full-body clothes,222,120,212,92,310,88
10610,img/img_00065863.jpg,full-body clothes,139,47,140,93,242,103
10611,img/img_00065867.jpg,full-body clothes,217,38,124,86,273,56
10612,img/img_00065869.jpg,full-body clothes,192,77,152,75,283,91
10613,img/img_00065872.jpg,full-body clothes,190,111,188,77,251,61
10614,img/img_00065874.jpg,full-body clothes,326,140,249,109,469,143
10615,img/img_00065897.jpg,full-body clothes,282,153,216,63,414,132
10616,img/img_00065905.jpg,full-body clothes,136,152,152,0,136,0
10617,img/img_00065907.jpg,full-body clothes,326,188,214,26,433,107
10618,img/img_00065908.jpg,full-body clothes,470,193,193,0,470,0
10619,img/img_00065911.jpg,full-body clothes,240,113,271,158,320,80
10620,img/img_00065912.jpg,full-body clothes,389,152,190,38,446,57
10621,img/img_00065920.jpg,full-body clothes,459,464,464,0,459,0
10622,img/img_00065942.jpg,upper-body clothes,82,78,241,163,141,59
10623,img/img_00065962.jpg,full-body clothes,419,82,217,135,500,81
10624,img/img_00065971.jpg,full-body clothes,156,76,158,82,218,62
10625,img/img_00065974.jpg,full-body clothes,396,153,250,97,479,83
10626,img/img_00065976.jpg,upper-body clothes,126,99,99,0,126,0
10627,img/img_00065980.jpg,upper-body clothes,277,267,380,113,426,149
10628,img/img_00066001.jpg,full-body clothes,308,171,332,161,460,152
10629,img/img_00066002.jpg,full-body clothes,291,257,257,0,291,0
10630,img/img_00066007.jpg,full-body clothes,187,123,134,11,286,99
10631,img/img_00066012.jpg,full-body clothes,255,156,156,0,255,0
10632,img/img_00066014.jpg,full-body clothes,173,74,177,103,242,69
10633,img/img_00066015.jpg,full-body clothes,437,209,209,0,437,0
10634,img/img_00066017.jpg,full-body clothes,321,146,222,76,443,122
10635,img/img_00066023.jpg,full-body clothes,316,183,270,87,462,146
10636,img/img_00066025.jpg,full-body clothes,167,179,179,0,167,0
10637,img/img_00066027.jpg,full-body clothes,239,123,123,0,239,0
10638,img/img_00066032.jpg,full-body clothes,397,78,294,216,488,91
10639,img/img_00066040.jpg,full-body clothes,150,33,78,45,184,34
10640,img/img_00066046.jpg,full-body clothes,333,105,232,127,426,93
10641,img/img_00066049.jpg,full-body clothes,376,261,261,0,376,0
10642,img/img_00066066.jpg,full-body clothes,252,114,196,82,329,77
10643,img/img_00066075.jpg,full-body clothes,134,208,208,0,134,0
10644,img/img_00066077.jpg,full-body clothes,314,192,268,76,441,127
10645,img/img_00066081.jpg,full-body clothes,169,40,245,205,372,203
10646,img/img_00066088.jpg,upper-body clothes,237,127,240,113,352,115
10647,img/img_00066096.jpg,upper-body clothes,242,185,185,0,242,0
10648,img/img_00066114.jpg,full-body clothes,253,66,161,95,309,56
10649,img/img_00066120.jpg,full-body clothes,194,42,99,57,229,35
10650,img/img_00066121.jpg,full-body clothes,202,85,195,110,267,65
10651,img/img_00066127.jpg,full-body clothes,191,330,330,0,191,0
10652,img/img_00066146.jpg,full-body clothes,390,239,364,125,448,58
10653,img/img_00066155.jpg,full-body clothes,245,130,208,78,372,127
10654,img/img_00066160.jpg,full-body clothes,195,110,181,71,277,82
10655,img/img_00066161.jpg,full-body clothes,333,165,251,86,477,144
10656,img/img_00066164.jpg,full-body clothes,306,146,257,111,429,123
10657,img/img_00066175.jpg,full-body clothes,235,89,172,83,325,90
10658,img/img_00066185.jpg,full-body clothes,325,135,216,81,442,117
10659,img/img_00066187.jpg,full-body clothes,208,222,222,0,208,0
10660,img/img_00066190.jpg,full-body clothes,356,158,247,89,436,80
10661,img/img_00066191.jpg,full-body clothes,343,169,260,91,465,122
10662,img/img_00066192.jpg,full-body clothes,399,284,284,0,399,0
10663,img/img_00066195.jpg,full-body clothes,176,254,254,0,176,0
10664,img/img_00066198.jpg,full-body clothes,302,66,138,72,355,53
10665,img/img_00066205.jpg,full-body clothes,132,43,68,25,179,47
10666,img/img_00066210.jpg,full-body clothes,280,123,319,196,373,93
10667,img/img_00066230.jpg,full-body clothes,321,241,244,3,398,77
10668,img/img_00066246.jpg,upper-body clothes,148,140,311,171,346,198
10669,img/img_00066249.jpg,upper-body clothes,193,39,163,124,247,54
10670,img/img_00066258.jpg,upper-body clothes,268,123,224,101,400,132
10671,img/img_00066265.jpg,upper-body clothes,208,70,136,66,279,71
10672,img/img_00066270.jpg,upper-body clothes,241,114,244,130,364,123
10673,img/img_00066273.jpg,upper-body clothes,132,72,240,168,270,138
10674,img/img_00066275.jpg,lower-body clothes,51,85,145,60,220,169
10675,img/img_00066276.jpg,lower-body clothes,53,68,133,65,101,48
10676,img/img_00066277.jpg,lower-body clothes,64,89,217,128,236,172
10677,img/img_00066280.jpg,lower-body clothes,112,167,218,51,420,308
10678,img/img_00066283.jpg,lower-body clothes,58,83,166,83,236,178
10679,img/img_00066286.jpg,lower-body clothes,100,135,225,90,360,260
10680,img/img_00066290.jpg,lower-body clothes,187,207,285,78,292,105
10681,img/img_00066294.jpg,lower-body clothes,91,90,173,83,277,186
10682,img/img_00066295.jpg,lower-body clothes,217,154,270,116,231,14
10683,img/img_00066306.jpg,lower-body clothes,109,85,201,116,265,156
10684,img/img_00066313.jpg,upper-body clothes,312,169,277,108,394,82
10685,img/img_00066317.jpg,upper-body clothes,187,276,276,0,187,0
10686,img/img_00066342.jpg,full-body clothes,356,119,191,72,467,111
10687,img/img_00066345.jpg,full-body clothes,364,134,205,71,479,115
10688,img/img_00066346.jpg,full-body clothes,323,61,290,229,410,87
10689,img/img_00066348.jpg,full-body clothes,280,128,219,91,384,104
10690,img/img_00066354.jpg,full-body clothes,344,83,242,159,425,81
10691,img/img_00066357.jpg,full-body clothes,453,213,306,93,466,13
10692,img/img_00066378.jpg,full-body clothes,193,137,183,46,339,146
10693,img/img_00066390.jpg,full-body clothes,118,70,128,58,162,44
10694,img/img_00066392.jpg,full-body clothes,315,102,245,143,425,110
10695,img/img_00066400.jpg,upper-body clothes,375,167,230,63,430,55
10696,img/img_00066401.jpg,upper-body clothes,264,155,236,81,407,143
10697,img/img_00066412.jpg,lower-body clothes,90,107,276,169,280,190
10698,img/img_00066413.jpg,lower-body clothes,183,264,317,53,305,122
10699,img/img_00066420.jpg,lower-body clothes,75,94,218,124,275,200
10700,img/img_00066426.jpg,lower-body clothes,145,137,193,56,194,49
10701,img/img_00066441.jpg,upper-body clothes,100,56,206,150,183,83
10702,img/img_00066443.jpg,upper-body clothes,270,197,265,68,349,79
10703,img/img_00066451.jpg,upper-body clothes,124,82,154,72,219,95
10704,img/img_00066459.jpg,lower-body clothes,106,138,253,115,380,274
10705,img/img_00066463.jpg,lower-body clothes,107,102,216,114,372,265
10706,img/img_00066466.jpg,lower-body clothes,102,131,208,77,405,303
10707,img/img_00066476.jpg,lower-body clothes,86,92,184,92,274,188
10708,img/img_00066483.jpg,full-body clothes,203,275,275,0,203,0
10709,img/img_00066484.jpg,full-body clothes,167,77,155,78,215,48
10710,img/img_00066485.jpg,full-body clothes,153,167,167,0,153,0
10711,img/img_00066486.jpg,full-body clothes,179,88,138,50,242,63
10712,img/img_00066488.jpg,full-body clothes,197,130,211,81,280,83
10713,img/img_00066494.jpg,lower-body clothes,267,98,316,218,285,18
10714,img/img_00066495.jpg,lower-body clothes,369,108,337,229,420,51
10715,img/img_00066496.jpg,lower-body clothes,76,31,222,191,276,200
10716,img/img_00066501.jpg,lower-body clothes,87,208,208,0,87,0
10717,img/img_00066516.jpg,lower-body clothes,55,113,202,89,269,214
10718,img/img_00066518.jpg,lower-body clothes,177,282,359,77,214,37
10719,img/img_00066520.jpg,lower-body clothes,172,138,236,98,183,11
10720,img/img_00066523.jpg,lower-body clothes,137,147,245,98,154,17
10721,img/img_00066524.jpg,lower-body clothes,112,175,310,135,169,57
10722,img/img_00066533.jpg,lower-body clothes,182,258,295,37,239,57
10723,img/img_00066534.jpg,lower-body clothes,73,70,211,141,283,210
10724,img/img_00066539.jpg,lower-body clothes,44,74,190,116,178,134
10725,img/img_00066543.jpg,full-body clothes,177,50,176,126,252,75
10726,img/img_00066561.jpg,full-body clothes,291,143,237,94,420,129
10727,img/img_00066562.jpg,full-body clothes,301,186,289,103,459,158
10728,img/img_00066578.jpg,upper-body clothes,172,115,260,145,306,134
10729,img/img_00066583.jpg,full-body clothes,331,125,252,127,463,132
10730,img/img_00066585.jpg,full-body clothes,290,187,187,0,290,0
10731,img/img_00066594.jpg,full-body clothes,285,211,262,51,374,89
10732,img/img_00066596.jpg,full-body clothes,367,297,405,108,478,111
10733,img/img_00066603.jpg,full-body clothes,413,164,247,83,492,79
10734,img/img_00066607.jpg,full-body clothes,258,203,203,0,258,0
10735,img/img_00066609.jpg,full-body clothes,460,151,151,0,460,0
10736,img/img_00066613.jpg,full-body clothes,393,432,432,0,393,0
10737,img/img_00066616.jpg,full-body clothes,428,72,230,158,501,73
10738,img/img_00066622.jpg,full-body clothes,365,191,257,66,486,121
10739,img/img_00066627.jpg,full-body clothes,406,211,311,100,476,70
10740,img/img_00066628.jpg,full-body clothes,215,167,167,0,215,0
10741,img/img_00066636.jpg,full-body clothes,431,157,243,86,453,22
10742,img/img_00066645.jpg,upper-body clothes,478,180,180,0,478,0
10743,img/img_00066662.jpg,full-body clothes,233,119,221,102,330,97
10744,img/img_00066666.jpg,full-body clothes,365,180,223,43,487,122
10745,img/img_00066674.jpg,full-body clothes,188,99,211,112,252,64
10746,img/img_00066678.jpg,full-body clothes,286,144,241,97,397,111
10747,img/img_00066697.jpg,full-body clothes,329,234,234,0,329,0
10748,img/img_00066698.jpg,full-body clothes,208,98,174,76,282,74
10749,img/img_00066699.jpg,full-body clothes,486,292,292,0,486,0
10750,img/img_00066704.jpg,full-body clothes,279,88,183,95,342,63
10751,img/img_00066716.jpg,lower-body clothes,226,80,209,129,432,206
10752,img/img_00066723.jpg,lower-body clothes,348,263,263,0,348,0
10753,img/img_00066730.jpg,lower-body clothes,151,65,181,116,160,9
10754,img/img_00066733.jpg,lower-body clothes,181,87,175,88,418,237
10755,img/img_00066740.jpg,full-body clothes,201,103,228,125,277,76
10756,img/img_00066741.jpg,full-body clothes,303,164,248,84,420,117
10757,img/img_00066744.jpg,full-body clothes,499,303,303,0,499,0
10758,img/img_00066752.jpg,upper-body clothes,333,184,210,26,492,159
10759,img/img_00066763.jpg,upper-body clothes,243,142,271,129,299,56
10760,img/img_00066764.jpg,upper-body clothes,428,202,361,159,493,65
10761,img/img_00066775.jpg,upper-body clothes,397,253,303,50,445,48
10762,img/img_00066779.jpg,upper-body clothes,316,216,216,0,316,0
10763,img/img_00066780.jpg,upper-body clothes,159,78,141,63,211,52
10764,img/img_00066783.jpg,upper-body clothes,419,165,183,18,458,39
10765,img/img_00066788.jpg,upper-body clothes,225,95,175,80,330,105
10766,img/img_00066792.jpg,upper-body clothes,435,332,332,0,435,0
10767,img/img_00066800.jpg,upper-body clothes,148,96,192,96,234,86
10768,img/img_00066804.jpg,upper-body clothes,159,112,190,78,171,12
10769,img/img_00066808.jpg,upper-body clothes,147,91,160,69,192,45
10770,img/img_00066809.jpg,upper-body clothes,312,154,154,0,312,0
10771,img/img_00066811.jpg,upper-body clothes,152,101,180,79,171,19
10772,img/img_00066813.jpg,upper-body clothes,278,28,184,156,369,91
10773,img/img_00066814.jpg,upper-body clothes,185,33,181,148,249,64
10774,img/img_00066817.jpg,upper-body clothes,290,90,423,333,373,83
10775,img/img_00066826.jpg,upper-body clothes,354,372,372,0,354,0
10776,img/img_00066828.jpg,upper-body clothes,117,292,292,0,117,0
10777,img/img_00066829.jpg,upper-body clothes,305,155,248,93,407,102
10778,img/img_00066851.jpg,full-body clothes,384,121,254,133,476,92
10779,img/img_00066856.jpg,full-body clothes,204,407,510,103,327,123
10780,img/img_00066858.jpg,full-body clothes,179,153,153,0,179,0
10781,img/img_00066862.jpg,upper-body clothes,162,118,184,66,270,108
10782,img/img_00066866.jpg,upper-body clothes,129,54,178,124,215,86
10783,img/img_00066875.jpg,upper-body clothes,338,72,230,158,461,123
10784,img/img_00066905.jpg,full-body clothes,467,187,315,128,480,13
10785,img/img_00066908.jpg,full-body clothes,209,116,202,86,278,69
10786,img/img_00066909.jpg,full-body clothes,315,158,240,82,421,106
10787,img/img_00066925.jpg,full-body clothes,328,185,289,104,427,99
10788,img/img_00066926.jpg,full-body clothes,306,140,233,93,429,123
10789,img/img_00066931.jpg,full-body clothes,360,135,259,124,478,118
10790,img/img_00066934.jpg,upper-body clothes,289,54,219,165,423,134
10791,img/img_00066955.jpg,upper-body clothes,157,74,120,46,233,76
10792,img/img_00066959.jpg,upper-body clothes,77,53,120,67,79,2
10793,img/img_00066971.jpg,upper-body clothes,144,79,186,107,193,49
10794,img/img_00066972.jpg,upper-body clothes,284,176,251,75,426,142
10795,img/img_00066983.jpg,lower-body clothes,148,96,230,134,339,191
10796,img/img_00066988.jpg,lower-body clothes,149,90,415,325,354,205
10797,img/img_00067001.jpg,lower-body clothes,146,61,174,113,151,5
10798,img/img_00067007.jpg,full-body clothes,227,98,230,132,309,82
10799,img/img_00067010.jpg,full-body clothes,326,130,245,115,429,103
10800,img/img_00067015.jpg,full-body clothes,347,114,322,208,476,129
10801,img/img_00067022.jpg,full-body clothes,257,67,196,129,327,70
10802,img/img_00067024.jpg,full-body clothes,205,112,168,56,279,74
10803,img/img_00067027.jpg,upper-body clothes,292,60,148,88,414,122
10804,img/img_00067034.jpg,upper-body clothes,134,88,242,154,229,95
10805,img/img_00067046.jpg,full-body clothes,212,79,193,114,282,70
10806,img/img_00067047.jpg,full-body clothes,363,191,227,36,477,114
10807,img/img_00067048.jpg,full-body clothes,222,124,198,74,261,39
10808,img/img_00067050.jpg,full-body clothes,290,207,207,0,290,0
10809,img/img_00067053.jpg,full-body clothes,336,166,260,94,457,121
10810,img/img_00067058.jpg,full-body clothes,241,91,252,161,310,69
10811,img/img_00067070.jpg,full-body clothes,258,265,265,0,258,0
10812,img/img_00067072.jpg,full-body clothes,360,120,331,211,483,123
10813,img/img_00067081.jpg,full-body clothes,446,256,256,0,446,0
10814,img/img_00067083.jpg,full-body clothes,222,83,171,88,304,82
10815,img/img_00067092.jpg,full-body clothes,275,146,452,306,370,95
10816,img/img_00067099.jpg,full-body clothes,287,116,241,125,447,160
10817,img/img_00067102.jpg,full-body clothes,189,112,295,183,266,77
10818,img/img_00067108.jpg,full-body clothes,271,112,293,181,345,74
10819,img/img_00067111.jpg,full-body clothes,280,128,225,97,380,100
10820,img/img_00067116.jpg,full-body clothes,279,97,206,109,401,122
10821,img/img_00067133.jpg,full-body clothes,362,75,189,114,501,139
10822,img/img_00067137.jpg,full-body clothes,263,150,238,88,409,146
10823,img/img_00067152.jpg,full-body clothes,303,92,139,47,430,127
10824,img/img_00067157.jpg,full-body clothes,273,146,237,91,415,142
10825,img/img_00067160.jpg,full-body clothes,341,175,268,93,446,105
10826,img/img_00067170.jpg,full-body clothes,342,180,295,115,360,18
10827,img/img_00067175.jpg,full-body clothes,343,180,277,97,464,121
10828,img/img_00067181.jpg,full-body clothes,331,154,293,139,445,114
10829,img/img_00067189.jpg,full-body clothes,270,159,246,87,329,59
10830,img/img_00067191.jpg,full-body clothes,329,150,264,114,458,129
10831,img/img_00067195.jpg,full-body clothes,232,126,176,50,316,84
10832,img/img_00067196.jpg,lower-body clothes,213,266,323,57,221,8
10833,img/img_00067197.jpg,lower-body clothes,259,325,335,10,344,85
10834,img/img_00067200.jpg,lower-body clothes,74,106,264,158,290,216
10835,img/img_00067204.jpg,lower-body clothes,177,277,322,45,193,16
10836,img/img_00067217.jpg,lower-body clothes,58,67,157,90,146,88
10837,img/img_00067223.jpg,lower-body clothes,46,75,143,68,64,18
10838,img/img_00067232.jpg,upper-body clothes,332,113,212,99,472,140
10839,img/img_00067240.jpg,upper-body clothes,211,93,402,309,339,128
10840,img/img_00067241.jpg,upper-body clothes,157,118,135,17,171,14
10841,img/img_00067243.jpg,upper-body clothes,281,245,297,52,300,19
10842,img/img_00067246.jpg,upper-body clothes,120,95,147,52,184,64
10843,img/img_00067261.jpg,full-body clothes,318,269,269,0,318,0
10844,img/img_00067267.jpg,full-body clothes,344,94,164,70,445,101
10845,img/img_00067274.jpg,full-body clothes,386,127,238,111,468,82
10846,img/img_00067276.jpg,full-body clothes,352,138,206,68,430,78
10847,img/img_00067281.jpg,full-body clothes,365,87,228,141,452,87
10848,img/img_00067285.jpg,full-body clothes,255,210,210,0,255,0
10849,img/img_00067287.jpg,full-body clothes,260,312,312,0,260,0
10850,img/img_00067305.jpg,full-body clothes,331,177,309,132,459,128
10851,img/img_00067315.jpg,full-body clothes,236,74,138,64,300,64
10852,img/img_00067326.jpg,full-body clothes,253,147,279,132,351,98
10853,img/img_00067327.jpg,full-body clothes,436,86,188,102,470,34
10854,img/img_00067336.jpg,full-body clothes,162,236,236,0,162,0
10855,img/img_00067337.jpg,full-body clothes,200,219,219,0,200,0
10856,img/img_00067343.jpg,full-body clothes,378,51,193,142,462,84
10857,img/img_00067359.jpg,full-body clothes,378,86,302,216,469,91
10858,img/img_00067363.jpg,full-body clothes,150,74,159,85,217,67
10859,img/img_00067367.jpg,full-body clothes,308,101,226,125,420,112
10860,img/img_00067373.jpg,upper-body clothes,253,322,322,0,253,0
10861,img/img_00067391.jpg,full-body clothes,322,418,418,0,322,0
10862,img/img_00067398.jpg,full-body clothes,329,242,242,0,329,0
10863,img/img_00067400.jpg,full-body clothes,265,45,193,148,392,127
10864,img/img_00067405.jpg,full-body clothes,354,109,246,137,451,97
10865,img/img_00067418.jpg,full-body clothes,183,230,230,0,183,0
10866,img/img_00067429.jpg,full-body clothes,322,52,184,132,449,127
10867,img/img_00067430.jpg,full-body clothes,311,68,194,126,428,117
10868,img/img_00067431.jpg,full-body clothes,306,161,241,80,449,143
10869,img/img_00067434.jpg,lower-body clothes,100,151,324,173,409,309
10870,img/img_00067436.jpg,lower-body clothes,51,63,218,155,360,309
10871,img/img_00067449.jpg,lower-body clothes,111,140,265,125,422,311
10872,img/img_00067480.jpg,lower-body clothes,103,140,217,77,372,269
10873,img/img_00067487.jpg,lower-body clothes,86,114,177,63,320,234
10874,img/img_00067492.jpg,lower-body clothes,84,98,167,69,290,206
10875,img/img_00067499.jpg,lower-body clothes,175,247,384,137,318,143
10876,img/img_00067500.jpg,lower-body clothes,248,105,235,130,343,95
10877,img/img_00067512.jpg,full-body clothes,109,30,120,90,151,42
10878,img/img_00067518.jpg,full-body clothes,128,46,137,91,195,67
10879,img/img_00067521.jpg,full-body clothes,254,100,214,114,356,102
10880,img/img_00067527.jpg,full-body clothes,322,337,337,0,322,0
10881,img/img_00067531.jpg,full-body clothes,122,74,147,73,163,41
10882,img/img_00067535.jpg,full-body clothes,322,71,211,140,443,121
10883,img/img_00067553.jpg,full-body clothes,177,84,146,62,232,55
10884,img/img_00067554.jpg,full-body clothes,351,128,235,107,470,119
10885,img/img_00067561.jpg,full-body clothes,231,110,222,112,309,78
10886,img/img_00067577.jpg,upper-body clothes,124,88,204,116,188,64
10887,img/img_00067578.jpg,upper-body clothes,255,155,251,96,376,121
10888,img/img_00067582.jpg,upper-body clothes,224,165,165,0,224,0
10889,img/img_00067584.jpg,upper-body clothes,199,117,174,57,285,86
10890,img/img_00067591.jpg,upper-body clothes,248,125,125,0,248,0
10891,img/img_00067612.jpg,full-body clothes,412,75,220,145,491,79
10892,img/img_00067620.jpg,full-body clothes,165,87,138,51,228,63
10893,img/img_00067621.jpg,full-body clothes,330,118,227,109,473,143
10894,img/img_00067629.jpg,upper-body clothes,249,57,197,140,381,132
10895,img/img_00067633.jpg,upper-body clothes,151,109,174,65,246,95
10896,img/img_00067634.jpg,upper-body clothes,173,39,109,70,261,88
10897,img/img_00067637.jpg,upper-body clothes,280,63,217,154,410,130
10898,img/img_00067644.jpg,upper-body clothes,161,70,130,60,228,67
10899,img/img_00067660.jpg,full-body clothes,309,55,173,118,482,173
10900,img/img_00067661.jpg,full-body clothes,186,105,214,109,258,72
10901,img/img_00067666.jpg,upper-body clothes,112,101,154,53,183,71
10902,img/img_00067668.jpg,upper-body clothes,179,129,162,33,279,100
10903,img/img_00067670.jpg,upper-body clothes,121,84,198,114,243,122
10904,img/img_00067677.jpg,upper-body clothes,226,135,172,37,323,97
10905,img/img_00067681.jpg,upper-body clothes,55,40,107,67,111,56
10906,img/img_00067682.jpg,upper-body clothes,273,169,212,43,410,137
10907,img/img_00067689.jpg,upper-body clothes,251,164,300,136,388,137
10908,img/img_00067691.jpg,upper-body clothes,247,152,214,62,394,147
10909,img/img_00067694.jpg,upper-body clothes,185,51,113,62,261,76
10910,img/img_00067703.jpg,upper-body clothes,137,96,96,0,137,0
10911,img/img_00067715.jpg,upper-body clothes,322,370,370,0,322,0
10912,img/img_00067717.jpg,upper-body clothes,287,208,208,0,287,0
10913,img/img_00067719.jpg,upper-body clothes,157,111,162,51,266,109
10914,img/img_00067720.jpg,upper-body clothes,152,86,125,39,214,62
10915,img/img_00067724.jpg,upper-body clothes,135,70,88,18,197,62
10916,img/img_00067730.jpg,upper-body clothes,76,32,76,44,127,51
10917,img/img_00067733.jpg,upper-body clothes,181,107,203,96,294,113
10918,img/img_00067739.jpg,upper-body clothes,287,119,239,120,411,124
10919,img/img_00067743.jpg,upper-body clothes,147,79,132,53,228,81
10920,img/img_00067744.jpg,upper-body clothes,216,148,232,84,317,101
10921,img/img_00067746.jpg,upper-body clothes,315,149,268,119,435,120
10922,img/img_00067756.jpg,full-body clothes,296,189,229,40,405,109
10923,img/img_00067761.jpg,full-body clothes,292,194,268,74,425,133
10924,img/img_00067785.jpg,lower-body clothes,132,62,144,82,449,317
10925,img/img_00067791.jpg,full-body clothes,223,106,176,70,306,83
10926,img/img_00067795.jpg,full-body clothes,416,81,141,60,491,75
10927,img/img_00067797.jpg,full-body clothes,348,68,200,132,461,113
10928,img/img_00067801.jpg,full-body clothes,413,201,344,143,460,47
10929,img/img_00067807.jpg,full-body clothes,143,83,137,54,192,49
10930,img/img_00067829.jpg,upper-body clothes,196,171,264,93,324,128
10931,img/img_00067830.jpg,upper-body clothes,301,125,198,73,384,83
10932,img/img_00067837.jpg,upper-body clothes,378,128,266,138,414,36
10933,img/img_00067838.jpg,upper-body clothes,129,80,123,43,187,58
10934,img/img_00067839.jpg,upper-body clothes,252,259,259,0,252,0
10935,img/img_00067848.jpg,upper-body clothes,128,117,172,55,198,70
10936,img/img_00067849.jpg,upper-body clothes,170,101,311,210,372,202
10937,img/img_00067850.jpg,upper-body clothes,106,84,413,329,188,82
10938,img/img_00067851.jpg,upper-body clothes,284,200,344,144,393,109
10939,img/img_00067855.jpg,upper-body clothes,285,60,257,197,408,123
10940,img/img_00067858.jpg,upper-body clothes,71,61,115,54,147,76
10941,img/img_00067859.jpg,upper-body clothes,324,172,217,45,440,116
10942,img/img_00067861.jpg,upper-body clothes,257,131,242,111,379,122
10943,img/img_00067863.jpg,upper-body clothes,207,83,167,84,296,89
10944,img/img_00067870.jpg,upper-body clothes,208,132,185,53,329,121
10945,img/img_00067875.jpg,upper-body clothes,117,82,145,63,206,89
10946,img/img_00067878.jpg,full-body clothes,443,101,223,122,460,17
10947,img/img_00067885.jpg,full-body clothes,417,76,177,101,492,75
10948,img/img_00067889.jpg,full-body clothes,195,49,125,76,240,45
10949,img/img_00067894.jpg,full-body clothes,354,59,196,137,478,124
10950,img/img_00067895.jpg,full-body clothes,224,60,132,72,266,42
10951,img/img_00067896.jpg,full-body clothes,199,59,119,60,285,86
10952,img/img_00067901.jpg,full-body clothes,192,119,256,137,282,90
10953,img/img_00067904.jpg,full-body clothes,349,229,277,48,477,128
10954,img/img_00067909.jpg,full-body clothes,163,57,195,138,211,48
10955,img/img_00067921.jpg,full-body clothes,449,232,232,0,449,0
10956,img/img_00067928.jpg,full-body clothes,167,100,165,65,204,37
10957,img/img_00067933.jpg,full-body clothes,404,117,272,155,492,88
10958,img/img_00067934.jpg,full-body clothes,377,102,220,118,465,88
10959,img/img_00067937.jpg,full-body clothes,291,118,221,103,387,96
10960,img/img_00067942.jpg,full-body clothes,369,93,218,125,473,104
10961,img/img_00067953.jpg,full-body clothes,319,92,121,29,399,80
10962,img/img_00067961.jpg,full-body clothes,222,98,216,118,312,90
10963,img/img_00067969.jpg,full-body clothes,342,214,274,60,474,132
10964,img/img_00067973.jpg,full-body clothes,186,99,236,137,270,84
10965,img/img_00067975.jpg,full-body clothes,371,207,207,0,371,0
10966,img/img_00067978.jpg,full-body clothes,173,41,133,92,226,53
10967,img/img_00067990.jpg,lower-body clothes,187,35,178,143,245,58
10968,img/img_00067993.jpg,lower-body clothes,105,124,248,124,450,345
10969,img/img_00067996.jpg,lower-body clothes,90,138,252,114,381,291
10970,img/img_00067998.jpg,lower-body clothes,338,133,269,136,366,28
10971,img/img_00067999.jpg,lower-body clothes,59,63,162,99,184,125
10972,img/img_00068012.jpg,lower-body clothes,114,205,307,102,481,367
10973,img/img_00068019.jpg,full-body clothes,273,169,182,13,348,75
10974,img/img_00068029.jpg,full-body clothes,321,140,255,115,440,119
10975,img/img_00068030.jpg,upper-body clothes,236,48,201,153,391,155
10976,img/img_00068049.jpg,lower-body clothes,114,43,105,62,212,98
10977,img/img_00068054.jpg,lower-body clothes,233,93,235,142,436,203
10978,img/img_00068060.jpg,lower-body clothes,128,52,154,102,272,144
10979,img/img_00068062.jpg,lower-body clothes,224,61,146,85,454,230
10980,img/img_00068066.jpg,lower-body clothes,60,161,161,0,60,0
10981,img/img_00068077.jpg,lower-body clothes,70,104,230,126,258,188
10982,img/img_00068091.jpg,full-body clothes,145,78,152,74,213,68
10983,img/img_00068103.jpg,full-body clothes,191,92,219,127,280,89
10984,img/img_00068107.jpg,full-body clothes,284,51,205,154,450,166
10985,img/img_00068120.jpg,lower-body clothes,214,92,158,66,402,188
10986,img/img_00068127.jpg,lower-body clothes,314,204,233,29,349,35
10987,img/img_00068130.jpg,lower-body clothes,122,70,182,112,276,154
10988,img/img_00068135.jpg,lower-body clothes,100,175,275,100,459,359
10989,img/img_00068143.jpg,lower-body clothes,60,130,200,70,310,250
10990,img/img_00068149.jpg,lower-body clothes,133,171,206,35,415,282
10991,img/img_00068152.jpg,lower-body clothes,87,117,171,54,176,89
10992,img/img_00068155.jpg,full-body clothes,199,103,204,101,269,70
10993,img/img_00068156.jpg,full-body clothes,210,108,220,112,298,88
10994,img/img_00068162.jpg,full-body clothes,246,111,252,141,325,79
10995,img/img_00068165.jpg,full-body clothes,227,108,263,155,319,92
10996,img/img_00068167.jpg,full-body clothes,312,241,283,42,415,103
10997,img/img_00068177.jpg,upper-body clothes,167,210,219,9,276,109
10998,img/img_00068183.jpg,upper-body clothes,330,156,156,0,330,0
10999,img/img_00068196.jpg,upper-body clothes,255,147,317,170,401,146
11000,img/img_00068197.jpg,upper-body clothes,316,262,271,9,437,121
11001,img/img_00068199.jpg,upper-body clothes,289,66,217,151,336,47
11002,img/img_00068201.jpg,upper-body clothes,346,250,362,112,446,100
11003,img/img_00068203.jpg,upper-body clothes,282,92,202,110,423,141
11004,img/img_00068214.jpg,full-body clothes,353,147,222,75,455,102
11005,img/img_00068216.jpg,full-body clothes,262,340,347,7,380,118
11006,img/img_00068222.jpg,full-body clothes,375,198,327,129,477,102
11007,img/img_00068232.jpg,full-body clothes,424,251,292,41,449,25
11008,img/img_00068233.jpg,full-body clothes,194,127,273,146,344,150
11009,img/img_00068238.jpg,full-body clothes,175,85,223,138,346,171
11010,img/img_00068246.jpg,full-body clothes,336,271,271,0,336,0
11011,img/img_00068256.jpg,full-body clothes,387,123,253,130,469,82
11012,img/img_00068261.jpg,full-body clothes,315,276,276,0,315,0
11013,img/img_00068262.jpg,full-body clothes,225,57,199,142,324,99
11014,img/img_00068269.jpg,upper-body clothes,158,109,188,79,274,116
11015,img/img_00068270.jpg,upper-body clothes,135,76,164,88,202,67
11016,img/img_00068278.jpg,upper-body clothes,234,137,176,39,356,122
11017,img/img_00068282.jpg,lower-body clothes,133,168,274,106,416,283
11018,img/img_00068300.jpg,lower-body clothes,140,26,201,175,484,344
11019,img/img_00068305.jpg,lower-body clothes,165,226,230,4,175,10
11020,img/img_00068317.jpg,lower-body clothes,192,208,367,159,310,118
11021,img/img_00068318.jpg,lower-body clothes,237,167,281,114,383,146
11022,img/img_00068322.jpg,lower-body clothes,372,244,439,195,451,79
11023,img/img_00068323.jpg,lower-body clothes,387,186,186,0,387,0
11024,img/img_00068327.jpg,lower-body clothes,247,254,399,145,306,59
11025,img/img_00068334.jpg,lower-body clothes,428,496,508,12,439,11
11026,img/img_00068337.jpg,lower-body clothes,87,137,229,92,134,47
11027,img/img_00068343.jpg,lower-body clothes,61,99,159,60,210,149
11028,img/img_00068345.jpg,lower-body clothes,69,104,205,101,262,193
11029,img/img_00068353.jpg,lower-body clothes,109,145,235,90,371,262
11030,img/img_00068355.jpg,lower-body clothes,99,141,207,66,195,96
11031,img/img_00068365.jpg,full-body clothes,185,48,122,74,232,47
11032,img/img_00068391.jpg,full-body clothes,328,135,283,148,450,122
11033,img/img_00068392.jpg,full-body clothes,330,126,253,127,430,100
11034,img/img_00068394.jpg,full-body clothes,198,131,219,88,277,79
11035,img/img_00068399.jpg,full-body clothes,311,166,246,80,446,135
11036,img/img_00068400.jpg,full-body clothes,301,179,270,91,437,136
11037,img/img_00068409.jpg,full-body clothes,181,102,195,93,259,78
11038,img/img_00068420.jpg,full-body clothes,312,73,234,161,427,115
11039,img/img_00068424.jpg,full-body clothes,270,170,170,0,270,0
11040,img/img_00068426.jpg,full-body clothes,300,180,257,77,437,137
11041,img/img_00068427.jpg,full-body clothes,165,98,218,120,258,93
11042,img/img_00068448.jpg,lower-body clothes,63,86,219,133,295,232
11043,img/img_00068452.jpg,lower-body clothes,239,310,330,20,260,21
11044,img/img_00068457.jpg,lower-body clothes,123,144,234,90,386,263
11045,img/img_00068476.jpg,full-body clothes,392,106,248,142,479,87
11046,img/img_00068477.jpg,full-body clothes,375,88,177,89,451,76
11047,img/img_00068489.jpg,full-body clothes,381,95,187,92,478,97
11048,img/img_00068492.jpg,full-body clothes,190,110,213,103,281,91
11049,img/img_00068493.jpg,full-body clothes,98,131,131,0,98,0
11050,img/img_00068494.jpg,full-body clothes,142,79,171,92,202,60
11051,img/img_00068496.jpg,full-body clothes,166,55,105,50,234,68
11052,img/img_00068501.jpg,full-body clothes,357,135,231,96,483,126
11053,img/img_00068506.jpg,full-body clothes,274,202,208,6,388,114
11054,img/img_00068517.jpg,full-body clothes,190,27,119,92,243,53
11055,img/img_00068524.jpg,full-body clothes,247,272,272,0,247,0
11056,img/img_00068526.jpg,full-body clothes,187,267,267,0,187,0
11057,img/img_00068531.jpg,full-body clothes,328,173,287,114,469,141
11058,img/img_00068534.jpg,full-body clothes,320,115,468,353,439,119
11059,img/img_00068539.jpg,full-body clothes,227,183,295,112,402,175
11060,img/img_00068544.jpg,full-body clothes,405,295,295,0,405,0
11061,img/img_00068548.jpg,full-body clothes,300,111,228,117,448,148
11062,img/img_00068558.jpg,full-body clothes,153,123,123,0,153,0
11063,img/img_00068560.jpg,full-body clothes,292,180,295,115,417,125
11064,img/img_00068561.jpg,full-body clothes,195,94,190,96,248,53
11065,img/img_00068563.jpg,full-body clothes,215,222,222,0,215,0
11066,img/img_00068571.jpg,full-body clothes,318,213,299,86,492,174
11067,img/img_00068573.jpg,full-body clothes,354,149,223,74,479,125
11068,img/img_00068574.jpg,full-body clothes,194,128,199,71,275,81
11069,img/img_00068582.jpg,full-body clothes,112,77,146,69,153,41
11070,img/img_00068584.jpg,full-body clothes,273,128,184,56,353,80
11071,img/img_00068585.jpg,full-body clothes,433,125,232,107,445,12
11072,img/img_00068586.jpg,full-body clothes,425,73,279,206,501,76
11073,img/img_00068591.jpg,full-body clothes,220,106,174,68,279,59
11074,img/img_00068594.jpg,full-body clothes,191,269,269,0,191,0
11075,img/img_00068597.jpg,full-body clothes,274,273,273,0,274,0
11076,img/img_00068602.jpg,full-body clothes,410,102,157,55,495,85
11077,img/img_00068606.jpg,upper-body clothes,131,135,213,78,271,140
11078,img/img_00068611.jpg,upper-body clothes,258,143,194,51,392,134
11079,img/img_00068612.jpg,upper-body clothes,159,72,188,116,230,71
11080,img/img_00068614.jpg,upper-body clothes,192,111,225,114,357,165
11081,img/img_00068621.jpg,upper-body clothes,207,116,228,112,272,65
11082,img/img_00068622.jpg,upper-body clothes,269,120,230,110,398,129
11083,img/img_00068633.jpg,full-body clothes,360,79,248,169,469,109
11084,img/img_00068638.jpg,full-body clothes,241,66,304,238,313,72
11085,img/img_00068642.jpg,upper-body clothes,198,132,236,104,317,119
11086,img/img_00068655.jpg,upper-body clothes,263,132,255,123,393,130
11087,img/img_00068667.jpg,lower-body clothes,103,153,344,191,432,329
11088,img/img_00068668.jpg,lower-body clothes,73,105,237,132,298,225
11089,img/img_00068673.jpg,full-body clothes,330,45,127,82,453,123
11090,img/img_00068675.jpg,full-body clothes,315,55,172,117,430,115
11091,img/img_00068678.jpg,full-body clothes,287,149,254,105,348,61
11092,img/img_00068681.jpg,full-body clothes,331,43,129,86,454,123
11093,img/img_00068683.jpg,full-body clothes,156,73,139,66,228,72
11094,img/img_00068684.jpg,full-body clothes,155,88,116,28,216,61
11095,img/img_00068686.jpg,full-body clothes,205,102,157,55,269,64
11096,img/img_00068688.jpg,full-body clothes,202,140,192,52,304,102
11097,img/img_00068694.jpg,upper-body clothes,125,34,94,60,176,51
11098,img/img_00068708.jpg,upper-body clothes,90,81,202,121,212,122
11099,img/img_00068715.jpg,upper-body clothes,205,157,157,0,205,0
11100,img/img_00068720.jpg,upper-body clothes,230,225,301,76,445,215
11101,img/img_00068740.jpg,upper-body clothes,259,315,315,0,259,0
11102,img/img_00068746.jpg,upper-body clothes,168,126,193,67,261,93
11103,img/img_00068749.jpg,upper-body clothes,144,110,187,77,269,125
11104,img/img_00068755.jpg,full-body clothes,173,93,215,122,269,96
11105,img/img_00068762.jpg,full-body clothes,327,328,328,0,327,0
11106,img/img_00068768.jpg,full-body clothes,168,90,216,126,270,102
11107,img/img_00068773.jpg,upper-body clothes,288,139,244,105,425,137
11108,img/img_00068782.jpg,upper-body clothes,260,123,220,97,370,110
11109,img/img_00068786.jpg,upper-body clothes,267,142,279,137,423,156
11110,img/img_00068788.jpg,upper-body clothes,121,70,138,68,205,84
11111,img/img_00068794.jpg,upper-body clothes,189,80,235,155,307,118
11112,img/img_00068796.jpg,upper-body clothes,199,78,189,111,282,83
11113,img/img_00068797.jpg,upper-body clothes,154,114,146,32,229,75
11114,img/img_00068808.jpg,upper-body clothes,229,228,299,71,367,138
11115,img/img_00068811.jpg,upper-body clothes,73,52,165,113,152,79
11116,img/img_00068812.jpg,upper-body clothes,115,119,221,102,212,97
11117,img/img_00068818.jpg,upper-body clothes,102,59,150,91,171,69
11118,img/img_00068824.jpg,upper-body clothes,280,163,276,113,388,108
11119,img/img_00068837.jpg,full-body clothes,194,132,165,33,273,79
11120,img/img_00068840.jpg,full-body clothes,364,262,324,62,491,127
11121,img/img_00068843.jpg,full-body clothes,491,189,396,207,495,4
11122,img/img_00068844.jpg,full-body clothes,275,134,262,128,392,117
11123,img/img_00068847.jpg,lower-body clothes,330,265,265,0,330,0
11124,img/img_00068860.jpg,lower-body clothes,100,93,134,41,277,177
11125,img/img_00068862.jpg,lower-body clothes,56,96,232,136,276,220
11126,img/img_00068865.jpg,lower-body clothes,110,176,247,71,422,312
11127,img/img_00068870.jpg,full-body clothes,278,191,237,46,406,128
11128,img/img_00068878.jpg,full-body clothes,287,139,219,80,295,8
11129,img/img_00068885.jpg,full-body clothes,446,102,242,140,468,22
11130,img/img_00068887.jpg,full-body clothes,358,58,176,118,483,125
11131,img/img_00068889.jpg,full-body clothes,208,48,174,126,261,53
11132,img/img_00068922.jpg,full-body clothes,386,247,336,89,471,85
11133,img/img_00068924.jpg,full-body clothes,419,43,195,152,508,89
11134,img/img_00068928.jpg,full-body clothes,266,136,242,106,400,134
11135,img/img_00068932.jpg,full-body clothes,374,206,312,106,500,126
11136,img/img_00068934.jpg,full-body clothes,501,291,291,0,501,0
11137,img/img_00068938.jpg,full-body clothes,327,185,264,79,472,145
11138,img/img_00068940.jpg,full-body clothes,188,88,160,72,240,52
11139,img/img_00068941.jpg,full-body clothes,344,85,202,117,473,129
11140,img/img_00068960.jpg,full-body clothes,164,52,120,68,223,59
11141,img/img_00068964.jpg,full-body clothes,338,98,204,106,455,117
11142,img/img_00068969.jpg,full-body clothes,271,126,230,104,372,101
11143,img/img_00068976.jpg,full-body clothes,402,106,174,68,485,83
11144,img/img_00069000.jpg,upper-body clothes,215,123,246,123,354,139
11145,img/img_00069005.jpg,upper-body clothes,104,48,166,118,167,63
11146,img/img_00069006.jpg,upper-body clothes,165,103,138,35,234,69
11147,img/img_00069016.jpg,upper-body clothes,136,52,140,88,194,58
11148,img/img_00069031.jpg,full-body clothes,420,227,227,0,420,0
11149,img/img_00069032.jpg,full-body clothes,374,242,482,240,422,48
11150,img/img_00069035.jpg,full-body clothes,313,180,276,96,435,122
11151,img/img_00069040.jpg,full-body clothes,197,120,169,49,277,80
11152,img/img_00069042.jpg,full-body clothes,308,185,251,66,437,129
11153,img/img_00069045.jpg,full-body clothes,120,55,91,36,163,43
11154,img/img_00069048.jpg,full-body clothes,188,80,235,155,269,81
11155,img/img_00069051.jpg,full-body clothes,336,96,205,109,455,119
11156,img/img_00069053.jpg,full-body clothes,159,67,185,118,243,84
11157,img/img_00069061.jpg,full-body clothes,179,73,213,140,247,68
11158,img/img_00069062.jpg,full-body clothes,271,76,195,119,355,84
11159,img/img_00069067.jpg,full-body clothes,326,162,262,100,459,133
11160,img/img_00069084.jpg,full-body clothes,151,83,152,69,216,65
11161,img/img_00069086.jpg,full-body clothes,315,169,272,103,449,134
11162,img/img_00069089.jpg,full-body clothes,195,227,227,0,195,0
11163,img/img_00069098.jpg,upper-body clothes,199,95,197,102,285,86
11164,img/img_00069100.jpg,upper-body clothes,130,62,180,118,217,87
11165,img/img_00069104.jpg,upper-body clothes,186,138,192,54,317,131
11166,img/img_00069114.jpg,full-body clothes,280,37,158,121,419,139
11167,img/img_00069117.jpg,full-body clothes,349,85,202,117,464,115
11168,img/img_00069119.jpg,full-body clothes,334,141,320,179,473,139
11169,img/img_00069137.jpg,lower-body clothes,310,141,239,98,497,187
11170,img/img_00069138.jpg,lower-body clothes,431,135,235,100,470,39
11171,img/img_00069150.jpg,upper-body clothes,227,162,273,111,328,101
11172,img/img_00069162.jpg,upper-body clothes,173,107,174,67,320,147
11173,img/img_00069165.jpg,upper-body clothes,212,81,233,152,293,81
11174,img/img_00069167.jpg,upper-body clothes,336,71,175,104,458,122
11175,img/img_00069170.jpg,upper-body clothes,179,97,150,53,239,60
11176,img/img_00069173.jpg,upper-body clothes,424,289,289,0,424,0
11177,img/img_00069176.jpg,upper-body clothes,189,143,198,55,275,86
11178,img/img_00069179.jpg,upper-body clothes,159,157,191,34,242,83
11179,img/img_00069184.jpg,upper-body clothes,199,89,177,88,345,146
11180,img/img_00069188.jpg,upper-body clothes,230,44,178,134,358,128
11181,img/img_00069189.jpg,upper-body clothes,219,170,236,66,252,33
11182,img/img_00069194.jpg,full-body clothes,388,58,223,165,466,78
11183,img/img_00069197.jpg,upper-body clothes,124,32,124,92,185,61
11184,img/img_00069205.jpg,upper-body clothes,249,215,279,64,415,166
11185,img/img_00069209.jpg,upper-body clothes,183,160,261,101,300,117
11186,img/img_00069224.jpg,upper-body clothes,212,44,213,169,333,121
11187,img/img_00069226.jpg,upper-body clothes,124,69,103,34,193,69
11188,img/img_00069229.jpg,upper-body clothes,194,153,271,118,319,125
11189,img/img_00069242.jpg,upper-body clothes,173,99,195,96,254,81
11190,img/img_00069255.jpg,upper-body clothes,361,250,250,0,361,0
11191,img/img_00069263.jpg,full-body clothes,335,140,224,84,465,130
11192,img/img_00069266.jpg,full-body clothes,240,132,327,195,326,86
11193,img/img_00069294.jpg,upper-body clothes,143,81,147,66,217,74
11194,img/img_00069299.jpg,upper-body clothes,126,66,151,85,182,56
11195,img/img_00069303.jpg,upper-body clothes,286,204,252,48,294,8
11196,img/img_00069309.jpg,upper-body clothes,321,111,230,119,491,170
11197,img/img_00069316.jpg,upper-body clothes,143,62,122,60,217,74
11198,img/img_00069317.jpg,upper-body clothes,116,77,224,147,217,101
11199,img/img_00069318.jpg,upper-body clothes,231,142,253,111,364,133
11200,img/img_00069328.jpg,full-body clothes,380,77,198,121,459,79
11201,img/img_00069330.jpg,full-body clothes,188,86,189,103,261,73
11202,img/img_00069337.jpg,upper-body clothes,492,376,376,0,492,0
11203,img/img_00069338.jpg,upper-body clothes,332,73,202,129,461,129
11204,img/img_00069339.jpg,upper-body clothes,244,140,203,63,336,92
11205,img/img_00069343.jpg,upper-body clothes,287,157,239,82,423,136
11206,img/img_00069376.jpg,full-body clothes,148,63,176,113,204,56
11207,img/img_00069398.jpg,full-body clothes,324,202,202,0,324,0
11208,img/img_00069401.jpg,full-body clothes,352,158,261,103,475,123
11209,img/img_00069422.jpg,full-body clothes,385,88,290,202,483,98
11210,img/img_00069423.jpg,full-body clothes,289,69,224,155,429,140
11211,img/img_00069430.jpg,full-body clothes,224,225,225,0,224,0
11212,img/img_00069434.jpg,full-body clothes,176,206,206,0,176,0
11213,img/img_00069454.jpg,full-body clothes,394,55,172,117,473,79
11214,img/img_00069461.jpg,full-body clothes,242,75,140,65,283,41
11215,img/img_00069474.jpg,full-body clothes,249,220,220,0,249,0
11216,img/img_00069477.jpg,full-body clothes,203,112,227,115,288,85
11217,img/img_00069479.jpg,full-body clothes,403,64,329,265,478,75
11218,img/img_00069484.jpg,full-body clothes,265,84,173,89,337,72
11219,img/img_00069486.jpg,full-body clothes,378,121,190,69,453,75
11220,img/img_00069496.jpg,full-body clothes,336,62,119,57,401,65
11221,img/img_00069503.jpg,full-body clothes,287,39,168,129,350,63
11222,img/img_00069517.jpg,full-body clothes,294,194,308,114,411,117
11223,img/img_00069518.jpg,full-body clothes,181,69,132,63,235,54
11224,img/img_00069535.jpg,full-body clothes,371,193,286,93,494,123
11225,img/img_00069536.jpg,full-body clothes,199,118,211,93,282,83
11226,img/img_00069550.jpg,lower-body clothes,109,109,203,94,399,290
11227,img/img_00069554.jpg,lower-body clothes,55,92,129,37,216,161
11228,img/img_00069561.jpg,upper-body clothes,108,70,108,38,165,57
11229,img/img_00069563.jpg,upper-body clothes,128,177,270,93,311,183
11230,img/img_00069567.jpg,upper-body clothes,127,85,145,60,206,79
11231,img/img_00069572.jpg,upper-body clothes,132,57,199,142,224,92
11232,img/img_00069576.jpg,upper-body clothes,123,94,169,75,248,125
11233,img/img_00069578.jpg,upper-body clothes,274,221,221,0,274,0
11234,img/img_00069582.jpg,full-body clothes,198,98,157,59,285,87
11235,img/img_00069588.jpg,full-body clothes,227,130,217,87,331,104
11236,img/img_00069598.jpg,full-body clothes,241,151,208,57,346,105
11237,img/img_00069604.jpg,full-body clothes,191,96,156,60,283,92
11238,img/img_00069618.jpg,upper-body clothes,132,83,118,35,187,55
11239,img/img_00069621.jpg,upper-body clothes,164,104,153,49,229,65
11240,img/img_00069633.jpg,upper-body clothes,254,70,149,79,335,81
11241,img/img_00069634.jpg,upper-body clothes,162,87,153,66,238,76
11242,img/img_00069637.jpg,upper-body clothes,270,163,234,71,397,127
11243,img/img_00069645.jpg,upper-body clothes,139,80,130,50,213,74
11244,img/img_00069647.jpg,upper-body clothes,183,81,204,123,329,146
11245,img/img_00069661.jpg,lower-body clothes,166,109,239,130,465,299
11246,img/img_00069665.jpg,lower-body clothes,105,141,216,75,379,274
11247,img/img_00069685.jpg,lower-body clothes,169,115,271,156,452,283
11248,img/img_00069686.jpg,lower-body clothes,81,81,155,74,279,198
11249,img/img_00069688.jpg,lower-body clothes,80,100,246,146,277,197
11250,img/img_00069689.jpg,lower-body clothes,209,23,196,173,238,29
11251,img/img_00069699.jpg,lower-body clothes,186,171,257,86,218,32
11252,img/img_00069702.jpg,lower-body clothes,195,178,281,103,222,27
11253,img/img_00069711.jpg,lower-body clothes,221,84,194,110,260,39
11254,img/img_00069718.jpg,lower-body clothes,145,47,179,132,266,121
11255,img/img_00069721.jpg,lower-body clothes,355,199,199,0,355,0
11256,img/img_00069732.jpg,lower-body clothes,342,248,389,141,417,75
11257,img/img_00069742.jpg,lower-body clothes,247,170,241,71,263,16
11258,img/img_00069743.jpg,lower-body clothes,136,246,246,0,136,0
11259,img/img_00069744.jpg,lower-body clothes,152,119,182,63,175,23
11260,img/img_00069745.jpg,lower-body clothes,201,193,368,175,240,39
11261,img/img_00069748.jpg,lower-body clothes,125,108,175,67,166,41
11262,img/img_00069751.jpg,lower-body clothes,205,144,246,102,228,23
11263,img/img_00069757.jpg,lower-body clothes,82,136,266,130,355,273
11264,img/img_00069764.jpg,lower-body clothes,141,170,237,67,158,17
11265,img/img_00069780.jpg,lower-body clothes,42,55,254,199,170,128
11266,img/img_00069785.jpg,lower-body clothes,74,102,170,68,82,8
11267,img/img_00069792.jpg,lower-body clothes,69,86,159,73,202,133
11268,img/img_00069800.jpg,lower-body clothes,106,146,205,59,116,10
11269,img/img_00069804.jpg,lower-body clothes,109,157,234,77,370,261
11270,img/img_00069820.jpg,lower-body clothes,81,98,204,106,280,199
11271,img/img_00069821.jpg,lower-body clothes,49,43,128,85,167,118
11272,img/img_00069823.jpg,lower-body clothes,120,192,255,63,469,349
11273,img/img_00069824.jpg,lower-body clothes,56,91,230,139,235,179
11274,img/img_00069839.jpg,full-body clothes,213,219,219,0,213,0
11275,img/img_00069844.jpg,full-body clothes,250,252,252,0,250,0
11276,img/img_00069853.jpg,lower-body clothes,114,119,119,0,114,0
11277,img/img_00069855.jpg,lower-body clothes,135,178,347,169,150,15
11278,img/img_00069885.jpg,lower-body clothes,254,118,205,87,400,146
11279,img/img_00069892.jpg,lower-body clothes,126,181,181,0,126,0
11280,img/img_00069896.jpg,lower-body clothes,101,142,376,234,247,146
11281,img/img_00069900.jpg,lower-body clothes,42,48,72,24,140,98
11282,img/img_00069901.jpg,lower-body clothes,265,335,438,103,291,26
11283,img/img_00069909.jpg,lower-body clothes,79,43,139,96,279,200
11284,img/img_00069911.jpg,lower-body clothes,320,481,490,9,330,10
11285,img/img_00069912.jpg,lower-body clothes,257,116,205,89,399,142
11286,img/img_00069914.jpg,lower-body clothes,109,170,250,80,372,263
11287,img/img_00069916.jpg,lower-body clothes,156,109,223,114,461,305
11288,img/img_00069921.jpg,upper-body clothes,191,97,244,147,215,24
11289,img/img_00069922.jpg,upper-body clothes,255,38,155,117,425,170
11290,img/img_00069930.jpg,upper-body clothes,138,114,215,101,268,130
11291,img/img_00069932.jpg,upper-body clothes,240,173,248,75,395,155
11292,img/img_00069933.jpg,upper-body clothes,236,206,276,70,405,169
11293,img/img_00069937.jpg,lower-body clothes,99,80,161,81,241,142
11294,img/img_00069938.jpg,lower-body clothes,120,148,250,102,307,187
11295,img/img_00069939.jpg,lower-body clothes,251,232,232,0,251,0
11296,img/img_00069943.jpg,lower-body clothes,130,165,249,84,454,324
11297,img/img_00069955.jpg,lower-body clothes,92,84,203,119,280,188
11298,img/img_00069960.jpg,lower-body clothes,126,199,199,0,126,0
11299,img/img_00069963.jpg,lower-body clothes,122,179,214,35,394,272
11300,img/img_00069972.jpg,lower-body clothes,166,226,261,35,252,86
11301,img/img_00069983.jpg,upper-body clothes,239,185,185,0,239,0
11302,img/img_00069984.jpg,upper-body clothes,141,82,231,149,230,89
11303,img/img_00069986.jpg,lower-body clothes,106,158,253,95,315,209
11304,img/img_00070006.jpg,upper-body clothes,152,111,199,88,295,143
11305,img/img_00070008.jpg,upper-body clothes,127,79,186,107,216,89
11306,img/img_00070009.jpg,upper-body clothes,174,107,201,94,295,121
11307,img/img_00070017.jpg,upper-body clothes,194,108,241,133,311,117
11308,img/img_00070025.jpg,upper-body clothes,187,84,174,90,284,97
11309,img/img_00070027.jpg,lower-body clothes,39,93,122,29,190,151
11310,img/img_00070034.jpg,lower-body clothes,114,82,259,177,332,218
11311,img/img_00070042.jpg,lower-body clothes,36,78,83,5,47,11
11312,img/img_00070044.jpg,lower-body clothes,251,59,198,139,456,205
11313,img/img_00070045.jpg,lower-body clothes,131,42,165,123,249,118
11314,img/img_00070053.jpg,lower-body clothes,289,214,214,0,289,0
11315,img/img_00070064.jpg,lower-body clothes,114,153,233,80,408,294
11316,img/img_00070070.jpg,lower-body clothes,75,79,149,70,281,206
11317,img/img_00070078.jpg,full-body clothes,269,429,429,0,269,0
11318,img/img_00070086.jpg,full-body clothes,307,246,418,172,391,84
11319,img/img_00070100.jpg,lower-body clothes,112,87,196,109,122,10
11320,img/img_00070103.jpg,lower-body clothes,175,149,239,90,206,31
11321,img/img_00070111.jpg,upper-body clothes,259,166,300,134,403,144
11322,img/img_00070112.jpg,upper-body clothes,266,186,186,0,266,0
11323,img/img_00070130.jpg,upper-body clothes,131,96,156,60,220,89
11324,img/img_00070141.jpg,full-body clothes,332,258,410,152,443,111
11325,img/img_00070142.jpg,full-body clothes,202,113,208,95,280,78
11326,img/img_00070143.jpg,full-body clothes,278,261,261,0,278,0
11327,img/img_00070144.jpg,full-body clothes,289,242,242,0,289,0
11328,img/img_00070145.jpg,full-body clothes,233,140,190,50,329,96
11329,img/img_00070157.jpg,upper-body clothes,57,59,127,68,114,57
11330,img/img_00070160.jpg,upper-body clothes,316,269,269,0,316,0
11331,img/img_00070166.jpg,upper-body clothes,263,149,239,90,391,128
11332,img/img_00070168.jpg,upper-body clothes,126,87,118,31,185,59
11333,img/img_00070180.jpg,upper-body clothes,140,76,192,116,205,65
11334,img/img_00070186.jpg,upper-body clothes,342,220,356,136,453,111
11335,img/img_00070196.jpg,upper-body clothes,287,171,299,128,418,131
11336,img/img_00070198.jpg,upper-body clothes,156,82,182,100,248,92
11337,img/img_00070201.jpg,upper-body clothes,269,188,300,112,451,182
11338,img/img_00070202.jpg,upper-body clothes,476,336,336,0,476,0
11339,img/img_00070209.jpg,upper-body clothes,251,158,304,146,324,73
11340,img/img_00070212.jpg,upper-body clothes,291,195,346,151,447,156
11341,img/img_00070213.jpg,upper-body clothes,129,96,96,0,129,0
11342,img/img_00070217.jpg,full-body clothes,301,182,235,53,413,112
11343,img/img_00070223.jpg,full-body clothes,239,201,201,0,239,0
11344,img/img_00070225.jpg,full-body clothes,397,67,232,165,479,82
11345,img/img_00070232.jpg,upper-body clothes,147,76,156,80,197,50
11346,img/img_00070236.jpg,upper-body clothes,279,97,223,126,405,126
11347,img/img_00070239.jpg,upper-body clothes,112,58,161,103,192,80
11348,img/img_00070247.jpg,upper-body clothes,126,84,141,57,205,79
11349,img/img_00070252.jpg,full-body clothes,274,110,202,92,362,88
11350,img/img_00070253.jpg,full-body clothes,162,68,155,87,217,55
11351,img/img_00070254.jpg,full-body clothes,146,68,154,86,200,54
11352,img/img_00070263.jpg,full-body clothes,362,223,223,0,362,0
11353,img/img_00070265.jpg,full-body clothes,213,94,198,104,286,73
11354,img/img_00070269.jpg,upper-body clothes,102,67,166,99,185,83
11355,img/img_00070270.jpg,upper-body clothes,280,154,267,113,410,130
11356,img/img_00070271.jpg,upper-body clothes,254,153,368,215,326,72
11357,img/img_00070291.jpg,upper-body clothes,265,153,271,118,396,131
11358,img/img_00070292.jpg,upper-body clothes,166,124,237,113,257,91
11359,img/img_00070308.jpg,upper-body clothes,189,123,250,127,220,31
11360,img/img_00070312.jpg,upper-body clothes,197,59,193,134,288,91
11361,img/img_00070328.jpg,upper-body clothes,366,200,236,36,376,10
11362,img/img_00070357.jpg,upper-body clothes,122,95,190,95,172,50
11363,img/img_00070358.jpg,upper-body clothes,130,331,331,0,130,0
11364,img/img_00070372.jpg,upper-body clothes,129,67,119,52,199,70
11365,img/img_00070379.jpg,upper-body clothes,306,163,270,107,454,148
11366,img/img_00070382.jpg,lower-body clothes,363,244,376,132,418,55
11367,img/img_00070383.jpg,lower-body clothes,494,424,432,8,496,2
11368,img/img_00070400.jpg,lower-body clothes,37,269,269,0,37,0
11369,img/img_00070401.jpg,full-body clothes,463,323,323,0,463,0
11370,img/img_00070409.jpg,full-body clothes,437,200,200,0,437,0
11371,img/img_00070417.jpg,full-body clothes,314,250,298,48,397,83
11372,img/img_00070419.jpg,full-body clothes,363,179,279,100,496,133
11373,img/img_00070424.jpg,full-body clothes,199,217,296,79,356,157
11374,img/img_00070426.jpg,full-body clothes,355,130,130,0,355,0
11375,img/img_00070432.jpg,full-body clothes,391,63,304,241,482,91
11376,img/img_00070435.jpg,full-body clothes,374,243,243,0,374,0
11377,img/img_00070438.jpg,full-body clothes,330,196,288,92,456,126
11378,img/img_00070440.jpg,full-body clothes,480,121,171,50,493,13
11379,img/img_00070461.jpg,full-body clothes,351,195,288,93,470,119
11380,img/img_00070469.jpg,upper-body clothes,177,83,194,111,261,84
11381,img/img_00070480.jpg,upper-body clothes,125,88,168,80,195,70
11382,img/img_00070481.jpg,upper-body clothes,111,93,218,125,242,131
11383,img/img_00070484.jpg,upper-body clothes,116,79,203,124,224,108
11384,img/img_00070489.jpg,upper-body clothes,244,135,135,0,244,0
11385,img/img_00070491.jpg,upper-body clothes,217,114,211,97,330,113
11386,img/img_00070504.jpg,full-body clothes,145,84,140,56,220,75
11387,img/img_00070505.jpg,full-body clothes,225,119,177,58,317,92
11388,img/img_00070516.jpg,full-body clothes,216,121,187,66,310,94
11389,img/img_00070518.jpg,full-body clothes,368,239,324,85,502,134
11390,img/img_00070520.jpg,full-body clothes,280,91,153,62,375,95
11391,img/img_00070536.jpg,full-body clothes,251,96,124,28,340,89
11392,img/img_00070543.jpg,full-body clothes,353,39,131,92,442,89
11393,img/img_00070545.jpg,full-body clothes,197,44,114,70,238,41
11394,img/img_00070569.jpg,full-body clothes,348,144,242,98,489,141
11395,img/img_00070587.jpg,upper-body clothes,408,263,263,0,408,0
11396,img/img_00070592.jpg,upper-body clothes,291,163,304,141,468,177
11397,img/img_00070593.jpg,upper-body clothes,484,295,318,23,491,7
11398,img/img_00070594.jpg,upper-body clothes,279,92,251,159,419,140
11399,img/img_00070596.jpg,upper-body clothes,44,34,59,25,73,29
11400,img/img_00070600.jpg,upper-body clothes,74,65,138,73,118,44
11401,img/img_00070609.jpg,upper-body clothes,240,123,236,113,316,76
11402,img/img_00070621.jpg,full-body clothes,199,107,196,89,265,66
11403,img/img_00070622.jpg,full-body clothes,351,90,186,96,475,124
11404,img/img_00070623.jpg,full-body clothes,201,107,201,94,271,70
11405,img/img_00070638.jpg,full-body clothes,245,211,223,12,263,18
11406,img/img_00070650.jpg,full-body clothes,180,93,274,181,260,80
11407,img/img_00070658.jpg,full-body clothes,158,35,141,106,217,59
11408,img/img_00070666.jpg,full-body clothes,159,59,104,45,196,37
11409,img/img_00070672.jpg,full-body clothes,409,90,207,117,495,86
11410,img/img_00070673.jpg,full-body clothes,472,137,236,99,483,11
11411,img/img_00070674.jpg,full-body clothes,319,137,264,127,436,117
11412,img/img_00070675.jpg,full-body clothes,219,73,187,114,268,49
11413,img/img_00070685.jpg,upper-body clothes,129,69,246,177,240,111
11414,img/img_00070704.jpg,full-body clothes,370,99,232,133,475,105
11415,img/img_00070706.jpg,full-body clothes,387,118,250,132,465,78
11416,img/img_00070708.jpg,full-body clothes,227,181,181,0,227,0
11417,img/img_00070730.jpg,full-body clothes,388,183,183,0,388,0
11418,img/img_00070731.jpg,full-body clothes,270,112,229,117,384,114
11419,img/img_00070732.jpg,full-body clothes,369,115,161,46,496,127
11420,img/img_00070737.jpg,full-body clothes,306,148,211,63,422,116
11421,img/img_00070742.jpg,full-body clothes,349,75,231,156,475,126
11422,img/img_00070750.jpg,full-body clothes,191,156,231,75,266,75
11423,img/img_00070753.jpg,full-body clothes,153,148,148,0,153,0
11424,img/img_00070755.jpg,full-body clothes,379,95,220,125,487,108
11425,img/img_00070757.jpg,full-body clothes,227,188,264,76,350,123
11426,img/img_00070765.jpg,full-body clothes,329,153,225,72,463,134
11427,img/img_00070781.jpg,full-body clothes,358,159,306,147,462,104
11428,img/img_00070786.jpg,full-body clothes,368,80,224,144,458,90
11429,img/img_00070797.jpg,full-body clothes,192,52,168,116,269,77
11430,img/img_00070810.jpg,upper-body clothes,160,165,203,38,317,157
11431,img/img_00070812.jpg,upper-body clothes,286,146,225,79,403,117
11432,img/img_00070815.jpg,upper-body clothes,195,37,128,91,300,105
11433,img/img_00070816.jpg,upper-body clothes,229,113,216,103,366,137
11434,img/img_00070819.jpg,upper-body clothes,188,144,216,72,279,91
11435,img/img_00070821.jpg,upper-body clothes,250,128,248,120,364,114
11436,img/img_00070827.jpg,upper-body clothes,211,111,268,157,369,158
11437,img/img_00070835.jpg,upper-body clothes,291,117,226,109,408,117
11438,img/img_00070846.jpg,full-body clothes,136,38,119,81,177,41
11439,img/img_00070847.jpg,full-body clothes,320,92,216,124,437,117
11440,img/img_00070850.jpg,full-body clothes,340,25,226,201,464,124
11441,img/img_00070855.jpg,full-body clothes,192,114,217,103,281,89
11442,img/img_00070857.jpg,full-body clothes,388,137,229,92,479,91
11443,img/img_00070866.jpg,full-body clothes,204,124,124,0,204,0
11444,img/img_00070874.jpg,full-body clothes,229,99,144,45,283,54
11445,img/img_00070893.jpg,full-body clothes,337,184,278,94,453,116
11446,img/img_00070895.jpg,upper-body clothes,115,63,203,140,200,85
11447,img/img_00070898.jpg,upper-body clothes,141,81,203,122,222,81
11448,img/img_00070899.jpg,upper-body clothes,95,58,155,97,156,61
11449,img/img_00070904.jpg,upper-body clothes,234,191,236,45,372,138
11450,img/img_00070911.jpg,upper-body clothes,239,206,291,85,375,136
11451,img/img_00070919.jpg,full-body clothes,442,79,345,266,499,57
11452,img/img_00070920.jpg,full-body clothes,492,298,298,0,492,0
11453,img/img_00070929.jpg,full-body clothes,179,227,227,0,179,0
11454,img/img_00070932.jpg,full-body clothes,175,32,144,112,236,61
11455,img/img_00070933.jpg,upper-body clothes,164,97,203,106,289,125
11456,img/img_00070940.jpg,upper-body clothes,176,113,139,26,258,82
11457,img/img_00070944.jpg,upper-body clothes,71,85,111,26,143,72
11458,img/img_00070946.jpg,upper-body clothes,167,187,284,97,300,133
11459,img/img_00070949.jpg,full-body clothes,343,132,182,50,456,113
11460,img/img_00070963.jpg,full-body clothes,376,107,208,101,479,103
11461,img/img_00070964.jpg,full-body clothes,206,153,178,25,298,92
11462,img/img_00070975.jpg,full-body clothes,347,129,179,50,457,110
11463,img/img_00070983.jpg,lower-body clothes,224,111,188,77,363,139
11464,img/img_00070986.jpg,lower-body clothes,215,232,241,9,430,215
11465,img/img_00070987.jpg,lower-body clothes,178,47,101,54,312,134
11466,img/img_00070996.jpg,lower-body clothes,414,166,166,0,414,0
11467,img/img_00071004.jpg,lower-body clothes,378,66,263,197,394,16
11468,img/img_00071006.jpg,lower-body clothes,255,59,109,50,261,6
11469,img/img_00071015.jpg,upper-body clothes,139,144,393,249,160,21
11470,img/img_00071016.jpg,upper-body clothes,309,153,216,63,409,100
11471,img/img_00071022.jpg,upper-body clothes,263,189,257,68,401,138
11472,img/img_00071034.jpg,upper-body clothes,286,150,251,101,428,142
11473,img/img_00071043.jpg,full-body clothes,366,63,202,139,445,79
11474,img/img_00071051.jpg,full-body clothes,365,112,187,75,450,85
11475,img/img_00071056.jpg,full-body clothes,203,333,333,0,203,0
11476,img/img_00071060.jpg,full-body clothes,246,72,172,100,309,63
11477,img/img_00071073.jpg,full-body clothes,134,67,148,81,181,47
11478,img/img_00071082.jpg,full-body clothes,419,171,215,44,453,34
11479,img/img_00071101.jpg,full-body clothes,223,67,188,121,287,64
11480,img/img_00071102.jpg,full-body clothes,345,108,216,108,483,138
11481,img/img_00071106.jpg,full-body clothes,246,94,185,91,344,98
11482,img/img_00071107.jpg,full-body clothes,330,138,316,178,461,131
11483,img/img_00071141.jpg,full-body clothes,273,85,218,133,355,82
11484,img/img_00071144.jpg,full-body clothes,266,97,155,58,343,77
11485,img/img_00071149.jpg,full-body clothes,282,127,258,131,422,140
11486,img/img_00071154.jpg,upper-body clothes,380,76,217,141,479,99
11487,img/img_00071158.jpg,upper-body clothes,341,151,324,173,394,53
11488,img/img_00071160.jpg,upper-body clothes,133,52,124,72,205,72
11489,img/img_00071163.jpg,full-body clothes,322,139,234,95,464,142
11490,img/img_00071170.jpg,full-body clothes,360,142,263,121,484,124
11491,img/img_00071179.jpg,full-body clothes,331,99,232,133,457,126
11492,img/img_00071185.jpg,full-body clothes,213,101,149,48,304,91
11493,img/img_00071191.jpg,full-body clothes,434,183,276,93,454,20
11494,img/img_00071197.jpg,full-body clothes,245,136,282,146,352,107
11495,img/img_00071198.jpg,full-body clothes,155,52,111,59,201,46
11496,img/img_00071204.jpg,full-body clothes,364,142,240,98,488,124
11497,img/img_00071210.jpg,upper-body clothes,353,202,358,156,444,91
11498,img/img_00071211.jpg,upper-body clothes,129,88,243,155,258,129
11499,img/img_00071225.jpg,upper-body clothes,321,277,349,72,463,142
11500,img/img_00071241.jpg,full-body clothes,353,132,256,124,468,115
11501,img/img_00071244.jpg,full-body clothes,354,142,263,121,487,133
11502,img/img_00071248.jpg,full-body clothes,362,182,288,106,475,113
11503,img/img_00071254.jpg,full-body clothes,149,63,129,66,206,57
11504,img/img_00071255.jpg,full-body clothes,259,127,197,70,369,110
11505,img/img_00071269.jpg,full-body clothes,309,173,209,36,407,98
11506,img/img_00071283.jpg,full-body clothes,225,233,233,0,225,0
11507,img/img_00071285.jpg,full-body clothes,373,187,268,81,456,83
11508,img/img_00071287.jpg,full-body clothes,341,86,196,110,463,122
11509,img/img_00071292.jpg,full-body clothes,352,113,232,119,502,150
11510,img/img_00071299.jpg,full-body clothes,295,92,216,124,400,105
11511,img/img_00071309.jpg,full-body clothes,156,82,152,70,222,66
11512,img/img_00071316.jpg,full-body clothes,210,46,174,128,256,46
11513,img/img_00071317.jpg,full-body clothes,363,165,285,120,470,107
11514,img/img_00071320.jpg,full-body clothes,252,100,179,79,311,59
11515,img/img_00071323.jpg,full-body clothes,115,55,161,106,172,57
11516,img/img_00071331.jpg,full-body clothes,364,59,181,122,472,108
11517,img/img_00071335.jpg,full-body clothes,365,274,395,121,443,78
11518,img/img_00071348.jpg,full-body clothes,222,127,236,109,349,127
11519,img/img_00071349.jpg,full-body clothes,453,264,264,0,453,0
11520,img/img_00071351.jpg,full-body clothes,190,105,300,195,291,101
11521,img/img_00071367.jpg,upper-body clothes,34,197,197,0,34,0
11522,img/img_00071369.jpg,upper-body clothes,29,340,340,0,29,0
11523,img/img_00071372.jpg,upper-body clothes,35,156,156,0,35,0
11524,img/img_00071376.jpg,upper-body clothes,1,1,1,0,1,0
11525,img/img_00071385.jpg,upper-body clothes,203,107,259,152,339,136
11526,img/img_00071389.jpg,upper-body clothes,358,302,302,0,358,0
11527,img/img_00071395.jpg,upper-body clothes,80,66,148,82,141,61
11528,img/img_00071399.jpg,upper-body clothes,232,298,298,0,232,0
11529,img/img_00071415.jpg,upper-body clothes,132,80,136,56,197,65
11530,img/img_00071421.jpg,upper-body clothes,153,158,158,0,153,0
11531,img/img_00071424.jpg,upper-body clothes,208,145,169,24,251,43
11532,img/img_00071440.jpg,upper-body clothes,159,106,129,23,224,65
11533,img/img_00071459.jpg,lower-body clothes,106,86,128,42,126,20
11534,img/img_00071469.jpg,full-body clothes,492,299,299,0,492,0
11535,img/img_00071473.jpg,full-body clothes,266,272,272,0,266,0
11536,img/img_00071475.jpg,full-body clothes,456,203,203,0,456,0
11537,img/img_00071485.jpg,lower-body clothes,197,63,216,153,388,191
11538,img/img_00071491.jpg,lower-body clothes,209,41,248,207,482,273
11539,img/img_00071506.jpg,upper-body clothes,229,126,315,189,379,150
11540,img/img_00071511.jpg,lower-body clothes,126,142,142,0,126,0
11541,img/img_00071515.jpg,lower-body clothes,108,97,202,105,302,194
11542,img/img_00071516.jpg,lower-body clothes,126,55,131,76,215,89
11543,img/img_00071521.jpg,full-body clothes,163,87,145,58,333,170
11544,img/img_00071523.jpg,full-body clothes,407,124,258,134,500,93
11545,img/img_00071526.jpg,full-body clothes,312,194,342,148,440,128
11546,img/img_00071540.jpg,upper-body clothes,438,331,331,0,438,0
11547,img/img_00071542.jpg,upper-body clothes,397,159,159,0,397,0
11548,img/img_00071543.jpg,upper-body clothes,95,127,127,0,95,0
11549,img/img_00071555.jpg,lower-body clothes,64,261,261,0,64,0
11550,img/img_00071562.jpg,lower-body clothes,98,148,263,115,141,43
11551,img/img_00071563.jpg,lower-body clothes,96,175,362,187,439,343
11552,img/img_00071574.jpg,lower-body clothes,347,135,250,115,430,83
11553,img/img_00071583.jpg,lower-body clothes,191,123,225,102,366,175
11554,img/img_00071590.jpg,lower-body clothes,231,69,151,82,236,5
11555,img/img_00071591.jpg,lower-body clothes,406,87,177,90,421,15
11556,img/img_00071594.jpg,lower-body clothes,265,72,206,134,455,190
11557,img/img_00071595.jpg,lower-body clothes,363,262,262,0,363,0
11558,img/img_00071608.jpg,lower-body clothes,115,172,242,70,143,28
11559,img/img_00071620.jpg,upper-body clothes,345,461,461,0,345,0
11560,img/img_00071635.jpg,upper-body clothes,124,94,113,19,160,36
11561,img/img_00071637.jpg,lower-body clothes,162,203,295,92,355,193
11562,img/img_00071640.jpg,lower-body clothes,148,147,174,27,232,84
11563,img/img_00071650.jpg,lower-body clothes,197,149,149,0,197,0
11564,img/img_00071652.jpg,lower-body clothes,209,235,293,58,423,214
11565,img/img_00071656.jpg,upper-body clothes,269,142,260,118,408,139
11566,img/img_00071663.jpg,upper-body clothes,244,198,303,105,251,7
11567,img/img_00071665.jpg,upper-body clothes,172,116,205,89,265,93
11568,img/img_00071674.jpg,upper-body clothes,393,244,244,0,393,0
11569,img/img_00071675.jpg,upper-body clothes,254,156,221,65,357,103
11570,img/img_00071679.jpg,upper-body clothes,215,162,292,130,300,85
11571,img/img_00071712.jpg,full-body clothes,200,113,228,115,278,78
11572,img/img_00071715.jpg,full-body clothes,351,420,420,0,351,0
11573,img/img_00071718.jpg,lower-body clothes,286,78,195,117,489,203
11574,img/img_00071720.jpg,lower-body clothes,181,234,363,129,442,261
11575,img/img_00071730.jpg,lower-body clothes,154,69,222,153,234,80
11576,img/img_00071736.jpg,lower-body clothes,133,62,300,238,469,336
11577,img/img_00071737.jpg,lower-body clothes,292,136,210,74,314,22
11578,img/img_00071744.jpg,upper-body clothes,207,125,240,115,354,147
11579,img/img_00071745.jpg,upper-body clothes,164,105,201,96,255,91
11580,img/img_00071748.jpg,upper-body clothes,225,418,418,0,225,0
11581,img/img_00071753.jpg,upper-body clothes,260,176,176,0,260,0
11582,img/img_00071754.jpg,upper-body clothes,294,183,346,163,454,160
11583,img/img_00071756.jpg,upper-body clothes,189,142,263,121,323,134
11584,img/img_00071762.jpg,lower-body clothes,96,48,82,34,182,86
11585,img/img_00071767.jpg,lower-body clothes,147,65,128,63,299,152
11586,img/img_00071777.jpg,lower-body clothes,87,83,197,114,288,201
11587,img/img_00071781.jpg,lower-body clothes,95,109,218,109,307,212
11588,img/img_00071786.jpg,full-body clothes,207,59,237,178,287,80
11589,img/img_00071800.jpg,full-body clothes,333,148,305,157,460,127
11590,img/img_00071822.jpg,full-body clothes,340,183,248,65,445,105
11591,img/img_00071824.jpg,full-body clothes,314,221,274,53,471,157
11592,img/img_00071826.jpg,full-body clothes,331,141,240,99,444,113
11593,img/img_00071830.jpg,full-body clothes,222,119,245,126,301,79
11594,img/img_00071832.jpg,full-body clothes,318,166,246,80,457,139
11595,img/img_00071845.jpg,full-body clothes,246,142,216,74,326,80
11596,img/img_00071849.jpg,full-body clothes,111,123,123,0,111,0
11597,img/img_00071861.jpg,lower-body clothes,18,177,177,0,18,0
11598,img/img_00071862.jpg,lower-body clothes,174,209,259,50,217,43
11599,img/img_00071866.jpg,lower-body clothes,178,241,256,15,271,93
11600,img/img_00071868.jpg,lower-body clothes,134,134,134,0,134,0
11601,img/img_00071875.jpg,upper-body clothes,293,204,280,76,338,45
11602,img/img_00071880.jpg,upper-body clothes,348,154,469,315,399,51
11603,img/img_00071882.jpg,upper-body clothes,270,183,353,170,381,111
11604,img/img_00071894.jpg,upper-body clothes,70,79,215,136,168,98
11605,img/img_00071898.jpg,upper-body clothes,145,62,424,362,237,92
11606,img/img_00071906.jpg,lower-body clothes,152,169,240,71,393,241
11607,img/img_00071909.jpg,lower-body clothes,69,100,203,103,284,215
11608,img/img_00071919.jpg,full-body clothes,347,145,223,78,468,121
11609,img/img_00071922.jpg,full-body clothes,340,162,254,92,488,148
11610,img/img_00071929.jpg,full-body clothes,169,120,150,30,237,68
11611,img/img_00071942.jpg,full-body clothes,370,80,138,58,476,106
11612,img/img_00071944.jpg,full-body clothes,211,122,243,121,301,90
11613,img/img_00071949.jpg,full-body clothes,201,260,260,0,201,0
11614,img/img_00071956.jpg,full-body clothes,195,227,227,0,195,0
11615,img/img_00071958.jpg,full-body clothes,229,125,177,52,325,96
11616,img/img_00071960.jpg,full-body clothes,238,98,178,80,316,78
11617,img/img_00071965.jpg,full-body clothes,174,87,170,83,231,57
11618,img/img_00071968.jpg,full-body clothes,269,158,227,69,383,114
11619,img/img_00071969.jpg,full-body clothes,284,429,447,18,398,114
11620,img/img_00071970.jpg,full-body clothes,211,113,218,105,296,85
11621,img/img_00071978.jpg,full-body clothes,309,69,201,132,421,112
11622,img/img_00071979.jpg,full-body clothes,302,177,254,77,439,137
11623,img/img_00071985.jpg,full-body clothes,336,102,180,78,455,119
11624,img/img_00071987.jpg,full-body clothes,198,97,164,67,283,85
11625,img/img_00071997.jpg,full-body clothes,137,82,158,76,199,62
11626,img/img_00072000.jpg,full-body clothes,345,277,277,0,345,0
11627,img/img_00072003.jpg,full-body clothes,165,89,142,53,230,65
11628,img/img_00072010.jpg,full-body clothes,223,121,142,21,287,64
11629,img/img_00072026.jpg,lower-body clothes,392,160,503,343,397,5
11630,img/img_00072030.jpg,lower-body clothes,416,85,201,116,440,24
11631,img/img_00072034.jpg,lower-body clothes,194,61,123,62,203,9
11632,img/img_00072061.jpg,full-body clothes,316,186,265,79,444,128
11633,img/img_00072067.jpg,full-body clothes,325,191,244,53,413,88
11634,img/img_00072070.jpg,full-body clothes,161,97,151,54,233,72
11635,img/img_00072072.jpg,full-body clothes,336,131,232,101,457,121
11636,img/img_00072073.jpg,full-body clothes,209,113,177,64,291,82
11637,img/img_00072076.jpg,full-body clothes,163,97,152,55,216,53
11638,img/img_00072081.jpg,full-body clothes,353,135,244,109,477,124
11639,img/img_00072082.jpg,full-body clothes,217,82,190,108,278,61
11640,img/img_00072095.jpg,full-body clothes,297,131,209,78,401,104
11641,img/img_00072104.jpg,full-body clothes,358,87,199,112,479,121
11642,img/img_00072108.jpg,full-body clothes,363,121,240,119,471,108
11643,img/img_00072112.jpg,full-body clothes,173,49,127,78,231,58
11644,img/img_00072122.jpg,upper-body clothes,229,189,277,88,280,51
11645,img/img_00072130.jpg,lower-body clothes,252,53,149,96,263,11
11646,img/img_00072134.jpg,lower-body clothes,185,91,196,105,305,120
11647,img/img_00072144.jpg,lower-body clothes,305,101,185,84,341,36
11648,img/img_00072150.jpg,lower-body clothes,422,28,206,178,441,19
11649,img/img_00072166.jpg,lower-body clothes,409,114,263,149,414,5
11650,img/img_00072172.jpg,lower-body clothes,440,163,288,125,463,23
11651,img/img_00072175.jpg,lower-body clothes,462,158,272,114,472,10
11652,img/img_00072176.jpg,lower-body clothes,380,112,233,121,443,63
11653,img/img_00072178.jpg,lower-body clothes,339,125,186,61,341,2
11654,img/img_00072183.jpg,lower-body clothes,295,80,189,109,296,1
11655,img/img_00072187.jpg,lower-body clothes,349,150,299,149,410,61
11656,img/img_00072189.jpg,lower-body clothes,90,150,245,95,396,306
11657,img/img_00072204.jpg,lower-body clothes,110,143,254,111,354,244
11658,img/img_00072223.jpg,full-body clothes,338,183,264,81,488,150
11659,img/img_00072229.jpg,full-body clothes,236,282,282,0,236,0
11660,img/img_00072233.jpg,full-body clothes,290,168,234,66,402,112
11661,img/img_00072238.jpg,full-body clothes,234,31,134,103,306,72
11662,img/img_00072252.jpg,full-body clothes,309,111,226,115,432,123
11663,img/img_00072253.jpg,full-body clothes,348,137,233,96,476,128
11664,img/img_00072257.jpg,full-body clothes,198,301,301,0,198,0
11665,img/img_00072265.jpg,upper-body clothes,148,37,177,140,243,95
11666,img/img_00072270.jpg,full-body clothes,323,209,209,0,323,0
11667,img/img_00072290.jpg,full-body clothes,291,275,328,53,411,120
11668,img/img_00072295.jpg,full-body clothes,159,390,390,0,159,0
11669,img/img_00072302.jpg,full-body clothes,342,121,232,111,477,135
11670,img/img_00072309.jpg,full-body clothes,309,191,191,0,309,0
11671,img/img_00072312.jpg,full-body clothes,348,229,284,55,470,122
11672,img/img_00072315.jpg,full-body clothes,360,96,285,189,507,147
11673,img/img_00072321.jpg,full-body clothes,314,92,191,99,427,113
11674,img/img_00072322.jpg,full-body clothes,279,310,318,8,438,159
11675,img/img_00072325.jpg,full-body clothes,427,431,431,0,427,0
11676,img/img_00072332.jpg,upper-body clothes,239,212,278,66,379,140
11677,img/img_00072341.jpg,upper-body clothes,432,298,298,0,432,0
11678,img/img_00072346.jpg,upper-body clothes,265,100,147,47,330,65
11679,img/img_00072355.jpg,upper-body clothes,184,115,176,61,187,3
11680,img/img_00072369.jpg,upper-body clothes,359,194,234,40,411,52
11681,img/img_00072370.jpg,upper-body clothes,170,87,217,130,186,16
11682,img/img_00072377.jpg,upper-body clothes,277,188,188,0,277,0
11683,img/img_00072382.jpg,upper-body clothes,311,190,333,143,439,128
11684,img/img_00072398.jpg,upper-body clothes,226,122,207,85,342,116
11685,img/img_00072399.jpg,upper-body clothes,269,162,370,208,421,152
11686,img/img_00072402.jpg,upper-body clothes,338,141,231,90,465,127
11687,img/img_00072407.jpg,upper-body clothes,230,132,215,83,345,115
11688,img/img_00072410.jpg,upper-body clothes,201,128,237,109,280,79
11689,img/img_00072422.jpg,lower-body clothes,123,77,202,125,304,181
11690,img/img_00072433.jpg,lower-body clothes,84,129,201,72,306,222
11691,img/img_00072434.jpg,lower-body clothes,121,183,251,68,398,277
11692,img/img_00072437.jpg,lower-body clothes,65,72,229,157,220,155
11693,img/img_00072439.jpg,lower-body clothes,75,99,237,138,269,194
11694,img/img_00072443.jpg,lower-body clothes,242,114,228,114,437,195
11695,img/img_00072446.jpg,upper-body clothes,209,132,196,64,315,106
11696,img/img_00072453.jpg,upper-body clothes,256,130,252,122,388,132
11697,img/img_00072454.jpg,upper-body clothes,123,205,205,0,123,0
11698,img/img_00072457.jpg,upper-body clothes,156,77,211,134,267,111
11699,img/img_00072468.jpg,upper-body clothes,323,129,258,129,445,122
11700,img/img_00072469.jpg,upper-body clothes,322,321,321,0,322,0
11701,img/img_00072471.jpg,full-body clothes,316,140,245,105,427,111
11702,img/img_00072472.jpg,full-body clothes,144,73,151,78,211,67
11703,img/img_00072475.jpg,full-body clothes,295,108,205,97,425,130
11704,img/img_00072479.jpg,full-body clothes,279,134,224,90,377,98
11705,img/img_00072482.jpg,full-body clothes,295,153,258,105,415,120
11706,img/img_00072489.jpg,full-body clothes,276,103,190,87,393,117
11707,img/img_00072490.jpg,full-body clothes,176,66,183,117,269,93
11708,img/img_00072505.jpg,lower-body clothes,137,83,198,115,152,15
11709,img/img_00072506.jpg,lower-body clothes,85,47,195,148,218,133
11710,img/img_00072510.jpg,lower-body clothes,239,290,336,46,346,107
11711,img/img_00072512.jpg,lower-body clothes,107,87,199,112,306,199
11712,img/img_00072513.jpg,lower-body clothes,113,78,176,98,264,151
11713,img/img_00072519.jpg,full-body clothes,458,72,235,163,473,15
11714,img/img_00072524.jpg,full-body clothes,495,291,291,0,495,0
11715,img/img_00072525.jpg,full-body clothes,251,111,303,192,382,131
11716,img/img_00072528.jpg,full-body clothes,200,73,208,135,319,119
11717,img/img_00072533.jpg,full-body clothes,239,59,191,132,331,92
11718,img/img_00072534.jpg,full-body clothes,241,131,194,63,363,122
11719,img/img_00072535.jpg,full-body clothes,192,55,193,138,345,153
11720,img/img_00072537.jpg,full-body clothes,277,115,223,108,425,148
11721,img/img_00072540.jpg,lower-body clothes,132,144,217,73,391,259
11722,img/img_00072548.jpg,lower-body clothes,95,62,124,62,237,142
11723,img/img_00072551.jpg,lower-body clothes,65,61,144,83,175,110
11724,img/img_00072555.jpg,full-body clothes,177,74,162,88,236,59
11725,img/img_00072563.jpg,full-body clothes,268,86,236,150,301,33
11726,img/img_00072581.jpg,full-body clothes,470,407,407,0,470,0
11727,img/img_00072585.jpg,full-body clothes,262,81,259,178,435,173
11728,img/img_00072589.jpg,full-body clothes,429,115,211,96,498,69
11729,img/img_00072596.jpg,full-body clothes,357,169,281,112,466,109
11730,img/img_00072599.jpg,full-body clothes,246,137,223,86,332,86
11731,img/img_00072603.jpg,full-body clothes,335,263,281,18,450,115
11732,img/img_00072608.jpg,full-body clothes,298,166,265,99,308,10
11733,img/img_00072634.jpg,lower-body clothes,103,123,162,39,144,41
11734,img/img_00072642.jpg,lower-body clothes,67,100,220,120,274,207
11735,img/img_00072652.jpg,lower-body clothes,97,132,453,321,401,304
11736,img/img_00072656.jpg,lower-body clothes,137,176,267,91,171,34
11737,img/img_00072667.jpg,lower-body clothes,419,155,244,89,432,13
11738,img/img_00072697.jpg,full-body clothes,399,112,188,76,468,69
11739,img/img_00072701.jpg,full-body clothes,157,96,234,138,273,116
11740,img/img_00072705.jpg,full-body clothes,328,170,260,90,453,125
11741,img/img_00072706.jpg,full-body clothes,169,111,228,117,264,95
11742,img/img_00072708.jpg,full-body clothes,173,87,202,115,252,79
11743,img/img_00072710.jpg,full-body clothes,302,168,258,90,421,119
11744,img/img_00072711.jpg,full-body clothes,268,68,234,166,378,110
11745,img/img_00072713.jpg,full-body clothes,232,77,98,21,282,50
11746,img/img_00072720.jpg,full-body clothes,347,173,241,68,482,135
11747,img/img_00072721.jpg,full-body clothes,211,113,226,113,298,87
11748,img/img_00072728.jpg,full-body clothes,193,119,328,209,276,83
11749,img/img_00072731.jpg,full-body clothes,328,145,316,171,442,114
11750,img/img_00072741.jpg,upper-body clothes,244,274,310,36,401,157
11751,img/img_00072752.jpg,lower-body clothes,388,152,346,194,408,20
11752,img/img_00072756.jpg,lower-body clothes,243,80,182,102,461,218
11753,img/img_00072758.jpg,lower-body clothes,415,191,293,102,419,4
11754,img/img_00072778.jpg,lower-body clothes,83,122,240,118,390,307
11755,img/img_00072780.jpg,lower-body clothes,87,67,192,125,303,216
11756,img/img_00072799.jpg,full-body clothes,323,197,255,58,461,138
11757,img/img_00072803.jpg,full-body clothes,217,118,274,156,289,72
11758,img/img_00072814.jpg,full-body clothes,348,189,483,294,434,86
11759,img/img_00072819.jpg,full-body clothes,345,123,243,120,444,99
11760,img/img_00072820.jpg,full-body clothes,279,124,317,193,356,77
11761,img/img_00072822.jpg,full-body clothes,217,295,295,0,217,0
11762,img/img_00072827.jpg,lower-body clothes,134,45,186,141,343,209
11763,img/img_00072834.jpg,lower-body clothes,140,70,204,134,371,231
11764,img/img_00072839.jpg,lower-body clothes,109,57,471,414,257,148
11765,img/img_00072852.jpg,full-body clothes,281,145,278,133,373,92
11766,img/img_00072857.jpg,full-body clothes,207,158,281,123,281,74
11767,img/img_00072876.jpg,lower-body clothes,112,86,187,101,288,176
11768,img/img_00072899.jpg,upper-body clothes,118,97,173,76,205,87
11769,img/img_00072900.jpg,full-body clothes,401,33,190,157,490,89
11770,img/img_00072903.jpg,full-body clothes,264,101,306,205,333,69
11771,img/img_00072906.jpg,full-body clothes,246,214,214,0,246,0
11772,img/img_00072909.jpg,full-body clothes,397,93,221,128,492,95
11773,img/img_00072936.jpg,upper-body clothes,227,121,220,99,354,127
11774,img/img_00072951.jpg,upper-body clothes,156,52,211,159,219,63
11775,img/img_00072952.jpg,upper-body clothes,344,228,287,59,402,58
11776,img/img_00072979.jpg,lower-body clothes,93,137,167,30,113,20
11777,img/img_00072980.jpg,lower-body clothes,157,240,301,61,194,37
11778,img/img_00072982.jpg,lower-body clothes,111,146,193,47,406,295
11779,img/img_00072985.jpg,lower-body clothes,103,166,257,91,408,305
11780,img/img_00072988.jpg,lower-body clothes,82,112,220,108,265,183
11781,img/img_00073001.jpg,lower-body clothes,60,58,138,80,179,119
11782,img/img_00073002.jpg,lower-body clothes,55,108,158,50,293,238
11783,img/img_00073008.jpg,lower-body clothes,180,61,459,398,337,157
11784,img/img_00073011.jpg,lower-body clothes,189,77,449,372,437,248
11785,img/img_00073012.jpg,lower-body clothes,170,68,197,129,432,262
11786,img/img_00073014.jpg,lower-body clothes,222,49,144,95,235,13
11787,img/img_00073016.jpg,lower-body clothes,205,69,203,134,424,219
11788,img/img_00073026.jpg,lower-body clothes,219,70,194,124,446,227
11789,img/img_00073028.jpg,lower-body clothes,78,87,226,139,291,213
11790,img/img_00073036.jpg,lower-body clothes,206,91,220,129,435,229
11791,img/img_00073039.jpg,lower-body clothes,257,404,404,0,257,0
11792,img/img_00073046.jpg,lower-body clothes,214,325,446,121,279,65
11793,img/img_00073057.jpg,lower-body clothes,302,434,434,0,302,0
11794,img/img_00073058.jpg,lower-body clothes,229,119,119,0,229,0
11795,img/img_00073064.jpg,lower-body clothes,110,476,476,0,110,0
11796,img/img_00073065.jpg,lower-body clothes,204,322,457,135,277,73
11797,img/img_00073077.jpg,lower-body clothes,154,148,230,82,193,39
11798,img/img_00073078.jpg,lower-body clothes,230,507,507,0,230,0
11799,img/img_00073087.jpg,lower-body clothes,249,82,190,108,387,138
11800,img/img_00073092.jpg,lower-body clothes,195,106,247,141,423,228
11801,img/img_00073097.jpg,lower-body clothes,176,73,187,114,427,251
11802,img/img_00073101.jpg,lower-body clothes,168,80,185,105,322,154
11803,img/img_00073109.jpg,lower-body clothes,67,57,240,183,296,229
11804,img/img_00073114.jpg,upper-body clothes,248,154,253,99,393,145
11805,img/img_00073122.jpg,upper-body clothes,429,262,262,0,429,0
11806,img/img_00073125.jpg,upper-body clothes,273,139,164,25,415,142
11807,img/img_00073133.jpg,lower-body clothes,245,106,203,97,262,17
11808,img/img_00073136.jpg,lower-body clothes,44,208,208,0,44,0
11809,img/img_00073148.jpg,lower-body clothes,120,50,135,85,225,105
11810,img/img_00073153.jpg,lower-body clothes,485,206,458,252,501,16
11811,img/img_00073154.jpg,lower-body clothes,404,181,306,125,446,42
11812,img/img_00073170.jpg,upper-body clothes,91,174,174,0,91,0
11813,img/img_00073171.jpg,upper-body clothes,81,177,177,0,81,0
11814,img/img_00073173.jpg,upper-body clothes,151,185,185,0,151,0
11815,img/img_00073175.jpg,upper-body clothes,492,364,364,0,492,0
11816,img/img_00073185.jpg,upper-body clothes,257,338,338,0,257,0
11817,img/img_00073186.jpg,upper-body clothes,426,404,404,0,426,0
11818,img/img_00073196.jpg,lower-body clothes,112,100,335,235,334,222
11819,img/img_00073201.jpg,lower-body clothes,73,99,205,106,75,2
11820,img/img_00073202.jpg,lower-body clothes,113,115,157,42,128,15
11821,img/img_00073215.jpg,full-body clothes,225,132,188,56,313,88
11822,img/img_00073218.jpg,full-body clothes,218,85,162,77,298,80
11823,img/img_00073235.jpg,lower-body clothes,106,162,225,63,418,312
11824,img/img_00073236.jpg,lower-body clothes,279,191,191,0,279,0
11825,img/img_00073240.jpg,lower-body clothes,80,90,151,61,277,197
11826,img/img_00073250.jpg,upper-body clothes,259,221,299,78,414,155
11827,img/img_00073251.jpg,upper-body clothes,186,176,176,0,186,0
11828,img/img_00073257.jpg,upper-body clothes,236,352,352,0,236,0
11829,img/img_00073269.jpg,upper-body clothes,216,141,265,124,451,235
11830,img/img_00073272.jpg,upper-body clothes,145,94,155,61,211,66
11831,img/img_00073275.jpg,upper-body clothes,256,149,254,105,473,217
11832,img/img_00073282.jpg,lower-body clothes,474,314,314,0,474,0
11833,img/img_00073287.jpg,lower-body clothes,105,144,259,115,442,337
11834,img/img_00073290.jpg,lower-body clothes,388,230,230,0,388,0
11835,img/img_00073291.jpg,lower-body clothes,65,121,149,28,204,139
11836,img/img_00073293.jpg,lower-body clothes,207,134,134,0,207,0
11837,img/img_00073299.jpg,full-body clothes,368,124,232,108,487,119
11838,img/img_00073302.jpg,full-body clothes,138,52,105,53,181,43
11839,img/img_00073304.jpg,full-body clothes,125,70,133,63,173,48
11840,img/img_00073311.jpg,full-body clothes,225,50,162,112,276,51
11841,img/img_00073312.jpg,full-body clothes,253,279,279,0,253,0
11842,img/img_00073319.jpg,full-body clothes,213,64,215,151,269,56
11843,img/img_00073342.jpg,upper-body clothes,186,117,117,0,186,0
11844,img/img_00073344.jpg,upper-body clothes,338,110,179,69,436,98
11845,img/img_00073347.jpg,full-body clothes,391,127,229,102,478,87
11846,img/img_00073350.jpg,full-body clothes,420,138,231,93,499,79
11847,img/img_00073355.jpg,full-body clothes,269,95,172,77,325,56
11848,img/img_00073358.jpg,upper-body clothes,162,109,205,96,266,104
11849,img/img_00073374.jpg,full-body clothes,394,90,242,152,472,78
11850,img/img_00073394.jpg,lower-body clothes,426,150,270,120,448,22
11851,img/img_00073414.jpg,full-body clothes,291,266,266,0,291,0
11852,img/img_00073417.jpg,full-body clothes,380,116,117,1,446,66
11853,img/img_00073433.jpg,upper-body clothes,156,91,186,95,245,89
11854,img/img_00073437.jpg,upper-body clothes,245,131,225,94,377,132
11855,img/img_00073446.jpg,lower-body clothes,203,238,291,53,421,218
11856,img/img_00073456.jpg,lower-body clothes,95,174,251,77,421,326
11857,img/img_00073457.jpg,lower-body clothes,216,283,308,25,368,152
11858,img/img_00073469.jpg,full-body clothes,229,72,155,83,313,84
11859,img/img_00073476.jpg,lower-body clothes,194,72,220,148,324,130
11860,img/img_00073479.jpg,lower-body clothes,208,67,185,118,295,87
11861,img/img_00073490.jpg,lower-body clothes,215,72,229,157,430,215
11862,img/img_00073491.jpg,lower-body clothes,311,105,229,124,332,21
11863,img/img_00073493.jpg,lower-body clothes,194,79,178,99,196,2
11864,img/img_00073496.jpg,lower-body clothes,228,87,210,123,305,77
11865,img/img_00073500.jpg,lower-body clothes,172,68,157,89,178,6
11866,img/img_00073515.jpg,upper-body clothes,268,179,464,285,323,55
11867,img/img_00073516.jpg,upper-body clothes,230,106,229,123,364,134
11868,img/img_00073518.jpg,upper-body clothes,80,173,173,0,80,0
11869,img/img_00073530.jpg,full-body clothes,128,64,181,117,176,48
11870,img/img_00073535.jpg,full-body clothes,378,100,163,63,478,100
11871,img/img_00073543.jpg,full-body clothes,411,129,223,94,498,87
11872,img/img_00073545.jpg,full-body clothes,223,112,326,214,305,82
11873,img/img_00073547.jpg,full-body clothes,266,117,227,110,337,71
11874,img/img_00073555.jpg,full-body clothes,435,244,244,0,435,0
11875,img/img_00073557.jpg,full-body clothes,462,286,286,0,462,0
11876,img/img_00073568.jpg,full-body clothes,360,162,322,160,487,127
11877,img/img_00073570.jpg,full-body clothes,336,176,250,74,475,139
11878,img/img_00073579.jpg,full-body clothes,154,274,274,0,154,0
11879,img/img_00073580.jpg,full-body clothes,279,208,208,0,279,0
11880,img/img_00073581.jpg,full-body clothes,451,250,250,0,451,0
11881,img/img_00073588.jpg,upper-body clothes,450,261,261,0,450,0
11882,img/img_00073593.jpg,upper-body clothes,187,145,244,99,319,132
11883,img/img_00073596.jpg,upper-body clothes,129,47,122,75,180,51
11884,img/img_00073601.jpg,lower-body clothes,249,101,187,86,303,54
11885,img/img_00073609.jpg,lower-body clothes,263,135,243,108,271,8
11886,img/img_00073612.jpg,lower-body clothes,81,93,134,41,106,25
11887,img/img_00073618.jpg,lower-body clothes,290,85,209,124,449,159
11888,img/img_00073620.jpg,lower-body clothes,192,50,154,104,207,15
11889,img/img_00073624.jpg,lower-body clothes,114,92,157,65,133,19
11890,img/img_00073643.jpg,lower-body clothes,266,87,191,104,268,2
11891,img/img_00073644.jpg,lower-body clothes,178,70,132,62,206,28
11892,img/img_00073647.jpg,lower-body clothes,210,78,174,96,392,182
11893,img/img_00073648.jpg,lower-body clothes,235,82,192,110,432,197
11894,img/img_00073652.jpg,lower-body clothes,252,93,198,105,463,211
11895,img/img_00073656.jpg,lower-body clothes,187,79,186,107,376,189
11896,img/img_00073669.jpg,lower-body clothes,162,70,127,57,207,45
11897,img/img_00073680.jpg,lower-body clothes,432,108,217,109,443,11
11898,img/img_00073688.jpg,lower-body clothes,136,40,135,95,237,101
11899,img/img_00073691.jpg,lower-body clothes,248,84,170,86,272,24
11900,img/img_00073692.jpg,lower-body clothes,167,277,289,12,227,60
11901,img/img_00073701.jpg,lower-body clothes,75,86,205,119,262,187
11902,img/img_00073706.jpg,upper-body clothes,265,42,158,116,404,139
11903,img/img_00073709.jpg,upper-body clothes,145,76,136,60,211,66
11904,img/img_00073711.jpg,full-body clothes,207,134,252,118,330,123
11905,img/img_00073717.jpg,full-body clothes,279,200,264,64,430,151
11906,img/img_00073723.jpg,full-body clothes,361,195,222,27,472,111
11907,img/img_00073725.jpg,lower-body clothes,200,83,305,222,463,263
11908,img/img_00073726.jpg,lower-body clothes,231,110,199,89,314,83
11909,img/img_00073727.jpg,lower-body clothes,233,116,203,87,303,70
11910,img/img_00073729.jpg,lower-body clothes,207,158,188,30,491,284
11911,img/img_00073732.jpg,lower-body clothes,415,170,278,108,447,32
11912,img/img_00073733.jpg,lower-body clothes,375,255,406,151,440,65
11913,img/img_00073744.jpg,lower-body clothes,389,141,273,132,413,24
11914,img/img_00073757.jpg,lower-body clothes,369,145,319,174,431,62
11915,img/img_00073759.jpg,lower-body clothes,203,71,133,62,215,12
11916,img/img_00073762.jpg,lower-body clothes,318,206,206,0,318,0
11917,img/img_00073764.jpg,upper-body clothes,427,264,264,0,427,0
11918,img/img_00073772.jpg,upper-body clothes,350,468,468,0,350,0
11919,img/img_00073773.jpg,upper-body clothes,151,110,335,225,247,96
11920,img/img_00073774.jpg,upper-body clothes,185,70,135,65,228,43
11921,img/img_00073787.jpg,upper-body clothes,286,67,189,122,407,121
11922,img/img_00073790.jpg,upper-body clothes,255,96,208,112,382,127
11923,img/img_00073798.jpg,upper-body clothes,501,368,368,0,501,0
11924,img/img_00073809.jpg,upper-body clothes,137,119,252,133,279,142
11925,img/img_00073810.jpg,upper-body clothes,488,299,358,59,500,12
11926,img/img_00073814.jpg,upper-body clothes,143,60,137,77,281,138
11927,img/img_00073815.jpg,upper-body clothes,222,137,254,117,351,129
11928,img/img_00073818.jpg,upper-body clothes,321,77,195,118,431,110
11929,img/img_00073822.jpg,upper-body clothes,142,89,110,21,222,80
11930,img/img_00073836.jpg,upper-body clothes,77,37,140,103,161,84
11931,img/img_00073841.jpg,upper-body clothes,275,153,244,91,424,149
11932,img/img_00073847.jpg,upper-body clothes,185,90,152,62,297,112
11933,img/img_00073854.jpg,upper-body clothes,254,144,293,149,407,153
11934,img/img_00073858.jpg,upper-body clothes,273,155,233,78,434,161
11935,img/img_00073861.jpg,lower-body clothes,77,82,201,119,251,174
11936,img/img_00073865.jpg,lower-body clothes,128,99,164,65,205,77
11937,img/img_00073876.jpg,lower-body clothes,322,493,504,11,388,66
11938,img/img_00073882.jpg,lower-body clothes,438,300,377,77,446,8
11939,img/img_00073889.jpg,lower-body clothes,276,102,182,80,290,14
11940,img/img_00073891.jpg,lower-body clothes,463,111,207,96,471,8
11941,img/img_00073894.jpg,lower-body clothes,156,59,414,355,326,170
11942,img/img_00073905.jpg,lower-body clothes,90,143,216,73,364,274
11943,img/img_00073908.jpg,lower-body clothes,107,145,205,60,414,307
11944,img/img_00073916.jpg,lower-body clothes,116,180,285,105,440,324
11945,img/img_00073920.jpg,lower-body clothes,114,86,218,132,434,320
11946,img/img_00073922.jpg,lower-body clothes,81,27,108,81,273,192
11947,img/img_00073925.jpg,lower-body clothes,73,89,312,223,264,191
11948,img/img_00073931.jpg,lower-body clothes,218,183,270,87,230,12
11949,img/img_00073932.jpg,lower-body clothes,150,70,179,109,360,210
11950,img/img_00073940.jpg,lower-body clothes,379,184,297,113,386,7
11951,img/img_00073943.jpg,lower-body clothes,188,68,213,145,446,258
11952,img/img_00073951.jpg,lower-body clothes,227,105,206,101,444,217
11953,img/img_00073960.jpg,lower-body clothes,329,134,218,84,335,6
11954,img/img_00073982.jpg,full-body clothes,153,27,115,88,200,47
11955,img/img_00073985.jpg,lower-body clothes,364,136,264,128,424,60
11956,img/img_00073986.jpg,lower-body clothes,205,101,221,120,410,205
11957,img/img_00073994.jpg,lower-body clothes,157,44,149,105,268,111
11958,img/img_00073995.jpg,lower-body clothes,195,55,163,108,344,149
11959,img/img_00074005.jpg,lower-body clothes,240,61,273,212,453,213
11960,img/img_00074008.jpg,lower-body clothes,115,164,255,91,450,335
11961,img/img_00074015.jpg,lower-body clothes,91,142,251,109,405,314
11962,img/img_00074019.jpg,lower-body clothes,50,90,145,55,179,129
11963,img/img_00074025.jpg,lower-body clothes,117,154,254,100,440,323
11964,img/img_00074029.jpg,upper-body clothes,150,110,190,80,248,98
11965,img/img_00074032.jpg,upper-body clothes,364,322,322,0,364,0
11966,img/img_00074037.jpg,upper-body clothes,223,130,235,105,384,161
11967,img/img_00074038.jpg,upper-body clothes,244,162,162,0,244,0
11968,img/img_00074039.jpg,lower-body clothes,184,79,188,109,369,185
11969,img/img_00074042.jpg,lower-body clothes,395,75,208,133,405,10
11970,img/img_00074045.jpg,lower-body clothes,372,128,261,133,390,18
11971,img/img_00074051.jpg,lower-body clothes,331,223,348,125,368,37
11972,img/img_00074060.jpg,lower-body clothes,259,113,234,121,454,195
11973,img/img_00074066.jpg,lower-body clothes,369,364,364,0,369,0
11974,img/img_00074074.jpg,lower-body clothes,204,371,371,0,204,0
11975,img/img_00074075.jpg,lower-body clothes,87,69,156,87,236,149
11976,img/img_00074091.jpg,lower-body clothes,254,168,246,78,269,15
11977,img/img_00074100.jpg,lower-body clothes,199,276,362,86,208,9
11978,img/img_00074113.jpg,lower-body clothes,112,104,229,125,168,56
11979,img/img_00074117.jpg,lower-body clothes,128,119,321,202,402,274
11980,img/img_00074118.jpg,lower-body clothes,112,154,256,102,155,43
11981,img/img_00074122.jpg,lower-body clothes,252,248,396,148,345,93
11982,img/img_00074133.jpg,lower-body clothes,63,95,212,117,263,200
11983,img/img_00074137.jpg,upper-body clothes,211,144,478,334,328,117
11984,img/img_00074151.jpg,lower-body clothes,188,80,145,65,224,36
11985,img/img_00074153.jpg,lower-body clothes,248,245,245,0,248,0
11986,img/img_00074168.jpg,lower-body clothes,160,133,232,99,466,306
11987,img/img_00074181.jpg,lower-body clothes,145,291,293,2,199,54
11988,img/img_00074183.jpg,lower-body clothes,343,180,283,103,400,57
11989,img/img_00074187.jpg,lower-body clothes,211,253,504,251,259,48
11990,img/img_00074188.jpg,lower-body clothes,209,312,329,17,291,82
11991,img/img_00074217.jpg,upper-body clothes,72,102,102,0,72,0
11992,img/img_00074225.jpg,lower-body clothes,76,76,140,64,80,4
11993,img/img_00074236.jpg,lower-body clothes,127,173,285,112,429,302
11994,img/img_00074242.jpg,lower-body clothes,57,74,121,47,72,15
11995,img/img_00074251.jpg,upper-body clothes,106,63,145,82,174,68
11996,img/img_00074260.jpg,upper-body clothes,278,163,249,86,371,93
11997,img/img_00074268.jpg,upper-body clothes,241,189,350,161,425,184
11998,img/img_00074274.jpg,upper-body clothes,247,326,326,0,247,0
11999,img/img_00074277.jpg,upper-body clothes,91,70,150,80,164,73
12000,img/img_00074292.jpg,upper-body clothes,213,242,242,0,213,0
12001,img/img_00074308.jpg,lower-body clothes,242,416,416,0,242,0
12002,img/img_00074340.jpg,lower-body clothes,399,45,181,136,410,11
12003,img/img_00074344.jpg,upper-body clothes,325,49,191,142,419,94
12004,img/img_00074346.jpg,upper-body clothes,245,38,150,112,335,90
12005,img/img_00074347.jpg,upper-body clothes,154,25,119,94,219,65
12006,img/img_00074352.jpg,upper-body clothes,151,34,114,80,207,56
12007,img/img_00074355.jpg,upper-body clothes,190,108,183,75,271,81
12008,img/img_00074358.jpg,upper-body clothes,145,64,155,91,219,74
12009,img/img_00074359.jpg,upper-body clothes,276,147,277,130,391,115
12010,img/img_00074365.jpg,upper-body clothes,318,81,209,128,417,99
12011,img/img_00074366.jpg,upper-body clothes,320,42,185,143,416,96
12012,img/img_00074376.jpg,lower-body clothes,116,179,283,104,159,43
12013,img/img_00074378.jpg,lower-body clothes,99,48,114,66,130,31
12014,img/img_00074404.jpg,lower-body clothes,264,85,238,153,450,186
12015,img/img_00074407.jpg,lower-body clothes,240,102,217,115,410,170
12016,img/img_00074408.jpg,upper-body clothes,313,74,166,92,448,135
12017,img/img_00074409.jpg,upper-body clothes,176,79,167,88,269,93
12018,img/img_00074410.jpg,upper-body clothes,172,104,209,105,258,86
12019,img/img_00074419.jpg,upper-body clothes,104,66,150,84,187,83
12020,img/img_00074421.jpg,upper-body clothes,153,92,138,46,217,64
12021,img/img_00074422.jpg,upper-body clothes,288,73,181,108,426,138
12022,img/img_00074423.jpg,upper-body clothes,162,119,239,120,311,149
12023,img/img_00074425.jpg,upper-body clothes,170,145,265,120,329,159
12024,img/img_00074443.jpg,lower-body clothes,268,31,214,183,452,184
12025,img/img_00074446.jpg,lower-body clothes,194,28,119,91,196,2
12026,img/img_00074457.jpg,lower-body clothes,256,141,199,58,302,46
12027,img/img_00074463.jpg,upper-body clothes,143,59,215,156,216,73
12028,img/img_00074468.jpg,upper-body clothes,170,150,233,83,314,144
12029,img/img_00074480.jpg,upper-body clothes,81,57,133,76,122,41
12030,img/img_00074481.jpg,lower-body clothes,305,97,262,165,354,49
12031,img/img_00074484.jpg,lower-body clothes,286,110,273,163,478,192
12032,img/img_00074486.jpg,lower-body clothes,269,89,219,130,457,188
12033,img/img_00074488.jpg,lower-body clothes,405,60,196,136,426,21
12034,img/img_00074489.jpg,lower-body clothes,403,112,233,121,448,45
12035,img/img_00074508.jpg,lower-body clothes,228,43,94,51,255,27
12036,img/img_00074515.jpg,lower-body clothes,114,50,174,124,249,135
12037,img/img_00074521.jpg,lower-body clothes,425,169,240,71,431,6
12038,img/img_00074527.jpg,lower-body clothes,62,32,65,33,63,1
12039,img/img_00074528.jpg,lower-body clothes,215,97,211,114,408,193
12040,img/img_00074529.jpg,lower-body clothes,51,83,223,140,242,191
12041,img/img_00074534.jpg,lower-body clothes,243,115,259,144,444,201
12042,img/img_00074535.jpg,lower-body clothes,137,49,170,121,255,118
12043,img/img_00074540.jpg,lower-body clothes,216,83,186,103,404,188
12044,img/img_00074548.jpg,lower-body clothes,55,87,190,103,217,162
12045,img/img_00074550.jpg,lower-body clothes,134,180,253,73,450,316
12046,img/img_00074559.jpg,lower-body clothes,106,171,234,63,431,325
12047,img/img_00074560.jpg,lower-body clothes,44,68,155,87,175,131
12048,img/img_00074564.jpg,lower-body clothes,107,172,259,87,448,341
12049,img/img_00074570.jpg,lower-body clothes,81,111,235,124,259,178
12050,img/img_00074574.jpg,lower-body clothes,383,93,216,123,397,14
12051,img/img_00074582.jpg,lower-body clothes,304,19,172,153,385,81
12052,img/img_00074584.jpg,lower-body clothes,307,118,206,88,346,39
12053,img/img_00074585.jpg,lower-body clothes,314,45,229,184,387,73
12054,img/img_00074590.jpg,upper-body clothes,203,238,238,0,203,0
12055,img/img_00074593.jpg,upper-body clothes,264,127,266,139,399,135
12056,img/img_00074599.jpg,upper-body clothes,203,59,112,53,278,75
12057,img/img_00074603.jpg,upper-body clothes,263,121,291,170,436,173
12058,img/img_00074611.jpg,upper-body clothes,135,174,174,0,135,0
12059,img/img_00074617.jpg,upper-body clothes,237,194,268,74,404,167
12060,img/img_00074624.jpg,lower-body clothes,77,153,254,101,106,29
12061,img/img_00074631.jpg,lower-body clothes,363,321,342,21,431,68
12062,img/img_00074636.jpg,lower-body clothes,68,49,107,58,178,110
12063,img/img_00074642.jpg,lower-body clothes,180,140,224,84,207,27
12064,img/img_00074644.jpg,lower-body clothes,190,160,257,97,255,65
12065,img/img_00074659.jpg,upper-body clothes,238,63,133,70,358,120
12066,img/img_00074660.jpg,upper-body clothes,257,80,185,105,372,115
12067,img/img_00074668.jpg,upper-body clothes,248,143,225,82,409,161
12068,img/img_00074672.jpg,upper-body clothes,124,63,140,77,194,70
12069,img/img_00074676.jpg,upper-body clothes,229,107,253,146,374,145
12070,img/img_00074679.jpg,lower-body clothes,372,157,269,112,390,18
12071,img/img_00074699.jpg,lower-body clothes,11,183,183,0,11,0
12072,img/img_00074704.jpg,lower-body clothes,306,64,199,135,359,53
12073,img/img_00074724.jpg,lower-body clothes,352,133,201,68,427,75
12074,img/img_00074730.jpg,lower-body clothes,146,61,250,189,241,95
12075,img/img_00074734.jpg,lower-body clothes,411,131,254,123,422,11
12076,img/img_00074741.jpg,upper-body clothes,245,76,200,124,373,128
12077,img/img_00074753.jpg,upper-body clothes,155,134,237,103,234,79
12078,img/img_00074764.jpg,upper-body clothes,229,168,248,80,366,137
12079,img/img_00074775.jpg,upper-body clothes,369,478,478,0,369,0
12080,img/img_00074783.jpg,lower-body clothes,408,143,318,175,454,46
12081,img/img_00074787.jpg,lower-body clothes,220,96,226,130,445,225
12082,img/img_00074788.jpg,lower-body clothes,343,148,246,98,380,37
12083,img/img_00074790.jpg,lower-body clothes,222,116,160,44,437,215
12084,img/img_00074795.jpg,lower-body clothes,418,77,198,121,434,16
12085,img/img_00074798.jpg,lower-body clothes,271,136,272,136,446,175
12086,img/img_00074815.jpg,upper-body clothes,247,165,274,109,402,155
12087,img/img_00074818.jpg,upper-body clothes,124,78,116,38,189,65
12088,img/img_00074824.jpg,upper-body clothes,194,100,183,83,285,91
12089,img/img_00074832.jpg,upper-body clothes,307,179,252,73,448,141
12090,img/img_00074839.jpg,upper-body clothes,375,364,364,0,375,0
12091,img/img_00074840.jpg,upper-body clothes,105,79,115,36,184,79
12092,img/img_00074844.jpg,upper-body clothes,123,88,195,107,237,114
12093,img/img_00074851.jpg,upper-body clothes,268,258,326,68,503,235
12094,img/img_00074854.jpg,lower-body clothes,9,454,454,0,9,0
12095,img/img_00074857.jpg,lower-body clothes,393,140,325,185,457,64
12096,img/img_00074862.jpg,lower-body clothes,155,63,101,38,173,18
12097,img/img_00074863.jpg,lower-body clothes,231,66,188,122,412,181
12098,img/img_00074868.jpg,lower-body clothes,183,89,130,41,388,205
12099,img/img_00074875.jpg,lower-body clothes,173,60,216,156,213,40
12100,img/img_00074900.jpg,lower-body clothes,239,55,179,124,245,6
12101,img/img_00074906.jpg,lower-body clothes,402,124,309,185,410,8
12102,img/img_00074909.jpg,lower-body clothes,142,73,178,105,258,116
12103,img/img_00074912.jpg,full-body clothes,308,190,282,92,442,134
12104,img/img_00074914.jpg,full-body clothes,313,185,283,98,440,127
12105,img/img_00074929.jpg,full-body clothes,230,95,151,56,313,83
12106,img/img_00074941.jpg,full-body clothes,301,217,263,46,425,124
12107,img/img_00074957.jpg,full-body clothes,244,120,240,120,330,86
12108,img/img_00074969.jpg,full-body clothes,349,160,290,130,478,129
12109,img/img_00074978.jpg,full-body clothes,199,111,212,101,276,77
12110,img/img_00074990.jpg,full-body clothes,187,218,218,0,187,0
12111,img/img_00074993.jpg,full-body clothes,180,158,198,40,258,78
12112,img/img_00075000.jpg,upper-body clothes,83,42,180,138,132,49
12113,img/img_00075013.jpg,lower-body clothes,61,91,195,104,252,191
12114,img/img_00075017.jpg,lower-body clothes,65,162,268,106,440,375
12115,img/img_00075023.jpg,full-body clothes,216,130,223,93,288,72
12116,img/img_00075024.jpg,full-body clothes,207,112,234,122,481,274
12117,img/img_00075037.jpg,full-body clothes,135,75,116,41,180,45
12118,img/img_00075040.jpg,full-body clothes,230,124,193,69,315,85
12119,img/img_00075042.jpg,full-body clothes,328,80,209,129,440,112
12120,img/img_00075060.jpg,upper-body clothes,391,271,271,0,391,0
12121,img/img_00075067.jpg,upper-body clothes,163,93,222,129,250,87
12122,img/img_00075068.jpg,upper-body clothes,282,199,256,57,431,149
12123,img/img_00075082.jpg,lower-body clothes,295,93,171,78,309,14
12124,img/img_00075088.jpg,lower-body clothes,237,84,205,121,449,212
12125,img/img_00075097.jpg,full-body clothes,269,110,208,98,365,96
12126,img/img_00075099.jpg,full-body clothes,471,346,346,0,471,0
12127,img/img_00075125.jpg,full-body clothes,208,136,136,0,208,0
12128,img/img_00075128.jpg,full-body clothes,205,65,113,48,248,43
12129,img/img_00075139.jpg,lower-body clothes,256,85,258,173,448,192
12130,img/img_00075140.jpg,lower-body clothes,264,67,203,136,461,197
12131,img/img_00075142.jpg,lower-body clothes,228,43,246,203,439,211
12132,img/img_00075172.jpg,full-body clothes,336,178,244,66,458,122
12133,img/img_00075182.jpg,full-body clothes,150,218,218,0,150,0
12134,img/img_00075183.jpg,full-body clothes,220,129,191,62,289,69
12135,img/img_00075189.jpg,lower-body clothes,312,186,285,99,378,66
12136,img/img_00075197.jpg,lower-body clothes,323,151,240,89,347,24
12137,img/img_00075199.jpg,lower-body clothes,107,40,127,87,214,107
12138,img/img_00075200.jpg,lower-body clothes,122,41,129,88,224,102
12139,img/img_00075201.jpg,lower-body clothes,265,72,244,172,457,192
12140,img/img_00075206.jpg,lower-body clothes,252,40,207,167,447,195
12141,img/img_00075211.jpg,lower-body clothes,199,76,152,76,337,138
12142,img/img_00075213.jpg,lower-body clothes,226,69,248,179,415,189
12143,img/img_00075214.jpg,lower-body clothes,403,76,184,108,417,14
12144,img/img_00075219.jpg,full-body clothes,337,207,207,0,337,0
12145,img/img_00075220.jpg,full-body clothes,461,315,315,0,461,0
12146,img/img_00075225.jpg,full-body clothes,298,150,252,102,430,132
12147,img/img_00075226.jpg,full-body clothes,330,104,216,112,455,125
12148,img/img_00075234.jpg,lower-body clothes,470,352,352,0,470,0
12149,img/img_00075237.jpg,lower-body clothes,168,182,260,78,443,275
12150,img/img_00075238.jpg,lower-body clothes,78,35,150,115,255,177
12151,img/img_00075243.jpg,lower-body clothes,136,206,239,33,420,284
12152,img/img_00075260.jpg,upper-body clothes,64,50,118,68,110,46
12153,img/img_00075264.jpg,upper-body clothes,277,173,254,81,434,157
12154,img/img_00075266.jpg,upper-body clothes,257,50,166,116,415,158
12155,img/img_00075275.jpg,upper-body clothes,211,272,272,0,211,0
12156,img/img_00075276.jpg,upper-body clothes,135,131,131,0,135,0
12157,img/img_00075278.jpg,upper-body clothes,34,135,135,0,34,0
12158,img/img_00075289.jpg,upper-body clothes,224,209,323,114,417,193
12159,img/img_00075294.jpg,upper-body clothes,54,151,151,0,54,0
12160,img/img_00075307.jpg,lower-body clothes,187,120,258,138,428,241
12161,img/img_00075309.jpg,lower-body clothes,238,95,209,114,452,214
12162,img/img_00075312.jpg,lower-body clothes,469,275,275,0,469,0
12163,img/img_00075325.jpg,upper-body clothes,262,179,328,149,414,152
12164,img/img_00075328.jpg,upper-body clothes,286,175,331,156,438,152
12165,img/img_00075331.jpg,upper-body clothes,129,221,221,0,129,0
12166,img/img_00075342.jpg,full-body clothes,210,91,91,0,210,0
12167,img/img_00075344.jpg,full-body clothes,327,293,304,11,391,64
12168,img/img_00075347.jpg,upper-body clothes,157,137,248,111,301,144
12169,img/img_00075348.jpg,upper-body clothes,194,41,165,124,320,126
12170,img/img_00075359.jpg,upper-body clothes,154,163,163,0,154,0
12171,img/img_00075367.jpg,upper-body clothes,306,76,228,152,451,145
12172,img/img_00075376.jpg,lower-body clothes,60,97,195,98,247,187
12173,img/img_00075385.jpg,upper-body clothes,173,96,171,75,258,85
12174,img/img_00075395.jpg,upper-body clothes,250,135,221,86,435,185
12175,img/img_00075397.jpg,upper-body clothes,168,113,273,160,312,144
12176,img/img_00075399.jpg,upper-body clothes,284,271,305,34,413,129
12177,img/img_00075403.jpg,upper-body clothes,333,486,486,0,333,0
12178,img/img_00075410.jpg,lower-body clothes,77,81,129,48,101,24
12179,img/img_00075426.jpg,lower-body clothes,193,88,128,40,202,9
12180,img/img_00075428.jpg,lower-body clothes,191,76,123,47,215,24
12181,img/img_00075434.jpg,lower-body clothes,170,89,136,47,206,36
12182,img/img_00075437.jpg,lower-body clothes,224,92,214,122,462,238
12183,img/img_00075459.jpg,upper-body clothes,227,94,228,134,304,77
12184,img/img_00075462.jpg,upper-body clothes,360,143,249,106,452,92
12185,img/img_00075467.jpg,upper-body clothes,124,182,182,0,124,0
12186,img/img_00075474.jpg,upper-body clothes,220,151,151,0,220,0
12187,img/img_00075487.jpg,upper-body clothes,285,124,238,114,418,133
12188,img/img_00075499.jpg,lower-body clothes,160,52,126,74,203,43
12189,img/img_00075506.jpg,lower-body clothes,344,134,222,88,389,45
12190,img/img_00075512.jpg,lower-body clothes,200,168,296,128,384,184
12191,img/img_00075519.jpg,full-body clothes,196,99,196,97,274,78
12192,img/img_00075530.jpg,full-body clothes,317,91,210,119,455,138
12193,img/img_00075533.jpg,full-body clothes,258,130,261,131,456,198
12194,img/img_00075535.jpg,full-body clothes,292,212,285,73,420,128
12195,img/img_00075544.jpg,upper-body clothes,284,449,449,0,284,0
12196,img/img_00075555.jpg,full-body clothes,313,128,285,157,441,128
12197,img/img_00075561.jpg,full-body clothes,168,85,137,52,229,61
12198,img/img_00075565.jpg,full-body clothes,178,105,202,97,256,78
12199,img/img_00075570.jpg,upper-body clothes,129,58,226,168,215,86
12200,img/img_00075573.jpg,upper-body clothes,284,293,293,0,284,0
12201,img/img_00075574.jpg,upper-body clothes,432,312,312,0,432,0
12202,img/img_00075580.jpg,upper-body clothes,215,113,220,107,373,158
12203,img/img_00075583.jpg,lower-body clothes,224,92,145,53,226,2
12204,img/img_00075595.jpg,lower-body clothes,169,74,129,55,203,34
12205,img/img_00075598.jpg,lower-body clothes,172,65,132,67,203,31
12206,img/img_00075603.jpg,lower-body clothes,196,86,143,57,208,12
12207,img/img_00075615.jpg,upper-body clothes,199,150,282,132,330,131
12208,img/img_00075624.jpg,lower-body clothes,202,259,505,246,235,33
12209,img/img_00075626.jpg,lower-body clothes,440,43,226,183,449,9
12210,img/img_00075633.jpg,lower-body clothes,197,384,406,22,322,125
12211,img/img_00075636.jpg,lower-body clothes,61,94,195,101,247,186
12212,img/img_00075637.jpg,upper-body clothes,125,78,127,49,190,65
12213,img/img_00075638.jpg,upper-body clothes,204,128,241,113,297,93
12214,img/img_00075657.jpg,upper-body clothes,317,225,300,75,452,135
12215,img/img_00075662.jpg,lower-body clothes,98,159,187,28,395,297
12216,img/img_00075669.jpg,lower-body clothes,56,66,127,61,68,12
12217,img/img_00075670.jpg,lower-body clothes,102,120,160,40,156,54
12218,img/img_00075674.jpg,lower-body clothes,129,92,115,23,132,3
12219,img/img_00075676.jpg,lower-body clothes,150,168,236,68,212,62
12220,img/img_00075677.jpg,lower-body clothes,125,165,233,68,405,280
12221,img/img_00075683.jpg,lower-body clothes,213,169,252,83,240,27
12222,img/img_00075685.jpg,lower-body clothes,57,89,110,21,267,210
12223,img/img_00075686.jpg,lower-body clothes,196,164,248,84,203,7
12224,img/img_00075691.jpg,lower-body clothes,26,59,266,207,291,265
12225,img/img_00075693.jpg,lower-body clothes,66,105,175,70,273,207
12226,img/img_00075699.jpg,lower-body clothes,105,144,250,106,387,282
12227,img/img_00075706.jpg,lower-body clothes,101,130,218,88,372,271
12228,img/img_00075707.jpg,lower-body clothes,122,157,224,67,427,305
12229,img/img_00075710.jpg,lower-body clothes,124,165,244,79,453,329
12230,img/img_00075723.jpg,lower-body clothes,106,161,185,24,124,18
12231,img/img_00075726.jpg,lower-body clothes,97,168,242,74,445,348
12232,img/img_00075730.jpg,lower-body clothes,137,134,218,84,444,307
12233,img/img_00075733.jpg,lower-body clothes,134,168,238,70,481,347
12234,img/img_00075737.jpg,upper-body clothes,335,230,230,0,335,0
12235,img/img_00075738.jpg,upper-body clothes,201,185,185,0,201,0
12236,img/img_00075748.jpg,lower-body clothes,72,53,183,130,183,111
12237,img/img_00075750.jpg,lower-body clothes,268,287,294,7,279,11
12238,img/img_00075751.jpg,lower-body clothes,192,101,221,120,406,214
12239,img/img_00075756.jpg,lower-body clothes,155,131,262,131,471,316
12240,img/img_00075778.jpg,upper-body clothes,480,364,422,58,497,17
12241,img/img_00075783.jpg,upper-body clothes,60,222,222,0,60,0
12242,img/img_00075784.jpg,upper-body clothes,239,290,290,0,239,0
12243,img/img_00075787.jpg,upper-body clothes,194,116,116,0,194,0
12244,img/img_00075789.jpg,upper-body clothes,368,299,299,0,368,0
12245,img/img_00075792.jpg,full-body clothes,365,335,339,4,372,7
12246,img/img_00075801.jpg,full-body clothes,352,199,247,48,476,124
12247,img/img_00075808.jpg,full-body clothes,308,133,218,85,460,152
12248,img/img_00075821.jpg,lower-body clothes,67,96,138,42,84,17
12249,img/img_00075829.jpg,lower-body clothes,71,115,215,100,227,156
12250,img/img_00075843.jpg,full-body clothes,354,60,200,140,436,82
12251,img/img_00075847.jpg,full-body clothes,323,78,200,122,399,76
12252,img/img_00075857.jpg,upper-body clothes,303,241,241,0,303,0
12253,img/img_00075871.jpg,upper-body clothes,277,39,185,146,406,129
12254,img/img_00075874.jpg,lower-body clothes,257,202,221,19,371,114
12255,img/img_00075888.jpg,upper-body clothes,134,97,310,213,169,35
12256,img/img_00075892.jpg,upper-body clothes,115,85,203,118,207,92
12257,img/img_00075896.jpg,upper-body clothes,157,114,237,123,216,59
12258,img/img_00075897.jpg,upper-body clothes,159,129,269,140,257,98
12259,img/img_00075900.jpg,upper-body clothes,255,209,285,76,401,146
12260,img/img_00075906.jpg,upper-body clothes,140,117,319,202,269,129
12261,img/img_00075907.jpg,upper-body clothes,490,337,337,0,490,0
12262,img/img_00075916.jpg,upper-body clothes,342,187,277,90,464,122
12263,img/img_00075917.jpg,upper-body clothes,331,273,273,0,331,0
12264,img/img_00075920.jpg,lower-body clothes,427,172,238,66,431,4
12265,img/img_00075928.jpg,lower-body clothes,1,1,1,0,1,0
12266,img/img_00075930.jpg,lower-body clothes,99,58,117,59,163,64
12267,img/img_00075932.jpg,lower-body clothes,119,50,108,58,246,127
12268,img/img_00075943.jpg,upper-body clothes,315,264,476,212,415,100
12269,img/img_00075951.jpg,full-body clothes,298,149,281,132,322,24
12270,img/img_00075957.jpg,full-body clothes,308,177,229,52,422,114
12271,img/img_00075962.jpg,full-body clothes,455,250,250,0,455,0
12272,img/img_00075965.jpg,full-body clothes,231,258,258,0,231,0
12273,img/img_00075976.jpg,lower-body clothes,165,192,192,0,165,0
12274,img/img_00075983.jpg,lower-body clothes,244,229,229,0,244,0
12275,img/img_00075987.jpg,lower-body clothes,58,101,145,44,171,113
12276,img/img_00075992.jpg,lower-body clothes,93,152,258,106,132,39
12277,img/img_00075993.jpg,lower-body clothes,165,135,297,162,219,54
12278,img/img_00075994.jpg,lower-body clothes,154,269,269,0,154,0
12279,img/img_00075996.jpg,lower-body clothes,73,59,127,68,236,163
12280,img/img_00076009.jpg,full-body clothes,299,184,281,97,440,141
12281,img/img_00076011.jpg,full-body clothes,259,161,161,0,259,0
12282,img/img_00076019.jpg,upper-body clothes,349,151,284,133,500,151
12283,img/img_00076022.jpg,upper-body clothes,289,92,182,90,435,146
12284,img/img_00076024.jpg,upper-body clothes,305,103,234,131,400,95
12285,img/img_00076026.jpg,upper-body clothes,263,221,283,62,439,176
12286,img/img_00076032.jpg,upper-body clothes,322,73,174,101,378,56
12287,img/img_00076035.jpg,upper-body clothes,177,110,213,103,262,85
12288,img/img_00076065.jpg,full-body clothes,477,285,285,0,477,0
12289,img/img_00076066.jpg,full-body clothes,192,218,218,0,192,0
12290,img/img_00076070.jpg,full-body clothes,273,273,273,0,273,0
12291,img/img_00076073.jpg,full-body clothes,184,116,235,119,301,117
12292,img/img_00076076.jpg,full-body clothes,392,270,270,0,392,0
12293,img/img_00076082.jpg,lower-body clothes,371,176,282,106,421,50
12294,img/img_00076087.jpg,lower-body clothes,101,85,150,65,109,8
12295,img/img_00076092.jpg,lower-body clothes,211,322,322,0,211,0
12296,img/img_00076095.jpg,lower-body clothes,193,67,141,74,197,4
12297,img/img_00076099.jpg,lower-body clothes,377,190,190,0,377,0
12298,img/img_00076119.jpg,upper-body clothes,258,192,242,50,279,21
12299,img/img_00076121.jpg,upper-body clothes,370,206,249,43,482,112
12300,img/img_00076124.jpg,upper-body clothes,261,250,250,0,261,0
12301,img/img_00076129.jpg,upper-body clothes,394,78,275,197,464,70
12302,img/img_00076133.jpg,upper-body clothes,142,87,199,112,217,75
12303,img/img_00076134.jpg,upper-body clothes,331,250,294,44,365,34
12304,img/img_00076135.jpg,upper-body clothes,151,102,158,56,251,100
12305,img/img_00076139.jpg,upper-body clothes,421,171,171,0,421,0
12306,img/img_00076146.jpg,full-body clothes,177,112,166,54,269,92
12307,img/img_00076153.jpg,full-body clothes,247,62,210,148,338,91
12308,img/img_00076155.jpg,full-body clothes,180,81,139,58,229,49
12309,img/img_00076158.jpg,full-body clothes,220,114,114,0,220,0
12310,img/img_00076163.jpg,upper-body clothes,169,115,230,115,273,104
12311,img/img_00076165.jpg,upper-body clothes,125,81,210,129,235,110
12312,img/img_00076177.jpg,full-body clothes,379,89,210,121,473,94
12313,img/img_00076178.jpg,upper-body clothes,328,148,181,33,410,82
12314,img/img_00076183.jpg,upper-body clothes,397,271,271,0,397,0
12315,img/img_00076197.jpg,lower-body clothes,224,201,201,0,224,0
12316,img/img_00076201.jpg,lower-body clothes,419,233,355,122,453,34
12317,img/img_00076205.jpg,lower-body clothes,283,29,131,102,300,17
12318,img/img_00076214.jpg,upper-body clothes,261,94,236,142,330,69
12319,img/img_00076216.jpg,upper-body clothes,442,128,255,127,480,38
12320,img/img_00076219.jpg,upper-body clothes,310,89,210,121,385,75
12321,img/img_00076220.jpg,upper-body clothes,306,227,280,53,458,152
12322,img/img_00076221.jpg,upper-body clothes,138,69,128,59,219,81
12323,img/img_00076232.jpg,upper-body clothes,362,164,238,74,486,124
12324,img/img_00076243.jpg,upper-body clothes,261,155,202,47,373,112
12325,img/img_00076270.jpg,full-body clothes,411,259,259,0,411,0
12326,img/img_00076288.jpg,upper-body clothes,510,324,324,0,510,0
12327,img/img_00076290.jpg,upper-body clothes,260,205,268,63,384,124
12328,img/img_00076296.jpg,lower-body clothes,254,178,231,53,292,38
12329,img/img_00076301.jpg,lower-body clothes,207,116,263,147,430,223
12330,img/img_00076305.jpg,lower-body clothes,99,42,479,437,206,107
12331,img/img_00076311.jpg,lower-body clothes,342,109,222,113,355,13
12332,img/img_00076316.jpg,lower-body clothes,375,91,205,114,392,17
12333,img/img_00076318.jpg,lower-body clothes,293,123,182,59,429,136
12334,img/img_00076325.jpg,full-body clothes,268,35,154,119,352,84
12335,img/img_00076340.jpg,upper-body clothes,168,66,150,84,231,63
12336,img/img_00076354.jpg,upper-body clothes,173,144,211,67,311,138
12337,img/img_00076358.jpg,upper-body clothes,276,137,243,106,413,137
12338,img/img_00076361.jpg,upper-body clothes,97,70,200,130,171,74
12339,img/img_00076367.jpg,upper-body clothes,431,249,249,0,431,0
12340,img/img_00076377.jpg,upper-body clothes,166,107,221,114,319,153
12341,img/img_00076382.jpg,full-body clothes,112,63,222,159,160,48
12342,img/img_00076383.jpg,full-body clothes,207,100,214,114,290,83
12343,img/img_00076387.jpg,full-body clothes,268,140,238,98,364,96
12344,img/img_00076393.jpg,full-body clothes,120,54,93,39,170,50
12345,img/img_00076394.jpg,full-body clothes,197,100,200,100,294,97
12346,img/img_00076400.jpg,full-body clothes,214,134,134,0,214,0
12347,img/img_00076406.jpg,lower-body clothes,413,151,273,122,421,8
12348,img/img_00076407.jpg,lower-body clothes,505,222,288,66,509,4
12349,img/img_00076415.jpg,lower-body clothes,318,102,361,259,425,107
12350,img/img_00076417.jpg,lower-body clothes,401,167,235,68,422,21
12351,img/img_00076419.jpg,lower-body clothes,182,100,123,23,353,171
12352,img/img_00076427.jpg,lower-body clothes,424,58,214,156,442,18
12353,img/img_00076428.jpg,full-body clothes,276,36,178,142,361,85
12354,img/img_00076432.jpg,full-body clothes,212,89,173,84,301,89
12355,img/img_00076442.jpg,full-body clothes,216,174,365,191,323,107
12356,img/img_00076445.jpg,full-body clothes,217,127,292,165,298,81
12357,img/img_00076467.jpg,upper-body clothes,278,170,352,182,454,176
12358,img/img_00076472.jpg,upper-body clothes,268,191,259,68,419,151
12359,img/img_00076477.jpg,upper-body clothes,291,303,303,0,291,0
12360,img/img_00076495.jpg,upper-body clothes,270,122,226,104,373,103
12361,img/img_00076506.jpg,lower-body clothes,237,59,179,120,290,53
12362,img/img_00076508.jpg,lower-body clothes,200,73,452,379,435,235
12363,img/img_00076511.jpg,lower-body clothes,137,51,115,64,239,102
12364,img/img_00076521.jpg,upper-body clothes,296,149,226,77,444,148
12365,img/img_00076534.jpg,full-body clothes,272,57,147,90,348,76
12366,img/img_00076538.jpg,full-body clothes,329,70,184,114,398,69
12367,img/img_00076541.jpg,lower-body clothes,43,11,98,87,111,68
12368,img/img_00076552.jpg,lower-body clothes,153,139,280,141,328,175
12369,img/img_00076557.jpg,lower-body clothes,204,224,498,274,224,20
12370,img/img_00076558.jpg,lower-body clothes,101,169,263,94,396,295
12371,img/img_00076560.jpg,lower-body clothes,280,293,299,6,283,3
12372,img/img_00076561.jpg,lower-body clothes,148,184,275,91,155,7
12373,img/img_00076572.jpg,lower-body clothes,29,339,339,0,29,0
12374,img/img_00076577.jpg,lower-body clothes,204,155,209,54,210,6
12375,img/img_00076585.jpg,lower-body clothes,222,82,233,151,441,219
12376,img/img_00076589.jpg,lower-body clothes,331,193,264,71,394,63
12377,img/img_00076590.jpg,lower-body clothes,250,89,234,145,455,205
12378,img/img_00076602.jpg,lower-body clothes,282,117,279,162,464,182
12379,img/img_00076623.jpg,full-body clothes,329,121,231,110,438,109
12380,img/img_00076625.jpg,lower-body clothes,79,102,155,53,82,3
12381,img/img_00076626.jpg,lower-body clothes,139,66,291,225,276,137
12382,img/img_00076638.jpg,lower-body clothes,76,60,184,124,200,124
12383,img/img_00076659.jpg,lower-body clothes,184,168,235,67,207,23
12384,img/img_00076660.jpg,lower-body clothes,198,238,262,24,225,27
12385,img/img_00076672.jpg,lower-body clothes,204,223,265,42,219,15
12386,img/img_00076677.jpg,lower-body clothes,83,136,197,61,100,17
12387,img/img_00076679.jpg,lower-body clothes,99,122,162,40,127,28
12388,img/img_00076691.jpg,lower-body clothes,68,111,252,141,278,210
12389,img/img_00076704.jpg,lower-body clothes,38,47,129,82,136,98
12390,img/img_00076720.jpg,lower-body clothes,352,280,419,139,368,16
12391,img/img_00076723.jpg,lower-body clothes,421,41,175,134,453,32
12392,img/img_00076731.jpg,lower-body clothes,382,61,181,120,405,23
12393,img/img_00076742.jpg,full-body clothes,339,226,226,0,339,0
12394,img/img_00076746.jpg,lower-body clothes,228,73,228,155,441,213
12395,img/img_00076751.jpg,lower-body clothes,230,104,150,46,243,13
12396,img/img_00076756.jpg,lower-body clothes,359,103,226,123,385,26
12397,img/img_00076766.jpg,lower-body clothes,194,48,181,133,200,6
12398,img/img_00076785.jpg,lower-body clothes,315,58,180,122,322,7
12399,img/img_00076790.jpg,lower-body clothes,109,157,240,83,418,309
12400,img/img_00076797.jpg,lower-body clothes,72,94,118,24,266,194
12401,img/img_00076801.jpg,lower-body clothes,51,78,146,68,64,13
12402,img/img_00076804.jpg,lower-body clothes,269,273,273,0,269,0
12403,img/img_00076807.jpg,lower-body clothes,263,40,166,126,368,105
12404,img/img_00076810.jpg,lower-body clothes,94,130,221,91,426,332
12405,img/img_00076826.jpg,lower-body clothes,77,138,227,89,283,206
12406,img/img_00076830.jpg,lower-body clothes,67,99,218,119,267,200
12407,img/img_00076845.jpg,lower-body clothes,140,152,255,103,164,24
12408,img/img_00076852.jpg,full-body clothes,154,62,93,31,202,48
12409,img/img_00076854.jpg,full-body clothes,340,276,276,0,340,0
12410,img/img_00076877.jpg,lower-body clothes,203,96,418,322,432,229
12411,img/img_00076881.jpg,lower-body clothes,230,103,258,155,449,219
12412,img/img_00076883.jpg,lower-body clothes,396,69,223,154,447,51
12413,img/img_00076887.jpg,lower-body clothes,245,73,208,135,450,205
12414,img/img_00076890.jpg,lower-body clothes,230,74,210,136,397,167
12415,img/img_00076898.jpg,lower-body clothes,71,100,206,106,100,29
12416,img/img_00076905.jpg,lower-body clothes,86,83,217,134,112,26
12417,img/img_00076912.jpg,lower-body clothes,47,65,103,38,252,205
12418,img/img_00076920.jpg,lower-body clothes,480,287,361,74,492,12
12419,img/img_00076929.jpg,lower-body clothes,99,89,141,52,109,10
12420,img/img_00076938.jpg,lower-body clothes,98,96,197,101,291,193
12421,img/img_00076944.jpg,full-body clothes,141,102,223,121,282,141
12422,img/img_00076946.jpg,full-body clothes,251,170,275,105,359,108
12423,img/img_00076955.jpg,full-body clothes,216,133,228,95,308,92
12424,img/img_00076958.jpg,full-body clothes,145,56,204,148,271,126
12425,img/img_00076974.jpg,full-body clothes,192,32,152,120,231,39
12426,img/img_00076975.jpg,full-body clothes,353,70,201,131,445,92
12427,img/img_00076980.jpg,full-body clothes,267,101,229,128,405,138
12428,img/img_00076999.jpg,full-body clothes,279,200,200,0,279,0
12429,img/img_00077004.jpg,full-body clothes,465,175,238,63,482,17
12430,img/img_00077008.jpg,full-body clothes,283,235,235,0,283,0
12431,img/img_00077027.jpg,full-body clothes,369,168,215,47,452,83
12432,img/img_00077035.jpg,full-body clothes,306,264,264,0,306,0
12433,img/img_00077036.jpg,full-body clothes,314,129,192,63,419,105
12434,img/img_00077038.jpg,full-body clothes,495,227,227,0,495,0
12435,img/img_00077045.jpg,full-body clothes,190,100,181,81,265,75
12436,img/img_00077047.jpg,full-body clothes,184,129,129,0,184,0
12437,img/img_00077048.jpg,full-body clothes,156,51,125,74,168,12
12438,img/img_00077052.jpg,full-body clothes,373,224,342,118,407,34
12439,img/img_00077053.jpg,full-body clothes,165,121,160,39,174,9
12440,img/img_00077054.jpg,full-body clothes,285,175,302,127,308,23
12441,img/img_00077060.jpg,full-body clothes,168,130,305,175,330,162
12442,img/img_00077066.jpg,full-body clothes,196,142,142,0,196,0
12443,img/img_00077068.jpg,lower-body clothes,338,55,249,194,473,135
12444,img/img_00077069.jpg,lower-body clothes,215,49,224,175,386,171
12445,img/img_00077077.jpg,lower-body clothes,239,76,174,98,438,199
12446,img/img_00077079.jpg,lower-body clothes,331,152,231,79,373,42
12447,img/img_00077080.jpg,lower-body clothes,204,65,197,132,402,198
12448,img/img_00077086.jpg,lower-body clothes,143,59,196,137,269,126
12449,img/img_00077088.jpg,lower-body clothes,450,142,294,152,466,16
12450,img/img_00077097.jpg,lower-body clothes,216,90,231,141,452,236
12451,img/img_00077103.jpg,lower-body clothes,217,107,228,121,455,238
12452,img/img_00077108.jpg,lower-body clothes,329,86,248,162,415,86
12453,img/img_00077120.jpg,lower-body clothes,190,83,138,55,207,17
12454,img/img_00077123.jpg,upper-body clothes,324,271,304,33,337,13
12455,img/img_00077133.jpg,lower-body clothes,112,117,334,217,295,183
12456,img/img_00077135.jpg,lower-body clothes,362,370,398,28,390,28
12457,img/img_00077137.jpg,lower-body clothes,115,114,232,118,324,209
12458,img/img_00077140.jpg,lower-body clothes,147,113,216,103,157,10
12459,img/img_00077147.jpg,upper-body clothes,145,411,411,0,145,0
12460,img/img_00077151.jpg,upper-body clothes,325,134,285,151,421,96
12461,img/img_00077158.jpg,upper-body clothes,229,100,224,124,376,147
12462,img/img_00077175.jpg,upper-body clothes,321,157,237,80,435,114
12463,img/img_00077178.jpg,upper-body clothes,203,187,254,67,356,153
12464,img/img_00077180.jpg,upper-body clothes,124,69,225,156,218,94
12465,img/img_00077182.jpg,lower-body clothes,411,168,234,66,425,14
12466,img/img_00077183.jpg,lower-body clothes,362,160,422,262,409,47
12467,img/img_00077184.jpg,lower-body clothes,297,108,148,40,334,37
12468,img/img_00077199.jpg,lower-body clothes,350,118,187,69,422,72
12469,img/img_00077201.jpg,lower-body clothes,136,48,298,250,291,155
12470,img/img_00077215.jpg,lower-body clothes,360,165,440,275,391,31
12471,img/img_00077221.jpg,lower-body clothes,468,160,217,57,495,27
12472,img/img_00077222.jpg,lower-body clothes,22,154,154,0,22,0
12473,img/img_00077231.jpg,lower-body clothes,320,100,169,69,332,12
12474,img/img_00077236.jpg,lower-body clothes,327,74,201,127,374,47
12475,img/img_00077240.jpg,lower-body clothes,170,128,226,98,189,19
12476,img/img_00077250.jpg,upper-body clothes,128,84,129,45,207,79
12477,img/img_00077253.jpg,upper-body clothes,253,98,285,187,403,150
12478,img/img_00077255.jpg,upper-body clothes,152,69,183,114,266,114
12479,img/img_00077256.jpg,upper-body clothes,188,67,117,50,269,81
12480,img/img_00077262.jpg,upper-body clothes,154,54,111,57,276,122
12481,img/img_00077265.jpg,upper-body clothes,230,235,316,81,398,168
12482,img/img_00077270.jpg,upper-body clothes,206,192,192,0,206,0
12483,img/img_00077282.jpg,upper-body clothes,323,384,384,0,323,0
12484,img/img_00077287.jpg,upper-body clothes,140,101,151,50,211,71
12485,img/img_00077291.jpg,upper-body clothes,342,198,300,102,457,115
12486,img/img_00077301.jpg,upper-body clothes,259,128,255,127,410,151
12487,img/img_00077310.jpg,upper-body clothes,243,63,177,114,389,146
12488,img/img_00077319.jpg,upper-body clothes,166,99,268,169,254,88
12489,img/img_00077322.jpg,full-body clothes,276,143,282,139,367,91
12490,img/img_00077328.jpg,full-body clothes,337,157,328,171,429,92
12491,img/img_00077335.jpg,full-body clothes,286,104,304,200,362,76
12492,img/img_00077336.jpg,full-body clothes,179,74,180,106,229,50
12493,img/img_00077347.jpg,upper-body clothes,194,110,110,0,194,0
12494,img/img_00077353.jpg,upper-body clothes,305,183,299,116,443,138
12495,img/img_00077358.jpg,upper-body clothes,164,122,122,0,164,0
12496,img/img_00077361.jpg,upper-body clothes,172,134,269,135,284,112
12497,img/img_00077366.jpg,upper-body clothes,265,193,368,175,442,177
12498,img/img_00077380.jpg,upper-body clothes,152,118,241,123,264,112
12499,img/img_00077383.jpg,upper-body clothes,356,468,468,0,356,0
12500,img/img_00077389.jpg,upper-body clothes,239,151,196,45,262,23
12501,img/img_00077390.jpg,upper-body clothes,169,252,252,0,169,0
12502,img/img_00077395.jpg,full-body clothes,335,495,495,0,335,0
12503,img/img_00077400.jpg,full-body clothes,226,91,204,113,307,81
12504,img/img_00077402.jpg,full-body clothes,463,192,192,0,463,0
12505,img/img_00077404.jpg,full-body clothes,152,97,153,56,220,68
12506,img/img_00077424.jpg,upper-body clothes,283,112,285,173,390,107
12507,img/img_00077430.jpg,upper-body clothes,390,291,365,74,460,70
12508,img/img_00077432.jpg,upper-body clothes,142,87,87,0,142,0
12509,img/img_00077433.jpg,upper-body clothes,126,117,117,0,126,0
12510,img/img_00077439.jpg,upper-body clothes,270,86,220,134,418,148
12511,img/img_00077454.jpg,upper-body clothes,98,165,165,0,98,0
12512,img/img_00077455.jpg,upper-body clothes,326,180,237,57,470,144
12513,img/img_00077456.jpg,upper-body clothes,325,218,291,73,474,149
12514,img/img_00077459.jpg,upper-body clothes,245,190,265,75,372,127
12515,img/img_00077460.jpg,upper-body clothes,87,198,198,0,87,0
12516,img/img_00077463.jpg,upper-body clothes,426,78,249,171,445,19
12517,img/img_00077473.jpg,upper-body clothes,165,162,245,83,314,149
12518,img/img_00077474.jpg,upper-body clothes,100,46,137,91,164,64
12519,img/img_00077475.jpg,upper-body clothes,291,46,103,57,412,121
12520,img/img_00077507.jpg,full-body clothes,209,58,178,120,271,62
12521,img/img_00077519.jpg,lower-body clothes,334,207,207,0,334,0
12522,img/img_00077529.jpg,lower-body clothes,180,49,150,101,184,4
12523,img/img_00077535.jpg,lower-body clothes,123,28,96,68,225,102
12524,img/img_00077540.jpg,lower-body clothes,65,26,109,83,179,114
12525,img/img_00077554.jpg,lower-body clothes,142,41,199,158,267,125
12526,img/img_00077561.jpg,lower-body clothes,390,135,234,99,433,43
12527,img/img_00077563.jpg,lower-body clothes,141,41,168,127,261,120
12528,img/img_00077567.jpg,lower-body clothes,72,40,40,0,72,0
12529,img/img_00077568.jpg,lower-body clothes,164,43,169,126,270,106
12530,img/img_00077573.jpg,upper-body clothes,38,77,77,0,38,0
12531,img/img_00077575.jpg,upper-body clothes,187,67,146,79,240,53
12532,img/img_00077583.jpg,upper-body clothes,72,102,116,14,142,70
12533,img/img_00077597.jpg,lower-body clothes,163,68,130,62,189,26
12534,img/img_00077604.jpg,lower-body clothes,112,39,103,64,219,107
12535,img/img_00077609.jpg,upper-body clothes,64,44,96,52,86,22
12536,img/img_00077616.jpg,upper-body clothes,331,203,339,136,461,130
12537,img/img_00077636.jpg,lower-body clothes,97,94,138,44,104,7
12538,img/img_00077641.jpg,lower-body clothes,99,89,129,40,127,28
12539,img/img_00077648.jpg,upper-body clothes,141,63,151,88,191,50
12540,img/img_00077649.jpg,upper-body clothes,285,95,220,125,348,63
12541,img/img_00077653.jpg,upper-body clothes,285,117,228,111,411,126
12542,img/img_00077659.jpg,upper-body clothes,291,83,212,129,420,129
12543,img/img_00077665.jpg,upper-body clothes,238,156,177,21,241,3
12544,img/img_00077675.jpg,upper-body clothes,85,63,146,83,142,57
12545,img/img_00077676.jpg,upper-body clothes,355,459,459,0,355,0
12546,img/img_00077681.jpg,upper-body clothes,157,102,135,33,229,72
12547,img/img_00077686.jpg,upper-body clothes,288,206,310,104,433,145
12548,img/img_00077693.jpg,upper-body clothes,136,89,125,36,185,49
12549,img/img_00077698.jpg,upper-body clothes,392,237,325,88,448,56
12550,img/img_00077704.jpg,upper-body clothes,109,93,141,48,174,65
12551,img/img_00077709.jpg,upper-body clothes,207,49,194,145,301,94
12552,img/img_00077714.jpg,upper-body clothes,328,266,266,0,328,0
12553,img/img_00077735.jpg,upper-body clothes,154,53,186,133,247,93
12554,img/img_00077745.jpg,upper-body clothes,223,171,237,66,343,120
12555,img/img_00077748.jpg,upper-body clothes,470,277,277,0,470,0
12556,img/img_00077755.jpg,upper-body clothes,216,135,203,68,347,131
12557,img/img_00077780.jpg,upper-body clothes,238,79,150,71,378,140
12558,img/img_00077781.jpg,upper-body clothes,83,47,138,91,154,71
12559,img/img_00077784.jpg,upper-body clothes,344,236,236,0,344,0
12560,img/img_00077785.jpg,upper-body clothes,154,102,183,81,284,130
12561,img/img_00077787.jpg,upper-body clothes,264,225,225,0,264,0
12562,img/img_00077789.jpg,upper-body clothes,251,117,240,123,368,117
12563,img/img_00077794.jpg,upper-body clothes,160,95,173,78,203,43
12564,img/img_00077805.jpg,upper-body clothes,100,58,155,97,156,56
12565,img/img_00077807.jpg,upper-body clothes,187,104,207,103,288,101
12566,img/img_00077818.jpg,upper-body clothes,159,45,197,152,298,139
12567,img/img_00077824.jpg,upper-body clothes,222,86,229,143,293,71
12568,img/img_00077837.jpg,lower-body clothes,327,297,332,35,429,102
12569,img/img_00077840.jpg,lower-body clothes,117,144,223,79,357,240
12570,img/img_00077849.jpg,lower-body clothes,171,111,168,57,176,5
12571,img/img_00077853.jpg,lower-body clothes,115,103,163,60,121,6
12572,img/img_00077862.jpg,lower-body clothes,211,88,233,145,441,230
12573,img/img_00077871.jpg,upper-body clothes,175,86,179,93,314,139
12574,img/img_00077894.jpg,upper-body clothes,318,214,214,0,318,0
12575,img/img_00077895.jpg,upper-body clothes,78,52,174,122,233,155
12576,img/img_00077904.jpg,upper-body clothes,290,64,220,156,403,113
12577,img/img_00077912.jpg,upper-body clothes,296,180,196,16,418,122
12578,img/img_00077915.jpg,upper-body clothes,85,56,157,101,130,45
12579,img/img_00077922.jpg,upper-body clothes,322,169,269,100,459,137
12580,img/img_00077930.jpg,upper-body clothes,259,152,248,96,406,147
12581,img/img_00077937.jpg,upper-body clothes,169,117,240,123,256,87
12582,img/img_00077938.jpg,upper-body clothes,276,182,268,86,396,120
12583,img/img_00077940.jpg,upper-body clothes,301,97,194,97,405,104
12584,img/img_00077946.jpg,upper-body clothes,142,89,154,65,212,70
12585,img/img_00077947.jpg,upper-body clothes,188,145,230,85,307,119
12586,img/img_00077962.jpg,upper-body clothes,180,144,241,97,316,136
12587,img/img_00077972.jpg,upper-body clothes,125,77,157,80,198,73
12588,img/img_00077977.jpg,full-body clothes,385,102,171,69,461,76
12589,img/img_00077989.jpg,full-body clothes,342,114,258,144,424,82
12590,img/img_00077992.jpg,full-body clothes,398,110,184,74,487,89
12591,img/img_00077994.jpg,full-body clothes,384,136,236,100,467,83
12592,img/img_00077999.jpg,full-body clothes,375,227,328,101,472,97
12593,img/img_00078011.jpg,full-body clothes,442,262,262,0,442,0
12594,img/img_00078019.jpg,full-body clothes,359,137,234,97,474,115
12595,img/img_00078023.jpg,full-body clothes,185,89,194,105,249,64
12596,img/img_00078027.jpg,full-body clothes,248,211,263,52,342,94
12597,img/img_00078037.jpg,full-body clothes,283,73,161,88,335,52
12598,img/img_00078041.jpg,upper-body clothes,281,132,215,83,413,132
12599,img/img_00078049.jpg,upper-body clothes,325,205,280,75,448,123
12600,img/img_00078063.jpg,upper-body clothes,390,122,238,116,464,74
12601,img/img_00078069.jpg,lower-body clothes,94,104,162,58,284,190
12602,img/img_00078072.jpg,lower-body clothes,82,115,180,65,297,215
12603,img/img_00078078.jpg,lower-body clothes,99,171,228,57,413,314
12604,img/img_00078084.jpg,lower-body clothes,238,89,222,133,439,201
12605,img/img_00078094.jpg,lower-body clothes,217,169,215,46,257,40
12606,img/img_00078109.jpg,lower-body clothes,184,178,294,116,219,35
12607,img/img_00078116.jpg,lower-body clothes,133,102,180,78,334,201
12608,img/img_00078118.jpg,lower-body clothes,143,105,262,157,337,194
12609,img/img_00078119.jpg,lower-body clothes,86,95,277,182,310,224
12610,img/img_00078120.jpg,lower-body clothes,205,189,292,103,219,14
12611,img/img_00078121.jpg,lower-body clothes,63,82,148,66,92,29
12612,img/img_00078122.jpg,lower-body clothes,79,104,157,53,81,2
12613,img/img_00078126.jpg,lower-body clothes,191,169,211,42,267,76
12614,img/img_00078136.jpg,lower-body clothes,133,51,112,61,230,97
12615,img/img_00078141.jpg,lower-body clothes,248,114,215,101,254,6
12616,img/img_00078144.jpg,lower-body clothes,250,110,204,94,263,13
12617,img/img_00078145.jpg,lower-body clothes,246,128,240,112,453,207
12618,img/img_00078147.jpg,lower-body clothes,332,232,247,15,336,4
12619,img/img_00078151.jpg,lower-body clothes,159,195,283,88,439,280
12620,img/img_00078168.jpg,full-body clothes,214,63,193,130,410,196
12621,img/img_00078171.jpg,full-body clothes,436,279,364,85,443,7
12622,img/img_00078175.jpg,full-body clothes,211,105,216,111,309,98
12623,img/img_00078178.jpg,full-body clothes,325,162,162,0,325,0
12624,img/img_00078182.jpg,full-body clothes,309,360,360,0,309,0
12625,img/img_00078187.jpg,upper-body clothes,91,56,97,41,147,56
12626,img/img_00078191.jpg,upper-body clothes,86,118,118,0,86,0
12627,img/img_00078192.jpg,upper-body clothes,285,120,159,39,415,130
12628,img/img_00078212.jpg,upper-body clothes,132,93,163,70,224,92
12629,img/img_00078222.jpg,upper-body clothes,265,131,266,135,401,136
12630,img/img_00078231.jpg,upper-body clothes,159,93,152,59,250,91
12631,img/img_00078234.jpg,upper-body clothes,98,96,169,73,176,78
12632,img/img_00078235.jpg,full-body clothes,299,152,262,110,416,117
12633,img/img_00078237.jpg,full-body clothes,411,281,400,119,458,47
12634,img/img_00078246.jpg,full-body clothes,112,62,120,58,118,6
12635,img/img_00078253.jpg,full-body clothes,221,129,275,146,293,72
12636,img/img_00078256.jpg,full-body clothes,242,223,232,9,324,82
12637,img/img_00078259.jpg,full-body clothes,204,90,122,32,249,45
12638,img/img_00078263.jpg,full-body clothes,352,177,261,84,472,120
12639,img/img_00078264.jpg,full-body clothes,262,137,198,61,343,81
12640,img/img_00078270.jpg,full-body clothes,486,292,292,0,486,0
12641,img/img_00078271.jpg,full-body clothes,389,133,249,116,452,63
12642,img/img_00078281.jpg,full-body clothes,319,162,269,107,451,132
12643,img/img_00078295.jpg,full-body clothes,369,155,293,138,488,119
12644,img/img_00078303.jpg,full-body clothes,381,259,297,38,446,65
12645,img/img_00078306.jpg,full-body clothes,182,109,145,36,237,55
12646,img/img_00078315.jpg,lower-body clothes,181,138,246,108,255,74
12647,img/img_00078325.jpg,lower-body clothes,255,112,171,59,274,19
12648,img/img_00078330.jpg,lower-body clothes,108,162,273,111,115,7
12649,img/img_00078349.jpg,full-body clothes,350,86,215,129,416,66
12650,img/img_00078351.jpg,full-body clothes,362,136,232,96,448,86
12651,img/img_00078352.jpg,full-body clothes,432,101,207,106,507,75
12652,img/img_00078360.jpg,upper-body clothes,160,91,145,54,251,91
12653,img/img_00078366.jpg,upper-body clothes,109,76,222,146,194,85
12654,img/img_00078369.jpg,upper-body clothes,254,136,248,112,392,138
12655,img/img_00078372.jpg,upper-body clothes,170,207,207,0,170,0
12656,img/img_00078378.jpg,upper-body clothes,281,134,283,149,371,90
12657,img/img_00078382.jpg,full-body clothes,261,120,329,209,384,123
12658,img/img_00078383.jpg,full-body clothes,302,170,268,98,401,99
12659,img/img_00078385.jpg,full-body clothes,268,132,244,112,448,180
12660,img/img_00078388.jpg,full-body clothes,233,161,330,169,412,179
12661,img/img_00078402.jpg,upper-body clothes,490,460,460,0,490,0
12662,img/img_00078404.jpg,upper-body clothes,34,187,187,0,34,0
12663,img/img_00078405.jpg,upper-body clothes,343,289,317,28,448,105
12664,img/img_00078408.jpg,upper-body clothes,363,379,450,71,425,62
12665,img/img_00078410.jpg,upper-body clothes,448,184,259,75,494,46
12666,img/img_00078419.jpg,lower-body clothes,115,157,272,115,400,285
12667,img/img_00078422.jpg,lower-body clothes,122,147,244,97,399,277
12668,img/img_00078435.jpg,upper-body clothes,301,152,262,110,455,154
12669,img/img_00078441.jpg,upper-body clothes,99,66,175,109,155,56
12670,img/img_00078455.jpg,upper-body clothes,110,346,346,0,110,0
12671,img/img_00078471.jpg,full-body clothes,346,114,269,155,461,115
12672,img/img_00078473.jpg,full-body clothes,329,97,235,138,439,110
12673,img/img_00078479.jpg,full-body clothes,220,53,145,92,264,44
12674,img/img_00078487.jpg,full-body clothes,192,127,221,94,290,98
12675,img/img_00078492.jpg,full-body clothes,243,136,255,119,329,86
12676,img/img_00078493.jpg,full-body clothes,254,110,232,122,324,70
12677,img/img_00078513.jpg,full-body clothes,136,73,132,59,178,42
12678,img/img_00078520.jpg,full-body clothes,186,122,208,86,255,69
12679,img/img_00078527.jpg,full-body clothes,369,150,229,79,489,120
12680,img/img_00078530.jpg,full-body clothes,220,82,188,106,310,90
12681,img/img_00078536.jpg,full-body clothes,356,402,402,0,356,0
12682,img/img_00078540.jpg,full-body clothes,341,129,212,83,472,131
12683,img/img_00078544.jpg,full-body clothes,412,216,252,36,460,48
12684,img/img_00078545.jpg,full-body clothes,320,107,205,98,438,118
12685,img/img_00078548.jpg,full-body clothes,372,150,218,68,498,126
12686,img/img_00078554.jpg,upper-body clothes,132,156,216,60,275,143
12687,img/img_00078563.jpg,upper-body clothes,251,190,209,19,312,61
12688,img/img_00078565.jpg,upper-body clothes,141,121,210,89,225,84
12689,img/img_00078569.jpg,upper-body clothes,467,251,251,0,467,0
12690,img/img_00078580.jpg,upper-body clothes,172,120,447,327,301,129
12691,img/img_00078583.jpg,upper-body clothes,447,392,392,0,447,0
12692,img/img_00078588.jpg,full-body clothes,292,261,261,0,292,0
12693,img/img_00078596.jpg,full-body clothes,489,156,156,0,489,0
12694,img/img_00078598.jpg,full-body clothes,242,88,217,129,389,147
12695,img/img_00078603.jpg,full-body clothes,433,248,248,0,433,0
12696,img/img_00078607.jpg,full-body clothes,269,243,243,0,269,0
12697,img/img_00078619.jpg,full-body clothes,234,97,203,106,310,76
12698,img/img_00078623.jpg,full-body clothes,317,52,201,149,404,87
12699,img/img_00078625.jpg,full-body clothes,362,133,290,157,473,111
12700,img/img_00078629.jpg,full-body clothes,276,77,246,169,356,80
12701,img/img_00078642.jpg,full-body clothes,247,115,261,146,334,87
12702,img/img_00078658.jpg,lower-body clothes,237,109,214,105,411,174
12703,img/img_00078661.jpg,full-body clothes,351,106,217,111,468,117
12704,img/img_00078665.jpg,full-body clothes,380,108,213,105,464,84
12705,img/img_00078666.jpg,full-body clothes,136,126,126,0,136,0
12706,img/img_00078675.jpg,full-body clothes,123,206,206,0,123,0
12707,img/img_00078682.jpg,full-body clothes,192,44,131,87,237,45
12708,img/img_00078686.jpg,full-body clothes,287,41,184,143,361,74
12709,img/img_00078701.jpg,full-body clothes,270,65,285,220,365,95
12710,img/img_00078702.jpg,full-body clothes,192,140,202,62,337,145
12711,img/img_00078703.jpg,lower-body clothes,416,207,353,146,454,38
12712,img/img_00078709.jpg,lower-body clothes,463,184,285,101,480,17
12713,img/img_00078710.jpg,lower-body clothes,153,51,118,67,299,146
12714,img/img_00078712.jpg,lower-body clothes,79,16,144,128,300,221
12715,img/img_00078713.jpg,lower-body clothes,287,306,337,31,379,92
12716,img/img_00078718.jpg,lower-body clothes,255,120,239,119,473,218
12717,img/img_00078722.jpg,upper-body clothes,150,108,174,66,258,108
12718,img/img_00078727.jpg,upper-body clothes,327,170,279,109,456,129
12719,img/img_00078731.jpg,upper-body clothes,269,142,235,93,393,124
12720,img/img_00078743.jpg,full-body clothes,218,118,234,116,305,87
12721,img/img_00078744.jpg,full-body clothes,368,83,245,162,489,121
12722,img/img_00078748.jpg,full-body clothes,100,63,111,48,135,35
12723,img/img_00078749.jpg,full-body clothes,205,140,254,114,288,83
12724,img/img_00078750.jpg,full-body clothes,203,38,158,120,301,98
12725,img/img_00078778.jpg,full-body clothes,401,238,318,80,467,66
12726,img/img_00078781.jpg,full-body clothes,293,117,220,103,424,131
12727,img/img_00078788.jpg,lower-body clothes,396,346,346,0,396,0
12728,img/img_00078804.jpg,full-body clothes,232,137,296,159,294,62
12729,img/img_00078814.jpg,full-body clothes,323,139,235,96,430,107
12730,img/img_00078827.jpg,full-body clothes,165,125,216,91,238,73
12731,img/img_00078841.jpg,lower-body clothes,82,110,258,148,272,190
12732,img/img_00078845.jpg,lower-body clothes,110,106,252,146,293,183
12733,img/img_00078857.jpg,lower-body clothes,212,131,131,0,212,0
12734,img/img_00078866.jpg,lower-body clothes,64,96,178,82,274,210
12735,img/img_00078867.jpg,lower-body clothes,265,88,203,115,456,191
12736,img/img_00078868.jpg,lower-body clothes,317,216,216,0,317,0
12737,img/img_00078875.jpg,lower-body clothes,143,138,259,121,450,307
12738,img/img_00078877.jpg,lower-body clothes,167,144,248,104,442,275
12739,img/img_00078879.jpg,lower-body clothes,79,50,149,99,224,145
12740,img/img_00078886.jpg,lower-body clothes,237,176,176,0,237,0
12741,img/img_00078896.jpg,lower-body clothes,69,75,224,149,309,240
12742,img/img_00078898.jpg,lower-body clothes,153,190,264,74,485,332
12743,img/img_00078902.jpg,lower-body clothes,152,157,322,165,368,216
12744,img/img_00078904.jpg,lower-body clothes,109,129,306,177,259,150
12745,img/img_00078907.jpg,full-body clothes,226,121,231,110,307,81
12746,img/img_00078925.jpg,lower-body clothes,238,83,184,101,465,227
12747,img/img_00078927.jpg,lower-body clothes,222,128,194,66,239,17
12748,img/img_00078947.jpg,upper-body clothes,175,36,152,116,320,145
12749,img/img_00078954.jpg,full-body clothes,362,242,242,0,362,0
12750,img/img_00078955.jpg,full-body clothes,210,127,234,107,281,71
12751,img/img_00078978.jpg,full-body clothes,329,186,274,88,432,103
12752,img/img_00078980.jpg,full-body clothes,170,36,186,150,222,52
12753,img/img_00078984.jpg,full-body clothes,350,129,260,131,474,124
12754,img/img_00078987.jpg,full-body clothes,465,316,352,36,475,10
12755,img/img_00079010.jpg,full-body clothes,270,229,229,0,270,0
12756,img/img_00079013.jpg,full-body clothes,374,39,178,139,408,34
12757,img/img_00079023.jpg,full-body clothes,201,151,171,20,294,93
12758,img/img_00079028.jpg,upper-body clothes,345,180,413,233,407,62
12759,img/img_00079031.jpg,upper-body clothes,463,461,461,0,463,0
12760,img/img_00079038.jpg,upper-body clothes,312,316,427,111,362,50
12761,img/img_00079048.jpg,full-body clothes,464,346,346,0,464,0
12762,img/img_00079049.jpg,full-body clothes,84,140,140,0,84,0
12763,img/img_00079053.jpg,full-body clothes,234,248,248,0,234,0
12764,img/img_00079055.jpg,full-body clothes,362,323,323,0,362,0
12765,img/img_00079056.jpg,full-body clothes,499,328,328,0,499,0
12766,img/img_00079071.jpg,full-body clothes,285,52,192,140,351,66
12767,img/img_00079072.jpg,full-body clothes,242,123,232,109,329,87
12768,img/img_00079082.jpg,full-body clothes,263,122,264,142,348,85
12769,img/img_00079085.jpg,lower-body clothes,396,412,412,0,396,0
12770,img/img_00079089.jpg,lower-body clothes,473,476,476,0,473,0
12771,img/img_00079101.jpg,full-body clothes,253,30,195,165,331,78
12772,img/img_00079102.jpg,full-body clothes,181,130,305,175,277,96
12773,img/img_00079103.jpg,full-body clothes,386,117,252,135,466,80
12774,img/img_00079104.jpg,full-body clothes,393,268,309,41,437,44
12775,img/img_00079108.jpg,full-body clothes,342,141,219,78,471,129
12776,img/img_00079117.jpg,full-body clothes,419,309,309,0,419,0
12777,img/img_00079119.jpg,full-body clothes,191,85,197,112,269,78
12778,img/img_00079132.jpg,full-body clothes,351,302,346,44,463,112
12779,img/img_00079133.jpg,full-body clothes,375,307,307,0,375,0
12780,img/img_00079150.jpg,full-body clothes,363,113,220,107,459,96
12781,img/img_00079153.jpg,full-body clothes,370,141,250,109,459,89
12782,img/img_00079156.jpg,full-body clothes,381,448,448,0,381,0
12783,img/img_00079164.jpg,full-body clothes,386,52,197,145,476,90
12784,img/img_00079168.jpg,full-body clothes,371,143,250,107,460,89
12785,img/img_00079171.jpg,full-body clothes,353,52,206,154,484,131
12786,img/img_00079174.jpg,full-body clothes,317,91,187,96,431,114
12787,img/img_00079182.jpg,full-body clothes,156,38,89,51,218,62
12788,img/img_00079185.jpg,full-body clothes,195,107,206,99,275,80
12789,img/img_00079188.jpg,full-body clothes,73,211,211,0,73,0
12790,img/img_00079189.jpg,full-body clothes,402,74,223,149,493,91
12791,img/img_00079191.jpg,full-body clothes,350,50,209,159,430,80
12792,img/img_00079193.jpg,full-body clothes,395,112,240,128,461,66
12793,img/img_00079209.jpg,upper-body clothes,82,114,475,361,153,71
12794,img/img_00079214.jpg,upper-body clothes,144,101,371,270,255,111
12795,img/img_00079215.jpg,upper-body clothes,207,153,451,298,302,95
12796,img/img_00079216.jpg,upper-body clothes,288,497,497,0,288,0
12797,img/img_00079222.jpg,upper-body clothes,80,289,289,0,80,0
12798,img/img_00079234.jpg,upper-body clothes,55,40,140,100,112,57
12799,img/img_00079240.jpg,full-body clothes,382,288,288,0,382,0
12800,img/img_00079251.jpg,full-body clothes,397,197,235,38,489,92
12801,img/img_00079252.jpg,full-body clothes,374,64,183,119,486,112
12802,img/img_00079271.jpg,full-body clothes,493,293,293,0,493,0
12803,img/img_00079287.jpg,full-body clothes,290,140,269,129,373,83
12804,img/img_00079297.jpg,full-body clothes,333,143,256,113,470,137
12805,img/img_00079309.jpg,full-body clothes,282,159,228,69,287,5
12806,img/img_00079326.jpg,full-body clothes,337,148,278,130,466,129
12807,img/img_00079331.jpg,upper-body clothes,358,148,255,107,483,125
12808,img/img_00079336.jpg,upper-body clothes,288,319,319,0,288,0
12809,img/img_00079338.jpg,upper-body clothes,274,247,247,0,274,0
12810,img/img_00079341.jpg,upper-body clothes,173,66,136,70,251,78
12811,img/img_00079343.jpg,upper-body clothes,314,70,215,145,428,114
12812,img/img_00079345.jpg,full-body clothes,275,77,159,82,318,43
12813,img/img_00079362.jpg,upper-body clothes,309,165,263,98,455,146
12814,img/img_00079363.jpg,upper-body clothes,250,175,263,88,381,131
12815,img/img_00079373.jpg,upper-body clothes,131,77,122,45,199,68
12816,img/img_00079376.jpg,upper-body clothes,169,75,142,67,265,96
12817,img/img_00079389.jpg,upper-body clothes,173,89,136,47,265,92
12818,img/img_00079392.jpg,upper-body clothes,353,385,385,0,353,0
12819,img/img_00079424.jpg,upper-body clothes,78,107,107,0,78,0
12820,img/img_00079429.jpg,upper-body clothes,185,140,159,19,277,92
12821,img/img_00079433.jpg,upper-body clothes,267,251,368,117,422,155
12822,img/img_00079434.jpg,upper-body clothes,178,200,286,86,281,103
12823,img/img_00079435.jpg,upper-body clothes,477,488,488,0,477,0
12824,img/img_00079443.jpg,upper-body clothes,364,69,188,119,502,138
12825,img/img_00079444.jpg,upper-body clothes,415,304,304,0,415,0
12826,img/img_00079450.jpg,full-body clothes,233,115,248,133,314,81
12827,img/img_00079451.jpg,full-body clothes,240,86,267,181,325,85
12828,img/img_00079461.jpg,upper-body clothes,199,102,174,72,312,113
12829,img/img_00079470.jpg,upper-body clothes,163,82,142,60,247,84
12830,img/img_00079473.jpg,upper-body clothes,282,140,265,125,431,149
12831,img/img_00079482.jpg,upper-body clothes,340,164,278,114,458,118
12832,img/img_00079491.jpg,upper-body clothes,90,51,199,148,170,80
12833,img/img_00079498.jpg,upper-body clothes,325,254,254,0,325,0
12834,img/img_00079499.jpg,full-body clothes,339,149,216,67,440,101
12835,img/img_00079515.jpg,lower-body clothes,78,85,206,121,268,190
12836,img/img_00079518.jpg,lower-body clothes,190,192,230,38,216,26
12837,img/img_00079519.jpg,lower-body clothes,96,76,192,116,145,49
12838,img/img_00079521.jpg,lower-body clothes,79,72,168,96,197,118
12839,img/img_00079527.jpg,lower-body clothes,154,159,316,157,484,330
12840,img/img_00079529.jpg,lower-body clothes,126,120,259,139,368,242
12841,img/img_00079536.jpg,upper-body clothes,154,171,291,120,354,200
12842,img/img_00079540.jpg,upper-body clothes,147,115,316,201,238,91
12843,img/img_00079548.jpg,lower-body clothes,49,294,294,0,49,0
12844,img/img_00079559.jpg,upper-body clothes,171,173,260,87,308,137
12845,img/img_00079569.jpg,full-body clothes,300,147,229,82,433,133
12846,img/img_00079576.jpg,full-body clothes,272,54,182,128,350,78
12847,img/img_00079577.jpg,full-body clothes,203,105,216,111,282,79
12848,img/img_00079581.jpg,full-body clothes,50,92,92,0,50,0
12849,img/img_00079582.jpg,full-body clothes,191,77,174,97,248,57
12850,img/img_00079586.jpg,full-body clothes,276,63,203,140,355,79
12851,img/img_00079588.jpg,lower-body clothes,93,169,251,82,427,334
12852,img/img_00079589.jpg,lower-body clothes,82,137,323,186,441,359
12853,img/img_00079590.jpg,lower-body clothes,92,140,241,101,414,322
12854,img/img_00079591.jpg,lower-body clothes,88,171,276,105,453,365
12855,img/img_00079594.jpg,lower-body clothes,157,52,52,0,157,0
12856,img/img_00079603.jpg,lower-body clothes,97,143,222,79,403,306
12857,img/img_00079604.jpg,lower-body clothes,83,163,261,98,439,356
12858,img/img_00079606.jpg,lower-body clothes,122,170,267,97,449,327
12859,img/img_00079609.jpg,lower-body clothes,52,105,316,211,268,216
12860,img/img_00079616.jpg,lower-body clothes,32,49,119,70,135,103
12861,img/img_00079618.jpg,upper-body clothes,307,260,321,61,391,84
12862,img/img_00079622.jpg,upper-body clothes,225,440,440,0,225,0
12863,img/img_00079627.jpg,upper-body clothes,424,442,442,0,424,0
12864,img/img_00079633.jpg,full-body clothes,264,103,103,0,264,0
12865,img/img_00079640.jpg,full-body clothes,104,50,145,95,148,44
12866,img/img_00079652.jpg,upper-body clothes,328,230,297,67,500,172
12867,img/img_00079654.jpg,upper-body clothes,442,271,304,33,472,30
12868,img/img_00079659.jpg,upper-body clothes,253,188,244,56,285,32
12869,img/img_00079667.jpg,lower-body clothes,221,173,450,277,284,63
12870,img/img_00079668.jpg,lower-body clothes,375,414,414,0,375,0
12871,img/img_00079669.jpg,lower-body clothes,89,89,134,45,288,199
12872,img/img_00079673.jpg,lower-body clothes,373,498,498,0,373,0
12873,img/img_00079676.jpg,lower-body clothes,182,212,439,227,217,35
12874,img/img_00079679.jpg,full-body clothes,335,132,269,137,475,140
12875,img/img_00079681.jpg,full-body clothes,179,88,281,193,298,119
12876,img/img_00079683.jpg,full-body clothes,365,149,219,70,499,134
12877,img/img_00079687.jpg,full-body clothes,203,94,213,119,390,187
12878,img/img_00079692.jpg,lower-body clothes,179,486,501,15,292,113
12879,img/img_00079697.jpg,lower-body clothes,154,162,248,86,340,186
12880,img/img_00079703.jpg,lower-body clothes,114,95,206,111,308,194
12881,img/img_00079705.jpg,lower-body clothes,266,179,266,87,415,149
12882,img/img_00079710.jpg,upper-body clothes,135,74,237,163,323,188
12883,img/img_00079712.jpg,upper-body clothes,114,78,206,128,198,84
12884,img/img_00079714.jpg,upper-body clothes,137,108,237,129,218,81
12885,img/img_00079716.jpg,upper-body clothes,102,314,314,0,102,0
12886,img/img_00079747.jpg,upper-body clothes,134,164,164,0,134,0
12887,img/img_00079779.jpg,full-body clothes,390,68,216,148,465,75
12888,img/img_00079786.jpg,full-body clothes,368,162,326,164,499,131
12889,img/img_00079790.jpg,full-body clothes,161,91,137,46,224,63
12890,img/img_00079795.jpg,full-body clothes,271,106,286,180,409,138
12891,img/img_00079803.jpg,full-body clothes,322,159,331,172,438,116
12892,img/img_00079812.jpg,lower-body clothes,57,83,204,121,224,167
12893,img/img_00079815.jpg,lower-body clothes,276,227,227,0,276,0
12894,img/img_00079828.jpg,lower-body clothes,73,104,190,86,269,196
12895,img/img_00079831.jpg,lower-body clothes,133,186,282,96,476,343
12896,img/img_00079834.jpg,lower-body clothes,118,143,207,64,391,273
12897,img/img_00079836.jpg,lower-body clothes,115,154,224,70,407,292
12898,img/img_00079838.jpg,lower-body clothes,59,96,215,119,254,195
12899,img/img_00079843.jpg,lower-body clothes,132,128,203,75,357,225
12900,img/img_00079848.jpg,upper-body clothes,239,107,228,121,366,127
12901,img/img_00079853.jpg,upper-body clothes,221,166,254,88,344,123
12902,img/img_00079869.jpg,upper-body clothes,147,114,287,173,244,97
12903,img/img_00079877.jpg,upper-body clothes,247,122,208,86,386,139
12904,img/img_00079879.jpg,upper-body clothes,140,71,123,52,204,64
12905,img/img_00079882.jpg,upper-body clothes,64,43,137,94,113,49
12906,img/img_00079896.jpg,full-body clothes,455,264,309,45,481,26
12907,img/img_00079908.jpg,full-body clothes,238,76,165,89,319,81
12908,img/img_00079909.jpg,full-body clothes,267,152,238,86,408,141
12909,img/img_00079915.jpg,full-body clothes,198,97,139,42,292,94
12910,img/img_00079916.jpg,full-body clothes,178,43,195,152,264,86
12911,img/img_00079917.jpg,full-body clothes,226,105,137,32,311,85
12912,img/img_00079925.jpg,full-body clothes,303,159,247,88,435,132
12913,img/img_00079926.jpg,full-body clothes,221,63,190,127,315,94
12914,img/img_00079931.jpg,full-body clothes,117,61,124,63,169,52
12915,img/img_00079933.jpg,full-body clothes,315,30,171,141,409,94
12916,img/img_00079948.jpg,full-body clothes,480,245,245,0,480,0
12917,img/img_00079949.jpg,full-body clothes,441,317,317,0,441,0
12918,img/img_00079951.jpg,full-body clothes,254,298,334,36,379,125
12919,img/img_00079964.jpg,full-body clothes,379,118,283,165,491,112
12920,img/img_00079981.jpg,full-body clothes,124,210,210,0,124,0
12921,img/img_00079984.jpg,full-body clothes,182,45,120,75,220,38
12922,img/img_00079989.jpg,full-body clothes,199,51,110,59,239,40
12923,img/img_00079998.jpg,full-body clothes,357,53,193,140,484,127
12924,img/img_00079999.jpg,full-body clothes,481,327,327,0,481,0
12925,img/img_00080003.jpg,full-body clothes,336,318,346,28,449,113
12926,img/img_00080006.jpg,full-body clothes,170,198,198,0,170,0
12927,img/img_00080018.jpg,full-body clothes,349,206,279,73,470,121
12928,img/img_00080019.jpg,full-body clothes,465,467,467,0,465,0
12929,img/img_00080026.jpg,full-body clothes,449,215,302,87,502,53
12930,img/img_00080039.jpg,full-body clothes,368,161,328,167,498,130
12931,img/img_00080054.jpg,upper-body clothes,142,181,181,0,142,0
12932,img/img_00080066.jpg,lower-body clothes,77,78,174,96,318,241
12933,img/img_00080078.jpg,lower-body clothes,150,148,282,134,442,292
12934,img/img_00080079.jpg,lower-body clothes,72,95,217,122,285,213
12935,img/img_00080080.jpg,lower-body clothes,291,131,224,93,454,163
12936,img/img_00080083.jpg,full-body clothes,310,142,218,76,422,112
12937,img/img_00080094.jpg,full-body clothes,179,80,138,58,233,54
12938,img/img_00080098.jpg,full-body clothes,370,82,261,179,444,74
12939,img/img_00080101.jpg,full-body clothes,322,158,234,76,431,109
12940,img/img_00080102.jpg,full-body clothes,206,99,258,159,287,81
12941,img/img_00080106.jpg,full-body clothes,264,44,186,142,331,67
12942,img/img_00080111.jpg,full-body clothes,311,243,243,0,311,0
12943,img/img_00080112.jpg,full-body clothes,377,117,218,101,483,106
12944,img/img_00080132.jpg,full-body clothes,352,57,209,152,460,108
12945,img/img_00080134.jpg,full-body clothes,219,224,224,0,219,0
12946,img/img_00080138.jpg,lower-body clothes,147,185,251,66,465,318
12947,img/img_00080144.jpg,lower-body clothes,135,152,254,102,374,239
12948,img/img_00080145.jpg,lower-body clothes,81,111,193,82,250,169
12949,img/img_00080147.jpg,lower-body clothes,61,143,143,0,61,0
12950,img/img_00080165.jpg,full-body clothes,338,54,257,203,494,156
12951,img/img_00080175.jpg,full-body clothes,409,81,272,191,490,81
12952,img/img_00080182.jpg,full-body clothes,173,90,310,220,271,98
12953,img/img_00080183.jpg,full-body clothes,307,63,228,165,371,64
12954,img/img_00080190.jpg,upper-body clothes,87,64,123,59,153,66
12955,img/img_00080195.jpg,upper-body clothes,493,297,297,0,493,0
12956,img/img_00080197.jpg,upper-body clothes,170,101,160,59,231,61
12957,img/img_00080198.jpg,upper-body clothes,296,91,190,99,444,148
12958,img/img_00080199.jpg,upper-body clothes,204,156,285,129,340,136
12959,img/img_00080202.jpg,upper-body clothes,329,285,285,0,329,0
12960,img/img_00080205.jpg,upper-body clothes,381,106,219,113,476,95
12961,img/img_00080207.jpg,upper-body clothes,112,137,137,0,112,0
12962,img/img_00080208.jpg,upper-body clothes,226,119,257,138,369,143
12963,img/img_00080209.jpg,upper-body clothes,236,72,204,132,267,31
12964,img/img_00080211.jpg,upper-body clothes,349,169,203,34,403,54
12965,img/img_00080238.jpg,upper-body clothes,230,127,226,99,374,144
12966,img/img_00080249.jpg,upper-body clothes,186,107,203,96,275,89
12967,img/img_00080252.jpg,upper-body clothes,258,153,269,116,375,117
12968,img/img_00080254.jpg,upper-body clothes,136,57,189,132,159,23
12969,img/img_00080259.jpg,upper-body clothes,135,87,170,83,226,91
12970,img/img_00080263.jpg,upper-body clothes,57,224,224,0,57,0
12971,img/img_00080279.jpg,upper-body clothes,288,148,281,133,416,128
12972,img/img_00080286.jpg,upper-body clothes,127,39,147,108,199,72
12973,img/img_00080287.jpg,upper-body clothes,279,127,262,135,390,111
12974,img/img_00080293.jpg,upper-body clothes,273,155,267,112,406,133
12975,img/img_00080304.jpg,lower-body clothes,107,181,239,58,191,84
12976,img/img_00080328.jpg,full-body clothes,217,92,160,68,303,86
12977,img/img_00080335.jpg,full-body clothes,334,163,245,82,471,137
12978,img/img_00080338.jpg,full-body clothes,174,93,178,85,272,98
12979,img/img_00080365.jpg,lower-body clothes,210,91,217,126,427,217
12980,img/img_00080368.jpg,lower-body clothes,242,137,157,20,452,210
12981,img/img_00080370.jpg,lower-body clothes,107,43,119,76,222,115
12982,img/img_00080374.jpg,lower-body clothes,52,55,140,85,73,21
12983,img/img_00080379.jpg,lower-body clothes,178,48,135,87,314,136
12984,img/img_00080386.jpg,lower-body clothes,76,71,116,45,229,153
12985,img/img_00080401.jpg,upper-body clothes,117,208,208,0,117,0
12986,img/img_00080407.jpg,lower-body clothes,131,117,292,175,345,214
12987,img/img_00080415.jpg,upper-body clothes,186,101,150,49,266,80
12988,img/img_00080416.jpg,upper-body clothes,339,50,191,141,489,150
12989,img/img_00080421.jpg,upper-body clothes,312,87,197,110,439,127
12990,img/img_00080430.jpg,lower-body clothes,75,57,178,121,188,113
12991,img/img_00080443.jpg,lower-body clothes,192,120,217,97,435,243
12992,img/img_00080444.jpg,lower-body clothes,319,150,230,80,395,76
12993,img/img_00080446.jpg,lower-body clothes,94,33,75,42,190,96
12994,img/img_00080450.jpg,lower-body clothes,228,110,172,62,449,221
12995,img/img_00080457.jpg,lower-body clothes,199,372,372,0,199,0
12996,img/img_00080460.jpg,upper-body clothes,181,193,193,0,181,0
12997,img/img_00080465.jpg,upper-body clothes,268,118,253,135,400,132
12998,img/img_00080467.jpg,upper-body clothes,189,60,327,267,257,68
12999,img/img_00080477.jpg,upper-body clothes,434,207,207,0,434,0
13000,img/img_00080484.jpg,upper-body clothes,161,108,219,111,260,99
13001,img/img_00080490.jpg,upper-body clothes,126,94,135,41,206,80
13002,img/img_00080499.jpg,upper-body clothes,285,60,199,139,394,109
13003,img/img_00080500.jpg,upper-body clothes,190,114,178,64,276,86
13004,img/img_00080528.jpg,full-body clothes,406,69,194,125,498,92
13005,img/img_00080533.jpg,full-body clothes,289,268,268,0,289,0
13006,img/img_00080538.jpg,full-body clothes,216,119,310,191,357,141
13007,img/img_00080539.jpg,full-body clothes,246,87,168,81,308,62
13008,img/img_00080545.jpg,full-body clothes,350,107,258,151,459,109
13009,img/img_00080552.jpg,full-body clothes,345,153,245,92,467,122
13010,img/img_00080566.jpg,full-body clothes,340,170,204,34,471,131
13011,img/img_00080567.jpg,full-body clothes,358,193,258,65,486,128
13012,img/img_00080575.jpg,lower-body clothes,154,76,196,120,344,190
13013,img/img_00080596.jpg,full-body clothes,260,216,216,0,260,0
13014,img/img_00080599.jpg,full-body clothes,295,130,229,99,486,191
13015,img/img_00080607.jpg,upper-body clothes,255,174,275,101,346,91
13016,img/img_00080611.jpg,upper-body clothes,267,71,187,116,374,107
13017,img/img_00080612.jpg,upper-body clothes,132,27,162,135,189,57
13018,img/img_00080620.jpg,full-body clothes,381,144,269,125,471,90
13019,img/img_00080621.jpg,full-body clothes,229,132,132,0,229,0
13020,img/img_00080622.jpg,full-body clothes,508,252,252,0,508,0
13021,img/img_00080628.jpg,full-body clothes,247,88,182,94,307,60
13022,img/img_00080635.jpg,full-body clothes,254,139,452,313,438,184
13023,img/img_00080638.jpg,lower-body clothes,138,83,135,52,240,102
13024,img/img_00080642.jpg,lower-body clothes,290,134,395,261,470,180
13025,img/img_00080644.jpg,lower-body clothes,290,297,297,0,290,0
13026,img/img_00080663.jpg,full-body clothes,379,161,203,42,472,93
13027,img/img_00080666.jpg,full-body clothes,117,66,186,120,176,59
13028,img/img_00080669.jpg,full-body clothes,262,99,304,205,341,79
13029,img/img_00080673.jpg,full-body clothes,350,115,225,110,473,123
13030,img/img_00080676.jpg,full-body clothes,399,382,382,0,399,0
13031,img/img_00080679.jpg,full-body clothes,362,87,209,122,456,94
13032,img/img_00080697.jpg,full-body clothes,468,212,212,0,468,0
13033,img/img_00080704.jpg,lower-body clothes,314,221,221,0,314,0
13034,img/img_00080708.jpg,lower-body clothes,498,251,251,0,498,0
13035,img/img_00080715.jpg,full-body clothes,308,150,246,96,427,119
13036,img/img_00080716.jpg,full-body clothes,232,244,244,0,232,0
13037,img/img_00080725.jpg,full-body clothes,185,109,175,66,274,89
13038,img/img_00080730.jpg,full-body clothes,191,198,198,0,191,0
13039,img/img_00080732.jpg,full-body clothes,275,75,211,136,410,135
13040,img/img_00080748.jpg,upper-body clothes,117,113,204,91,193,76
13041,img/img_00080753.jpg,upper-body clothes,157,98,190,92,241,84
13042,img/img_00080757.jpg,upper-body clothes,220,87,234,147,354,134
13043,img/img_00080762.jpg,upper-body clothes,257,181,246,65,382,125
13044,img/img_00080767.jpg,upper-body clothes,172,171,234,63,316,144
13045,img/img_00080774.jpg,full-body clothes,330,220,220,0,330,0
13046,img/img_00080787.jpg,upper-body clothes,187,175,175,0,187,0
13047,img/img_00080796.jpg,upper-body clothes,107,62,123,61,164,57
13048,img/img_00080798.jpg,upper-body clothes,92,84,211,127,178,86
13049,img/img_00080804.jpg,upper-body clothes,177,74,176,102,266,89
13050,img/img_00080807.jpg,upper-body clothes,141,168,280,112,287,146
13051,img/img_00080810.jpg,full-body clothes,192,80,233,153,267,75
13052,img/img_00080813.jpg,full-body clothes,133,73,136,63,178,45
13053,img/img_00080817.jpg,full-body clothes,217,119,159,40,292,75
13054,img/img_00080822.jpg,full-body clothes,276,157,209,52,383,107
13055,img/img_00080827.jpg,full-body clothes,190,103,197,94,267,77
13056,img/img_00080834.jpg,full-body clothes,310,107,188,81,427,117
13057,img/img_00080835.jpg,full-body clothes,200,110,168,58,282,82
13058,img/img_00080837.jpg,full-body clothes,302,107,210,103,414,112
13059,img/img_00080843.jpg,full-body clothes,343,83,164,81,470,127
13060,img/img_00080846.jpg,lower-body clothes,112,110,139,29,118,6
13061,img/img_00080858.jpg,lower-body clothes,70,111,238,127,264,194
13062,img/img_00080862.jpg,full-body clothes,196,32,101,69,235,39
13063,img/img_00080872.jpg,full-body clothes,173,62,114,52,224,51
13064,img/img_00080873.jpg,full-body clothes,232,51,172,121,289,57
13065,img/img_00080874.jpg,full-body clothes,172,53,109,56,217,45
13066,img/img_00080884.jpg,upper-body clothes,367,201,290,89,481,114
13067,img/img_00080885.jpg,upper-body clothes,244,146,224,78,331,87
13068,img/img_00080899.jpg,full-body clothes,340,215,280,65,457,117
13069,img/img_00080906.jpg,full-body clothes,129,89,187,98,175,46
13070,img/img_00080908.jpg,full-body clothes,187,110,252,142,310,123
13071,img/img_00080913.jpg,lower-body clothes,109,92,243,151,297,188
13072,img/img_00080921.jpg,lower-body clothes,100,85,247,162,278,178
13073,img/img_00080932.jpg,upper-body clothes,287,130,130,0,287,0
13074,img/img_00080936.jpg,lower-body clothes,112,149,213,64,374,262
13075,img/img_00080943.jpg,lower-body clothes,122,185,279,94,308,186
13076,img/img_00080952.jpg,lower-body clothes,174,142,240,98,489,315
13077,img/img_00080958.jpg,full-body clothes,193,71,178,107,260,67
13078,img/img_00080959.jpg,full-body clothes,346,285,285,0,346,0
13079,img/img_00080961.jpg,full-body clothes,226,104,172,68,297,71
13080,img/img_00080979.jpg,upper-body clothes,247,54,228,174,364,117
13081,img/img_00080981.jpg,upper-body clothes,200,137,210,73,346,146
13082,img/img_00080988.jpg,upper-body clothes,133,165,165,0,133,0
13083,img/img_00080998.jpg,upper-body clothes,134,64,133,69,208,74
13084,img/img_00081001.jpg,full-body clothes,175,86,150,64,305,130
13085,img/img_00081002.jpg,full-body clothes,298,157,246,89,310,12
13086,img/img_00081003.jpg,full-body clothes,179,88,200,112,254,75
13087,img/img_00081016.jpg,full-body clothes,253,125,168,43,387,134
13088,img/img_00081019.jpg,full-body clothes,157,79,163,84,221,64
13089,img/img_00081024.jpg,lower-body clothes,124,100,322,222,190,66
13090,img/img_00081032.jpg,lower-body clothes,230,139,255,116,255,25
13091,img/img_00081041.jpg,upper-body clothes,236,272,287,15,291,55
13092,img/img_00081047.jpg,lower-body clothes,339,114,304,190,382,43
13093,img/img_00081057.jpg,lower-body clothes,466,318,318,0,466,0
13094,img/img_00081060.jpg,lower-body clothes,234,93,249,156,454,220
13095,img/img_00081065.jpg,lower-body clothes,373,118,328,210,460,87
13096,img/img_00081072.jpg,lower-body clothes,276,92,204,112,286,10
13097,img/img_00081073.jpg,lower-body clothes,217,82,193,111,398,181
13098,img/img_00081076.jpg,lower-body clothes,375,110,225,115,401,26
13099,img/img_00081078.jpg,lower-body clothes,225,84,214,130,253,28
13100,img/img_00081084.jpg,upper-body clothes,179,123,181,58,291,112
13101,img/img_00081088.jpg,upper-body clothes,155,157,202,45,228,73
13102,img/img_00081096.jpg,lower-body clothes,140,96,312,216,408,268
13103,img/img_00081097.jpg,lower-body clothes,142,299,310,11,203,61
13104,img/img_00081106.jpg,lower-body clothes,201,16,192,176,255,54
13105,img/img_00081126.jpg,lower-body clothes,224,88,231,143,439,215
13106,img/img_00081133.jpg,upper-body clothes,276,333,333,0,276,0
13107,img/img_00081135.jpg,upper-body clothes,284,155,208,53,400,116
13108,img/img_00081138.jpg,upper-body clothes,297,142,238,96,467,170
13109,img/img_00081139.jpg,upper-body clothes,257,199,274,75,410,153
13110,img/img_00081142.jpg,upper-body clothes,224,233,253,20,399,175
13111,img/img_00081143.jpg,upper-body clothes,193,137,222,85,354,161
13112,img/img_00081149.jpg,upper-body clothes,103,70,439,369,174,71
13113,img/img_00081159.jpg,upper-body clothes,264,184,257,73,442,178
13114,img/img_00081161.jpg,upper-body clothes,94,163,163,0,94,0
13115,img/img_00081173.jpg,lower-body clothes,231,74,178,104,435,204
13116,img/img_00081180.jpg,lower-body clothes,126,54,138,84,263,137
13117,img/img_00081189.jpg,lower-body clothes,252,103,253,150,433,181
13118,img/img_00081190.jpg,lower-body clothes,155,44,303,259,292,137
13119,img/img_00081193.jpg,lower-body clothes,411,127,231,104,427,16
13120,img/img_00081195.jpg,lower-body clothes,157,64,190,126,295,138
13121,img/img_00081201.jpg,lower-body clothes,373,140,206,66,390,17
13122,img/img_00081203.jpg,lower-body clothes,391,468,468,0,391,0
13123,img/img_00081205.jpg,upper-body clothes,100,51,304,253,244,144
13124,img/img_00081208.jpg,upper-body clothes,117,46,283,237,331,214
13125,img/img_00081215.jpg,upper-body clothes,123,64,134,70,137,14
13126,img/img_00081216.jpg,upper-body clothes,313,220,331,111,471,158
13127,img/img_00081230.jpg,upper-body clothes,183,82,178,96,263,80
13128,img/img_00081245.jpg,upper-body clothes,320,84,181,97,453,133
13129,img/img_00081253.jpg,upper-body clothes,220,107,165,58,300,80
13130,img/img_00081255.jpg,upper-body clothes,267,61,175,114,417,150
13131,img/img_00081259.jpg,upper-body clothes,325,225,307,82,450,125
13132,img/img_00081260.jpg,upper-body clothes,196,121,166,45,294,98
13133,img/img_00081263.jpg,upper-body clothes,116,77,111,34,174,58
13134,img/img_00081273.jpg,full-body clothes,135,64,140,76,179,44
13135,img/img_00081280.jpg,full-body clothes,363,238,238,0,363,0
13136,img/img_00081281.jpg,upper-body clothes,105,141,141,0,105,0
13137,img/img_00081284.jpg,upper-body clothes,322,299,299,0,322,0
13138,img/img_00081291.jpg,upper-body clothes,204,144,238,94,381,177
13139,img/img_00081300.jpg,upper-body clothes,478,419,419,0,478,0
13140,img/img_00081304.jpg,upper-body clothes,388,461,461,0,388,0
13141,img/img_00081306.jpg,upper-body clothes,255,138,179,41,341,86
13142,img/img_00081309.jpg,upper-body clothes,310,163,257,94,433,123
13143,img/img_00081313.jpg,upper-body clothes,183,107,258,151,261,78
13144,img/img_00081319.jpg,upper-body clothes,197,103,219,116,280,83
13145,img/img_00081331.jpg,upper-body clothes,474,224,224,0,474,0
13146,img/img_00081340.jpg,full-body clothes,357,235,235,0,357,0
13147,img/img_00081341.jpg,full-body clothes,217,126,232,106,296,79
13148,img/img_00081343.jpg,full-body clothes,222,135,224,89,298,76
13149,img/img_00081350.jpg,upper-body clothes,428,200,200,0,428,0
13150,img/img_00081360.jpg,full-body clothes,353,193,298,105,459,106
13151,img/img_00081362.jpg,full-body clothes,248,141,249,108,265,17
13152,img/img_00081374.jpg,upper-body clothes,240,139,224,85,304,64
13153,img/img_00081378.jpg,upper-body clothes,406,231,289,58,476,70
13154,img/img_00081386.jpg,full-body clothes,275,202,254,52,356,81
13155,img/img_00081393.jpg,upper-body clothes,257,180,180,0,257,0
13156,img/img_00081398.jpg,upper-body clothes,326,225,225,0,326,0
13157,img/img_00081399.jpg,upper-body clothes,350,193,261,68,501,151
13158,img/img_00081409.jpg,full-body clothes,135,25,141,116,195,60
13159,img/img_00081411.jpg,full-body clothes,357,116,225,109,485,128
13160,img/img_00081414.jpg,full-body clothes,95,47,126,79,143,48
13161,img/img_00081418.jpg,full-body clothes,181,75,140,65,246,65
13162,img/img_00081422.jpg,full-body clothes,185,71,153,82,242,57
13163,img/img_00081425.jpg,full-body clothes,244,87,226,139,335,91
13164,img/img_00081426.jpg,full-body clothes,354,126,260,134,465,111
13165,img/img_00081442.jpg,full-body clothes,346,164,239,75,412,66
13166,img/img_00081448.jpg,full-body clothes,300,191,191,0,300,0
13167,img/img_00081464.jpg,upper-body clothes,150,53,188,135,186,36
13168,img/img_00081478.jpg,full-body clothes,255,52,147,95,310,55
13169,img/img_00081483.jpg,full-body clothes,152,103,156,53,211,59
13170,img/img_00081486.jpg,full-body clothes,315,235,235,0,315,0
13171,img/img_00081488.jpg,full-body clothes,297,141,214,73,419,122
13172,img/img_00081489.jpg,full-body clothes,206,143,174,31,299,93
13173,img/img_00081494.jpg,lower-body clothes,76,126,319,193,338,262
13174,img/img_00081502.jpg,lower-body clothes,59,95,141,46,225,166
13175,img/img_00081504.jpg,lower-body clothes,123,137,262,125,384,261
13176,img/img_00081508.jpg,lower-body clothes,143,68,195,127,401,258
13177,img/img_00081515.jpg,lower-body clothes,36,58,296,238,176,140
13178,img/img_00081516.jpg,lower-body clothes,91,134,229,95,373,282
13179,img/img_00081523.jpg,upper-body clothes,322,284,371,87,390,68
13180,img/img_00081526.jpg,upper-body clothes,88,296,296,0,88,0
13181,img/img_00081545.jpg,full-body clothes,201,98,224,126,313,112
13182,img/img_00081563.jpg,lower-body clothes,101,144,177,33,332,231
13183,img/img_00081566.jpg,lower-body clothes,147,12,142,130,212,65
13184,img/img_00081567.jpg,lower-body clothes,173,233,481,248,298,125
13185,img/img_00081568.jpg,lower-body clothes,181,221,264,43,235,54
13186,img/img_00081583.jpg,upper-body clothes,156,89,89,0,156,0
13187,img/img_00081606.jpg,full-body clothes,364,153,222,69,485,121
13188,img/img_00081609.jpg,full-body clothes,189,66,110,44,268,79
13189,img/img_00081613.jpg,full-body clothes,354,104,235,131,472,118
13190,img/img_00081615.jpg,full-body clothes,247,127,215,88,326,79
13191,img/img_00081618.jpg,upper-body clothes,184,127,381,254,267,83
13192,img/img_00081620.jpg,upper-body clothes,85,60,143,83,100,15
13193,img/img_00081622.jpg,full-body clothes,295,195,268,73,396,101
13194,img/img_00081629.jpg,full-body clothes,111,61,175,114,158,47
13195,img/img_00081638.jpg,full-body clothes,254,53,166,113,337,83
13196,img/img_00081640.jpg,full-body clothes,235,92,168,76,412,177
13197,img/img_00081649.jpg,full-body clothes,161,54,100,46,203,42
13198,img/img_00081650.jpg,full-body clothes,367,62,205,143,497,130
13199,img/img_00081651.jpg,full-body clothes,175,72,138,66,229,54
13200,img/img_00081662.jpg,full-body clothes,234,79,158,79,317,83
13201,img/img_00081672.jpg,full-body clothes,183,17,97,80,216,33
13202,img/img_00081678.jpg,full-body clothes,332,74,156,82,436,104
13203,img/img_00081679.jpg,full-body clothes,440,230,230,0,440,0
13204,img/img_00081687.jpg,upper-body clothes,280,81,199,118,425,145
13205,img/img_00081714.jpg,lower-body clothes,185,72,422,350,437,252
13206,img/img_00081718.jpg,lower-body clothes,267,74,361,287,488,221
13207,img/img_00081725.jpg,lower-body clothes,233,69,200,131,443,210
13208,img/img_00081728.jpg,lower-body clothes,100,45,101,56,108,8
13209,img/img_00081732.jpg,lower-body clothes,243,268,398,130,475,232
13210,img/img_00081734.jpg,upper-body clothes,62,156,156,0,62,0
13211,img/img_00081735.jpg,upper-body clothes,168,190,210,20,221,53
13212,img/img_00081738.jpg,lower-body clothes,86,71,133,62,95,9
13213,img/img_00081758.jpg,full-body clothes,202,90,439,349,331,129
13214,img/img_00081759.jpg,full-body clothes,241,43,220,177,317,76
13215,img/img_00081767.jpg,upper-body clothes,68,149,149,0,68,0
13216,img/img_00081793.jpg,lower-body clothes,158,104,235,131,351,193
13217,img/img_00081801.jpg,lower-body clothes,188,111,183,72,410,222
13218,img/img_00081805.jpg,lower-body clothes,177,113,113,0,177,0
13219,img/img_00081813.jpg,lower-body clothes,118,123,195,72,366,248
13220,img/img_00081815.jpg,lower-body clothes,252,84,195,111,456,204
13221,img/img_00081817.jpg,lower-body clothes,40,43,111,68,150,110
13222,img/img_00081829.jpg,upper-body clothes,229,192,305,113,396,167
13223,img/img_00081840.jpg,lower-body clothes,227,93,240,147,460,233
13224,img/img_00081851.jpg,lower-body clothes,210,78,293,215,425,215
13225,img/img_00081858.jpg,lower-body clothes,252,102,175,73,284,32
13226,img/img_00081859.jpg,lower-body clothes,243,275,275,0,243,0
13227,img/img_00081861.jpg,lower-body clothes,114,52,145,93,251,137
13228,img/img_00081882.jpg,upper-body clothes,377,234,346,112,418,41
13229,img/img_00081892.jpg,lower-body clothes,304,62,266,204,317,13
13230,img/img_00081896.jpg,lower-body clothes,218,82,497,415,297,79
13231,img/img_00081898.jpg,lower-body clothes,215,101,309,208,462,247
13232,img/img_00081905.jpg,lower-body clothes,147,90,231,141,333,186
13233,img/img_00081917.jpg,upper-body clothes,133,95,249,154,224,91
13234,img/img_00081939.jpg,full-body clothes,264,132,243,111,346,82
13235,img/img_00081940.jpg,full-body clothes,272,106,181,75,350,78
13236,img/img_00081941.jpg,full-body clothes,261,133,260,127,296,35
13237,img/img_00081943.jpg,full-body clothes,352,104,249,145,426,74
13238,img/img_00081956.jpg,lower-body clothes,147,67,191,124,283,136
13239,img/img_00081966.jpg,upper-body clothes,262,234,271,37,485,223
13240,img/img_00081968.jpg,upper-body clothes,290,161,257,96,432,142
13241,img/img_00081969.jpg,upper-body clothes,243,144,190,46,353,110
13242,img/img_00081970.jpg,upper-body clothes,472,340,340,0,472,0
13243,img/img_00081974.jpg,upper-body clothes,237,139,139,0,237,0
13244,img/img_00081978.jpg,upper-body clothes,178,98,156,58,208,30
13245,img/img_00081988.jpg,full-body clothes,371,93,240,147,484,113
13246,img/img_00081990.jpg,full-body clothes,191,98,211,113,318,127
13247,img/img_00081991.jpg,full-body clothes,246,83,130,47,331,85
13248,img/img_00082000.jpg,lower-body clothes,80,94,194,100,102,22
13249,img/img_00082005.jpg,lower-body clothes,57,81,189,108,85,28
13250,img/img_00082007.jpg,lower-body clothes,125,155,339,184,160,35
13251,img/img_00082018.jpg,full-body clothes,289,110,244,134,410,121
13252,img/img_00082029.jpg,lower-body clothes,159,151,478,327,451,292
13253,img/img_00082040.jpg,upper-body clothes,222,52,175,123,307,85
13254,img/img_00082048.jpg,upper-body clothes,186,113,215,102,285,99
13255,img/img_00082052.jpg,upper-body clothes,490,270,270,0,490,0
13256,img/img_00082058.jpg,full-body clothes,143,80,148,68,203,60
13257,img/img_00082059.jpg,full-body clothes,418,209,301,92,467,49
13258,img/img_00082064.jpg,full-body clothes,193,102,189,87,274,81
13259,img/img_00082070.jpg,upper-body clothes,58,53,183,130,122,64
13260,img/img_00082074.jpg,upper-body clothes,237,116,211,95,372,135
13261,img/img_00082082.jpg,upper-body clothes,107,115,204,89,203,96
13262,img/img_00082084.jpg,full-body clothes,368,211,311,100,490,122
13263,img/img_00082097.jpg,lower-body clothes,237,109,292,183,455,218
13264,img/img_00082102.jpg,lower-body clothes,244,79,323,244,440,196
13265,img/img_00082104.jpg,lower-body clothes,237,104,161,57,444,207
13266,img/img_00082106.jpg,lower-body clothes,428,136,402,266,469,41
13267,img/img_00082122.jpg,full-body clothes,452,324,324,0,452,0
13268,img/img_00082128.jpg,upper-body clothes,415,259,376,117,472,57
13269,img/img_00082137.jpg,lower-body clothes,109,137,200,63,211,102
13270,img/img_00082138.jpg,lower-body clothes,239,126,364,238,280,41
13271,img/img_00082169.jpg,upper-body clothes,265,219,219,0,265,0
13272,img/img_00082172.jpg,lower-body clothes,136,33,136,103,277,141
13273,img/img_00082175.jpg,lower-body clothes,282,87,233,146,449,167
13274,img/img_00082183.jpg,lower-body clothes,223,89,256,167,449,226
13275,img/img_00082186.jpg,lower-body clothes,498,150,246,96,506,8
13276,img/img_00082187.jpg,lower-body clothes,410,21,190,169,434,24
13277,img/img_00082188.jpg,lower-body clothes,409,438,438,0,409,0
13278,img/img_00082191.jpg,lower-body clothes,480,243,243,0,480,0
13279,img/img_00082196.jpg,lower-body clothes,321,144,232,88,325,4
13280,img/img_00082198.jpg,lower-body clothes,240,101,128,27,243,3
13281,img/img_00082216.jpg,lower-body clothes,247,129,129,0,247,0
13282,img/img_00082217.jpg,lower-body clothes,445,175,175,0,445,0
13283,img/img_00082228.jpg,lower-body clothes,31,150,150,0,31,0
13284,img/img_00082234.jpg,upper-body clothes,184,96,260,164,294,110
13285,img/img_00082240.jpg,upper-body clothes,217,137,301,164,350,133
13286,img/img_00082242.jpg,upper-body clothes,111,77,131,54,179,68
13287,img/img_00082247.jpg,lower-body clothes,107,159,268,109,124,17
13288,img/img_00082248.jpg,lower-body clothes,95,111,111,0,95,0
13289,img/img_00082259.jpg,lower-body clothes,101,117,175,58,292,191
13290,img/img_00082267.jpg,lower-body clothes,251,88,157,69,311,60
13291,img/img_00082271.jpg,lower-body clothes,100,77,124,47,236,136
13292,img/img_00082272.jpg,lower-body clothes,416,181,287,106,423,7
13293,img/img_00082275.jpg,lower-body clothes,232,55,170,115,400,168
13294,img/img_00082276.jpg,lower-body clothes,222,103,223,120,397,175
13295,img/img_00082278.jpg,lower-body clothes,136,48,176,128,283,147
13296,img/img_00082280.jpg,lower-body clothes,370,172,283,111,395,25
13297,img/img_00082281.jpg,lower-body clothes,262,103,185,82,456,194
13298,img/img_00082283.jpg,lower-body clothes,162,62,144,82,307,145
13299,img/img_00082284.jpg,lower-body clothes,196,58,200,142,422,226
13300,img/img_00082288.jpg,lower-body clothes,185,55,217,162,406,221
13301,img/img_00082292.jpg,lower-body clothes,176,64,123,59,204,28
13302,img/img_00082295.jpg,lower-body clothes,202,185,496,311,245,43
13303,img/img_00082306.jpg,upper-body clothes,175,130,219,89,262,87
13304,img/img_00082308.jpg,upper-body clothes,476,237,237,0,476,0
13305,img/img_00082310.jpg,upper-body clothes,193,88,156,68,296,103
13306,img/img_00082313.jpg,upper-body clothes,334,202,271,69,486,152
13307,img/img_00082324.jpg,upper-body clothes,217,129,182,53,265,48
13308,img/img_00082325.jpg,upper-body clothes,308,197,269,72,447,139
13309,img/img_00082327.jpg,upper-body clothes,269,187,253,66,423,154
13310,img/img_00082331.jpg,upper-body clothes,240,228,296,68,365,125
13311,img/img_00082344.jpg,upper-body clothes,271,189,301,112,420,149
13312,img/img_00082356.jpg,lower-body clothes,265,46,200,154,456,191
13313,img/img_00082357.jpg,lower-body clothes,408,168,287,119,435,27
13314,img/img_00082359.jpg,lower-body clothes,198,81,414,333,435,237
13315,img/img_00082365.jpg,lower-body clothes,283,108,151,43,305,22
13316,img/img_00082373.jpg,lower-body clothes,255,67,175,108,258,3
13317,img/img_00082391.jpg,upper-body clothes,158,106,208,102,243,85
13318,img/img_00082412.jpg,upper-body clothes,286,96,213,117,395,109
13319,img/img_00082414.jpg,upper-body clothes,273,79,236,157,389,116
13320,img/img_00082415.jpg,upper-body clothes,116,448,448,0,116,0
13321,img/img_00082425.jpg,upper-body clothes,307,173,245,72,355,48
13322,img/img_00082426.jpg,upper-body clothes,404,204,204,0,404,0
13323,img/img_00082431.jpg,upper-body clothes,198,315,315,0,198,0
13324,img/img_00082437.jpg,upper-body clothes,77,40,67,27,92,15
13325,img/img_00082447.jpg,upper-body clothes,332,222,311,89,482,150
13326,img/img_00082450.jpg,upper-body clothes,262,157,221,64,362,100
13327,img/img_00082451.jpg,upper-body clothes,442,183,316,133,462,20
13328,img/img_00082457.jpg,upper-body clothes,308,180,318,138,435,127
13329,img/img_00082462.jpg,upper-body clothes,345,207,279,72,451,106
13330,img/img_00082467.jpg,upper-body clothes,219,351,351,0,219,0
13331,img/img_00082483.jpg,lower-body clothes,207,78,203,125,406,199
13332,img/img_00082486.jpg,lower-body clothes,136,79,244,165,295,159
13333,img/img_00082495.jpg,lower-body clothes,320,335,335,0,320,0
13334,img/img_00082497.jpg,full-body clothes,220,99,151,52,298,78
13335,img/img_00082500.jpg,full-body clothes,394,68,167,99,497,103
13336,img/img_00082502.jpg,full-body clothes,230,222,222,0,230,0
13337,img/img_00082504.jpg,upper-body clothes,245,256,256,0,245,0
13338,img/img_00082513.jpg,upper-body clothes,285,201,298,97,441,156
13339,img/img_00082515.jpg,upper-body clothes,294,156,156,0,294,0
13340,img/img_00082518.jpg,upper-body clothes,223,76,280,204,328,105
13341,img/img_00082519.jpg,upper-body clothes,144,64,207,143,255,111
13342,img/img_00082523.jpg,upper-body clothes,500,188,188,0,500,0
13343,img/img_00082528.jpg,upper-body clothes,313,210,308,98,476,163
13344,img/img_00082529.jpg,upper-body clothes,291,76,253,177,432,141
13345,img/img_00082531.jpg,upper-body clothes,210,73,138,65,323,113
13346,img/img_00082544.jpg,upper-body clothes,485,349,349,0,485,0
13347,img/img_00082549.jpg,upper-body clothes,317,121,200,79,470,153
13348,img/img_00082553.jpg,upper-body clothes,240,160,234,74,361,121
13349,img/img_00082560.jpg,upper-body clothes,214,63,175,112,293,79
13350,img/img_00082567.jpg,upper-body clothes,315,217,261,44,478,163
13351,img/img_00082571.jpg,upper-body clothes,158,82,152,70,229,71
13352,img/img_00082575.jpg,upper-body clothes,278,204,313,109,479,201
13353,img/img_00082576.jpg,upper-body clothes,99,70,122,52,161,62
13354,img/img_00082581.jpg,upper-body clothes,326,179,292,113,442,116
13355,img/img_00082600.jpg,lower-body clothes,69,64,193,129,267,198
13356,img/img_00082602.jpg,lower-body clothes,94,29,187,158,128,34
13357,img/img_00082614.jpg,lower-body clothes,32,54,108,54,64,32
13358,img/img_00082616.jpg,lower-body clothes,113,158,230,72,184,71
13359,img/img_00082628.jpg,lower-body clothes,216,80,144,64,413,197
13360,img/img_00082632.jpg,lower-body clothes,253,83,217,134,441,188
13361,img/img_00082633.jpg,lower-body clothes,242,101,219,118,452,210
13362,img/img_00082636.jpg,lower-body clothes,64,12,37,25,66,2
13363,img/img_00082639.jpg,lower-body clothes,234,116,277,161,450,216
13364,img/img_00082644.jpg,lower-body clothes,259,31,202,171,460,201
13365,img/img_00082655.jpg,upper-body clothes,219,319,319,0,219,0
13366,img/img_00082660.jpg,lower-body clothes,265,33,168,135,272,7
13367,img/img_00082661.jpg,lower-body clothes,372,139,277,138,408,36
13368,img/img_00082665.jpg,lower-body clothes,147,21,116,95,256,109
13369,img/img_00082667.jpg,lower-body clothes,269,83,206,123,381,112
13370,img/img_00082671.jpg,lower-body clothes,368,124,260,136,410,42
13371,img/img_00082676.jpg,upper-body clothes,275,214,315,101,413,138
13372,img/img_00082683.jpg,upper-body clothes,318,271,271,0,318,0
13373,img/img_00082697.jpg,lower-body clothes,263,93,178,85,301,38
13374,img/img_00082704.jpg,upper-body clothes,108,84,173,89,222,114
13375,img/img_00082708.jpg,upper-body clothes,192,81,196,115,283,91
13376,img/img_00082715.jpg,upper-body clothes,189,225,288,63,360,171
13377,img/img_00082724.jpg,upper-body clothes,59,21,21,0,59,0
13378,img/img_00082725.jpg,upper-body clothes,275,30,254,224,379,104
13379,img/img_00082731.jpg,upper-body clothes,188,96,247,151,256,68
13380,img/img_00082738.jpg,upper-body clothes,198,169,245,76,270,72
13381,img/img_00082742.jpg,upper-body clothes,252,180,284,104,384,132
13382,img/img_00082753.jpg,lower-body clothes,103,67,246,179,254,151
13383,img/img_00082755.jpg,lower-body clothes,191,73,201,128,385,194
13384,img/img_00082756.jpg,lower-body clothes,176,68,191,123,350,174
13385,img/img_00082758.jpg,lower-body clothes,123,60,195,135,245,122
13386,img/img_00082764.jpg,lower-body clothes,162,97,266,169,356,194
13387,img/img_00082771.jpg,lower-body clothes,147,89,178,89,153,6
13388,img/img_00082772.jpg,full-body clothes,350,187,278,91,464,114
13389,img/img_00082787.jpg,full-body clothes,244,125,271,146,312,68
13390,img/img_00082790.jpg,full-body clothes,285,282,282,0,285,0
13391,img/img_00082792.jpg,full-body clothes,201,116,302,186,324,123
13392,img/img_00082794.jpg,full-body clothes,332,114,237,123,424,92
13393,img/img_00082808.jpg,lower-body clothes,326,126,226,100,363,37
13394,img/img_00082812.jpg,lower-body clothes,185,75,135,60,202,17
13395,img/img_00082816.jpg,lower-body clothes,245,97,229,132,435,190
13396,img/img_00082823.jpg,upper-body clothes,107,78,184,106,245,138
13397,img/img_00082827.jpg,upper-body clothes,200,60,120,60,270,70
13398,img/img_00082831.jpg,full-body clothes,350,135,236,101,473,123
13399,img/img_00082832.jpg,full-body clothes,200,96,197,101,267,67
13400,img/img_00082847.jpg,full-body clothes,302,357,357,0,302,0
13401,img/img_00082867.jpg,upper-body clothes,185,130,219,89,265,80
13402,img/img_00082878.jpg,full-body clothes,157,74,149,75,212,55
13403,img/img_00082881.jpg,full-body clothes,121,66,192,126,167,46
13404,img/img_00082883.jpg,full-body clothes,178,103,216,113,264,86
13405,img/img_00082885.jpg,full-body clothes,464,304,304,0,464,0
13406,img/img_00082888.jpg,full-body clothes,388,305,305,0,388,0
13407,img/img_00082905.jpg,lower-body clothes,309,114,193,79,338,29
13408,img/img_00082906.jpg,lower-body clothes,379,99,217,118,385,6
13409,img/img_00082907.jpg,lower-body clothes,246,104,230,126,442,196
13410,img/img_00082923.jpg,lower-body clothes,265,103,226,123,447,182
13411,img/img_00082927.jpg,lower-body clothes,237,28,272,244,413,176
13412,img/img_00082928.jpg,lower-body clothes,408,154,254,100,417,9
13413,img/img_00082931.jpg,lower-body clothes,164,82,159,77,342,178
13414,img/img_00082932.jpg,lower-body clothes,397,40,168,128,416,19
13415,img/img_00082952.jpg,lower-body clothes,262,94,153,59,424,162
13416,img/img_00082954.jpg,lower-body clothes,263,103,128,25,420,157
13417,img/img_00082957.jpg,lower-body clothes,492,188,353,165,505,13
13418,img/img_00082964.jpg,lower-body clothes,311,126,320,194,370,59
13419,img/img_00082966.jpg,upper-body clothes,428,240,346,106,479,51
13420,img/img_00082978.jpg,lower-body clothes,193,67,197,130,398,205
13421,img/img_00082981.jpg,lower-body clothes,138,56,77,21,272,134
13422,img/img_00082988.jpg,lower-body clothes,164,72,190,118,366,202
13423,img/img_00082991.jpg,lower-body clothes,173,97,311,214,403,230
13424,img/img_00083007.jpg,lower-body clothes,107,175,334,159,322,215
13425,img/img_00083011.jpg,lower-body clothes,197,94,211,117,392,195
13426,img/img_00083016.jpg,upper-body clothes,280,344,344,0,280,0
13427,img/img_00083019.jpg,upper-body clothes,272,332,332,0,272,0
13428,img/img_00083037.jpg,upper-body clothes,204,110,308,198,328,124
13429,img/img_00083051.jpg,lower-body clothes,123,117,184,67,323,200
13430,img/img_00083056.jpg,lower-body clothes,91,97,208,111,288,197
13431,img/img_00083059.jpg,lower-body clothes,216,147,276,129,489,273
13432,img/img_00083070.jpg,upper-body clothes,306,265,334,69,463,157
13433,img/img_00083085.jpg,upper-body clothes,271,194,194,0,271,0
13434,img/img_00083089.jpg,upper-body clothes,135,94,424,330,216,81
13435,img/img_00083095.jpg,lower-body clothes,193,146,286,140,448,255
13436,img/img_00083098.jpg,lower-body clothes,215,73,233,160,450,235
13437,img/img_00083109.jpg,lower-body clothes,335,123,235,112,391,56
13438,img/img_00083117.jpg,lower-body clothes,128,59,203,144,383,255
13439,img/img_00083120.jpg,lower-body clothes,201,62,128,66,208,7
13440,img/img_00083123.jpg,lower-body clothes,245,87,211,124,461,216
13441,img/img_00083131.jpg,upper-body clothes,281,107,143,36,390,109
13442,img/img_00083138.jpg,upper-body clothes,256,121,136,15,342,86
13443,img/img_00083157.jpg,lower-body clothes,407,106,199,93,451,44
13444,img/img_00083161.jpg,lower-body clothes,414,18,163,145,444,30
13445,img/img_00083176.jpg,full-body clothes,249,155,188,33,332,83
13446,img/img_00083177.jpg,full-body clothes,337,116,217,101,472,135
13447,img/img_00083182.jpg,full-body clothes,294,170,303,133,393,99
13448,img/img_00083187.jpg,full-body clothes,387,184,184,0,387,0
13449,img/img_00083189.jpg,full-body clothes,372,320,320,0,372,0
13450,img/img_00083197.jpg,upper-body clothes,228,131,250,119,359,131
13451,img/img_00083201.jpg,upper-body clothes,319,97,250,153,448,129
13452,img/img_00083214.jpg,full-body clothes,336,177,256,79,484,148
13453,img/img_00083215.jpg,full-body clothes,324,92,214,122,448,124
13454,img/img_00083226.jpg,full-body clothes,324,160,228,68,428,104
13455,img/img_00083229.jpg,full-body clothes,346,147,251,104,467,121
13456,img/img_00083230.jpg,full-body clothes,343,206,285,79,446,103
13457,img/img_00083231.jpg,upper-body clothes,203,129,221,92,370,167
13458,img/img_00083245.jpg,upper-body clothes,190,163,163,0,190,0
13459,img/img_00083270.jpg,upper-body clothes,153,104,197,93,265,112
13460,img/img_00083271.jpg,upper-body clothes,277,141,254,113,429,152
13461,img/img_00083273.jpg,upper-body clothes,506,276,276,0,506,0
13462,img/img_00083283.jpg,full-body clothes,207,108,215,107,292,85
13463,img/img_00083285.jpg,full-body clothes,328,183,261,78,437,109
13464,img/img_00083287.jpg,full-body clothes,225,126,179,53,292,67
13465,img/img_00083296.jpg,full-body clothes,333,203,269,66,443,110
13466,img/img_00083297.jpg,full-body clothes,223,168,206,38,308,85
13467,img/img_00083315.jpg,upper-body clothes,317,140,192,52,439,122
13468,img/img_00083329.jpg,upper-body clothes,152,68,150,82,221,69
13469,img/img_00083332.jpg,upper-body clothes,65,297,297,0,65,0
13470,img/img_00083336.jpg,upper-body clothes,126,150,150,0,126,0
13471,img/img_00083343.jpg,upper-body clothes,107,241,241,0,107,0
13472,img/img_00083352.jpg,full-body clothes,365,161,250,89,476,111
13473,img/img_00083353.jpg,full-body clothes,355,99,228,129,480,125
13474,img/img_00083365.jpg,full-body clothes,143,53,175,122,221,78
13475,img/img_00083411.jpg,full-body clothes,296,184,236,52,391,95
13476,img/img_00083418.jpg,upper-body clothes,149,69,420,351,243,94
13477,img/img_00083431.jpg,upper-body clothes,336,231,231,0,336,0
13478,img/img_00083439.jpg,full-body clothes,367,196,304,108,409,42
13479,img/img_00083441.jpg,full-body clothes,335,187,266,79,489,154
13480,img/img_00083442.jpg,full-body clothes,386,416,416,0,386,0
13481,img/img_00083446.jpg,full-body clothes,181,109,158,49,197,16
13482,img/img_00083453.jpg,full-body clothes,284,62,176,114,339,55
13483,img/img_00083456.jpg,full-body clothes,385,78,214,136,467,82
13484,img/img_00083457.jpg,full-body clothes,181,104,207,103,257,76
13485,img/img_00083461.jpg,full-body clothes,113,59,137,78,161,48
13486,img/img_00083471.jpg,upper-body clothes,330,135,234,99,440,110
13487,img/img_00083472.jpg,upper-body clothes,307,224,287,63,484,177
13488,img/img_00083473.jpg,full-body clothes,296,279,279,0,296,0
13489,img/img_00083481.jpg,full-body clothes,60,103,103,0,60,0
13490,img/img_00083486.jpg,full-body clothes,344,205,279,74,493,149
13491,img/img_00083489.jpg,full-body clothes,343,226,281,55,487,144
13492,img/img_00083490.jpg,full-body clothes,160,72,178,106,216,56
13493,img/img_00083498.jpg,full-body clothes,339,233,324,91,474,135
13494,img/img_00083507.jpg,full-body clothes,347,166,240,74,488,141
13495,img/img_00083521.jpg,full-body clothes,290,162,256,94,419,129
13496,img/img_00083522.jpg,full-body clothes,263,145,295,150,341,78
13497,img/img_00083529.jpg,full-body clothes,342,119,204,85,475,133
13498,img/img_00083534.jpg,full-body clothes,176,27,125,98,231,55
13499,img/img_00083536.jpg,full-body clothes,353,103,237,134,475,122
13500,img/img_00083538.jpg,full-body clothes,183,73,153,80,253,70
13501,img/img_00083545.jpg,full-body clothes,99,43,126,83,138,39
13502,img/img_00083547.jpg,full-body clothes,351,122,221,99,456,105
13503,img/img_00083549.jpg,full-body clothes,340,137,227,90,452,112
13504,img/img_00083551.jpg,full-body clothes,361,91,158,67,474,113
13505,img/img_00083566.jpg,full-body clothes,131,74,183,109,180,49
13506,img/img_00083591.jpg,full-body clothes,216,102,211,109,289,73
13507,img/img_00083600.jpg,upper-body clothes,110,154,154,0,110,0
13508,img/img_00083602.jpg,upper-body clothes,254,159,248,89,373,119
13509,img/img_00083605.jpg,upper-body clothes,153,103,156,53,257,104
13510,img/img_00083608.jpg,upper-body clothes,238,304,304,0,238,0
13511,img/img_00083622.jpg,upper-body clothes,196,134,154,20,204,8
13512,img/img_00083623.jpg,upper-body clothes,338,181,310,129,490,152
13513,img/img_00083626.jpg,upper-body clothes,444,285,337,52,457,13
13514,img/img_00083637.jpg,lower-body clothes,301,89,203,114,494,193
13515,img/img_00083642.jpg,lower-body clothes,266,88,286,198,481,215
13516,img/img_00083643.jpg,lower-body clothes,256,36,194,158,462,206
13517,img/img_00083650.jpg,lower-body clothes,219,63,103,40,388,169
13518,img/img_00083653.jpg,lower-body clothes,278,132,197,65,483,205
13519,img/img_00083665.jpg,lower-body clothes,219,194,194,0,219,0
13520,img/img_00083671.jpg,upper-body clothes,159,136,172,36,205,46
13521,img/img_00083690.jpg,upper-body clothes,281,194,294,100,412,131
13522,img/img_00083702.jpg,upper-body clothes,172,124,124,0,172,0
13523,img/img_00083708.jpg,upper-body clothes,164,47,168,121,238,74
13524,img/img_00083712.jpg,lower-body clothes,74,307,307,0,74,0
13525,img/img_00083714.jpg,lower-body clothes,34,33,48,15,41,7
13526,img/img_00083716.jpg,lower-body clothes,129,182,223,41,351,222
13527,img/img_00083721.jpg,lower-body clothes,99,113,162,49,167,68
13528,img/img_00083726.jpg,lower-body clothes,114,150,174,24,139,25
13529,img/img_00083730.jpg,lower-body clothes,73,82,226,144,264,191
13530,img/img_00083733.jpg,lower-body clothes,80,108,205,97,277,197
13531,img/img_00083735.jpg,lower-body clothes,230,168,297,129,247,17
13532,img/img_00083742.jpg,lower-body clothes,119,115,196,81,386,267
13533,img/img_00083746.jpg,lower-body clothes,50,58,196,138,162,112
13534,img/img_00083751.jpg,lower-body clothes,319,218,218,0,319,0
13535,img/img_00083759.jpg,lower-body clothes,456,159,335,176,462,6
13536,img/img_00083763.jpg,lower-body clothes,429,164,337,173,451,22
13537,img/img_00083765.jpg,lower-body clothes,288,96,236,140,476,188
13538,img/img_00083775.jpg,lower-body clothes,117,103,247,144,311,194
13539,img/img_00083781.jpg,lower-body clothes,231,74,136,62,246,15
13540,img/img_00083782.jpg,lower-body clothes,426,177,372,195,455,29
13541,img/img_00083788.jpg,lower-body clothes,455,24,202,178,477,22
13542,img/img_00083792.jpg,lower-body clothes,239,207,510,303,387,148
13543,img/img_00083793.jpg,lower-body clothes,159,111,129,18,184,25
13544,img/img_00083796.jpg,lower-body clothes,458,258,384,126,488,30
13545,img/img_00083799.jpg,lower-body clothes,133,104,210,106,147,14
13546,img/img_00083803.jpg,lower-body clothes,199,160,230,70,229,30
13547,img/img_00083827.jpg,lower-body clothes,279,94,234,140,333,54
13548,img/img_00083830.jpg,lower-body clothes,372,120,316,196,456,84
13549,img/img_00083834.jpg,lower-body clothes,141,161,218,57,477,336
13550,img/img_00083842.jpg,lower-body clothes,95,86,137,51,119,24
13551,img/img_00083843.jpg,lower-body clothes,341,298,393,95,438,97
13552,img/img_00083847.jpg,lower-body clothes,110,82,143,61,121,11
13553,img/img_00083849.jpg,lower-body clothes,49,321,321,0,49,0
13554,img/img_00083855.jpg,lower-body clothes,109,91,116,25,111,2
13555,img/img_00083856.jpg,lower-body clothes,188,125,178,53,220,32
13556,img/img_00083861.jpg,upper-body clothes,124,77,139,62,193,69
13557,img/img_00083863.jpg,full-body clothes,304,99,219,120,436,132
13558,img/img_00083864.jpg,full-body clothes,324,204,286,82,457,133
13559,img/img_00083866.jpg,full-body clothes,285,147,249,102,393,108
13560,img/img_00083872.jpg,full-body clothes,154,117,194,77,209,55
13561,img/img_00083876.jpg,full-body clothes,212,140,295,155,313,101
13562,img/img_00083881.jpg,full-body clothes,333,188,271,83,461,128
13563,img/img_00083889.jpg,full-body clothes,355,104,216,112,429,74
13564,img/img_00083893.jpg,full-body clothes,376,86,240,154,458,82
13565,img/img_00083910.jpg,full-body clothes,319,103,214,111,422,103
13566,img/img_00083911.jpg,full-body clothes,297,64,209,145,378,81
13567,img/img_00083919.jpg,lower-body clothes,170,100,205,105,366,196
13568,img/img_00083922.jpg,lower-body clothes,145,53,196,143,378,233
13569,img/img_00083931.jpg,lower-body clothes,238,48,225,177,336,98
13570,img/img_00083939.jpg,full-body clothes,286,207,207,0,286,0
13571,img/img_00083950.jpg,full-body clothes,207,122,182,60,289,82
13572,img/img_00083965.jpg,lower-body clothes,116,140,194,54,304,188
13573,img/img_00083969.jpg,full-body clothes,407,306,306,0,407,0
13574,img/img_00083972.jpg,upper-body clothes,311,211,292,81,480,169
13575,img/img_00083984.jpg,full-body clothes,419,204,284,80,469,50
13576,img/img_00083992.jpg,full-body clothes,376,69,226,157,474,98
13577,img/img_00084001.jpg,full-body clothes,379,152,268,116,476,97
13578,img/img_00084009.jpg,full-body clothes,167,92,201,109,274,107
13579,img/img_00084026.jpg,full-body clothes,204,81,147,66,242,38
13580,img/img_00084036.jpg,full-body clothes,188,22,108,86,233,45
13581,img/img_00084045.jpg,full-body clothes,176,26,190,164,263,87
13582,img/img_00084055.jpg,full-body clothes,190,96,223,127,275,85
13583,img/img_00084068.jpg,full-body clothes,233,243,243,0,233,0
13584,img/img_00084072.jpg,full-body clothes,418,239,303,64,464,46
13585,img/img_00084076.jpg,full-body clothes,223,127,177,50,308,85
13586,img/img_00084079.jpg,full-body clothes,305,90,424,334,392,87
13587,img/img_00084087.jpg,full-body clothes,342,216,269,53,451,109
13588,img/img_00084088.jpg,full-body clothes,272,106,283,177,350,78
13589,img/img_00084097.jpg,upper-body clothes,124,106,139,33,206,82
13590,img/img_00084100.jpg,upper-body clothes,135,76,210,134,226,91
13591,img/img_00084104.jpg,upper-body clothes,475,314,377,63,503,28
13592,img/img_00084107.jpg,upper-body clothes,296,179,244,65,357,61
13593,img/img_00084118.jpg,full-body clothes,196,120,120,0,196,0
13594,img/img_00084121.jpg,full-body clothes,157,167,167,0,157,0
13595,img/img_00084137.jpg,full-body clothes,381,278,356,78,479,98
13596,img/img_00084143.jpg,full-body clothes,340,88,336,248,366,26
13597,img/img_00084150.jpg,full-body clothes,426,109,157,48,505,79
13598,img/img_00084153.jpg,full-body clothes,365,117,238,121,469,104
13599,img/img_00084158.jpg,full-body clothes,468,194,194,0,468,0
13600,img/img_00084162.jpg,full-body clothes,398,72,212,140,485,87
13601,img/img_00084168.jpg,full-body clothes,319,116,252,136,427,108
13602,img/img_00084174.jpg,full-body clothes,337,45,220,175,442,105
13603,img/img_00084180.jpg,full-body clothes,299,210,256,46,412,113
13604,img/img_00084209.jpg,upper-body clothes,105,46,261,215,199,94
13605,img/img_00084211.jpg,upper-body clothes,195,124,206,82,298,103
13606,img/img_00084212.jpg,upper-body clothes,341,249,249,0,341,0
13607,img/img_00084215.jpg,upper-body clothes,205,191,249,58,257,52
13608,img/img_00084217.jpg,upper-body clothes,97,66,142,76,184,87
13609,img/img_00084223.jpg,upper-body clothes,43,150,150,0,43,0
13610,img/img_00084224.jpg,upper-body clothes,356,488,488,0,356,0
13611,img/img_00084228.jpg,upper-body clothes,214,473,473,0,214,0
13612,img/img_00084229.jpg,full-body clothes,368,54,223,169,502,134
13613,img/img_00084238.jpg,full-body clothes,324,202,286,84,450,126
13614,img/img_00084248.jpg,full-body clothes,386,137,255,118,493,107
13615,img/img_00084254.jpg,full-body clothes,475,212,212,0,475,0
13616,img/img_00084255.jpg,full-body clothes,332,257,257,0,332,0
13617,img/img_00084257.jpg,full-body clothes,434,118,151,33,450,16
13618,img/img_00084258.jpg,full-body clothes,343,134,251,117,468,125
13619,img/img_00084265.jpg,full-body clothes,339,211,301,90,472,133
13620,img/img_00084272.jpg,full-body clothes,201,232,232,0,201,0
13621,img/img_00084274.jpg,full-body clothes,333,280,310,30,450,117
13622,img/img_00084287.jpg,full-body clothes,213,58,130,72,287,74
13623,img/img_00084292.jpg,full-body clothes,250,90,152,62,361,111
13624,img/img_00084295.jpg,full-body clothes,446,168,168,0,446,0
13625,img/img_00084297.jpg,full-body clothes,198,95,185,90,270,72
13626,img/img_00084311.jpg,full-body clothes,305,229,357,128,430,125
13627,img/img_00084313.jpg,full-body clothes,372,202,270,68,492,120
13628,img/img_00084314.jpg,full-body clothes,186,127,230,103,300,114
13629,img/img_00084320.jpg,full-body clothes,133,162,162,0,133,0
13630,img/img_00084325.jpg,full-body clothes,101,59,83,24,161,60
13631,img/img_00084326.jpg,full-body clothes,327,168,239,71,457,130
13632,img/img_00084329.jpg,lower-body clothes,101,93,181,88,125,24
13633,img/img_00084332.jpg,lower-body clothes,190,232,297,65,346,156
13634,img/img_00084338.jpg,lower-body clothes,112,132,296,164,413,301
13635,img/img_00084339.jpg,lower-body clothes,103,285,310,25,366,263
13636,img/img_00084341.jpg,upper-body clothes,186,91,204,113,316,130
13637,img/img_00084342.jpg,upper-body clothes,406,475,475,0,406,0
13638,img/img_00084343.jpg,upper-body clothes,368,251,509,258,441,73
13639,img/img_00084345.jpg,upper-body clothes,226,271,385,114,395,169
13640,img/img_00084356.jpg,full-body clothes,235,122,194,72,307,72
13641,img/img_00084363.jpg,full-body clothes,344,120,236,116,454,110
13642,img/img_00084364.jpg,full-body clothes,175,100,166,66,235,60
13643,img/img_00084365.jpg,full-body clothes,213,108,186,78,285,72
13644,img/img_00084372.jpg,full-body clothes,317,279,279,0,317,0
13645,img/img_00084375.jpg,upper-body clothes,44,14,35,21,67,23
13646,img/img_00084376.jpg,upper-body clothes,310,446,446,0,310,0
13647,img/img_00084378.jpg,upper-body clothes,132,78,137,59,231,99
13648,img/img_00084379.jpg,upper-body clothes,263,184,281,97,404,141
13649,img/img_00084381.jpg,upper-body clothes,138,90,185,95,226,88
13650,img/img_00084384.jpg,upper-body clothes,283,79,195,116,409,126
13651,img/img_00084385.jpg,upper-body clothes,134,61,106,45,202,68
13652,img/img_00084386.jpg,upper-body clothes,346,109,216,107,479,133
13653,img/img_00084399.jpg,full-body clothes,198,95,162,67,261,63
13654,img/img_00084402.jpg,full-body clothes,311,98,199,101,407,96
13655,img/img_00084406.jpg,full-body clothes,170,40,131,91,224,54
13656,img/img_00084420.jpg,upper-body clothes,164,98,220,122,239,75
13657,img/img_00084427.jpg,upper-body clothes,240,163,289,126,398,158
13658,img/img_00084435.jpg,upper-body clothes,139,81,186,105,246,107
13659,img/img_00084447.jpg,upper-body clothes,147,287,287,0,147,0
13660,img/img_00084453.jpg,upper-body clothes,292,196,261,65,434,142
13661,img/img_00084461.jpg,full-body clothes,332,149,239,90,472,140
13662,img/img_00084463.jpg,full-body clothes,213,133,206,73,275,62
13663,img/img_00084472.jpg,full-body clothes,341,246,286,40,456,115
13664,img/img_00084482.jpg,full-body clothes,257,79,201,122,342,85
13665,img/img_00084484.jpg,full-body clothes,319,80,207,127,409,90
13666,img/img_00084490.jpg,full-body clothes,343,60,167,107,455,112
13667,img/img_00084492.jpg,full-body clothes,424,161,259,98,463,39
13668,img/img_00084503.jpg,full-body clothes,118,61,130,69,159,41
13669,img/img_00084508.jpg,full-body clothes,258,36,204,168,331,73
13670,img/img_00084509.jpg,full-body clothes,135,67,150,83,205,70
13671,img/img_00084517.jpg,full-body clothes,349,93,227,134,469,120
13672,img/img_00084523.jpg,full-body clothes,222,108,195,87,281,59
13673,img/img_00084524.jpg,full-body clothes,279,132,243,111,354,75
13674,img/img_00084527.jpg,full-body clothes,144,56,124,68,181,37
13675,img/img_00084534.jpg,full-body clothes,222,82,150,68,264,42
13676,img/img_00084562.jpg,full-body clothes,319,210,332,122,361,42
13677,img/img_00084566.jpg,full-body clothes,310,170,257,87,426,116
13678,img/img_00084574.jpg,full-body clothes,126,82,141,59,173,47
13679,img/img_00084581.jpg,full-body clothes,205,118,179,61,255,50
13680,img/img_00084585.jpg,full-body clothes,248,182,274,92,354,106
13681,img/img_00084590.jpg,full-body clothes,245,150,231,81,322,77
13682,img/img_00084591.jpg,full-body clothes,316,159,247,88,452,136
13683,img/img_00084598.jpg,full-body clothes,216,136,275,139,297,81
13684,img/img_00084608.jpg,full-body clothes,343,165,230,65,456,113
13685,img/img_00084619.jpg,upper-body clothes,229,375,375,0,229,0
13686,img/img_00084629.jpg,upper-body clothes,267,169,204,35,362,95
13687,img/img_00084638.jpg,upper-body clothes,362,499,499,0,362,0
13688,img/img_00084652.jpg,full-body clothes,339,175,242,67,441,102
13689,img/img_00084657.jpg,full-body clothes,303,76,218,142,352,49
13690,img/img_00084661.jpg,full-body clothes,228,89,155,66,287,59
13691,img/img_00084663.jpg,upper-body clothes,106,81,167,86,151,45
13692,img/img_00084667.jpg,upper-body clothes,194,177,299,122,342,148
13693,img/img_00084673.jpg,upper-body clothes,279,140,254,114,316,37
13694,img/img_00084678.jpg,upper-body clothes,136,58,232,174,248,112
13695,img/img_00084680.jpg,full-body clothes,202,110,225,115,283,81
13696,img/img_00084694.jpg,full-body clothes,287,137,238,101,352,65
13697,img/img_00084697.jpg,full-body clothes,332,317,322,5,470,138
13698,img/img_00084698.jpg,full-body clothes,385,153,262,109,495,110
13699,img/img_00084699.jpg,full-body clothes,386,166,236,70,510,124
13700,img/img_00084702.jpg,full-body clothes,349,136,238,102,511,162
13701,img/img_00084704.jpg,full-body clothes,290,213,213,0,290,0
13702,img/img_00084708.jpg,full-body clothes,231,168,238,70,258,27
13703,img/img_00084709.jpg,full-body clothes,203,152,186,34,275,72
13704,img/img_00084712.jpg,full-body clothes,311,186,284,98,439,128
13705,img/img_00084714.jpg,full-body clothes,287,205,226,21,382,95
13706,img/img_00084726.jpg,full-body clothes,505,259,259,0,505,0
13707,img/img_00084734.jpg,full-body clothes,322,351,351,0,322,0
13708,img/img_00084741.jpg,full-body clothes,144,106,133,27,199,55
13709,img/img_00084744.jpg,full-body clothes,181,215,215,0,181,0
13710,img/img_00084757.jpg,upper-body clothes,290,201,461,260,395,105
13711,img/img_00084758.jpg,upper-body clothes,472,280,280,0,472,0
13712,img/img_00084762.jpg,upper-body clothes,480,310,310,0,480,0
13713,img/img_00084770.jpg,full-body clothes,332,157,360,203,470,138
13714,img/img_00084774.jpg,full-body clothes,425,197,295,98,453,28
13715,img/img_00084782.jpg,full-body clothes,485,223,223,0,485,0
13716,img/img_00084790.jpg,full-body clothes,400,94,244,150,493,93
13717,img/img_00084818.jpg,upper-body clothes,146,121,253,132,182,36
13718,img/img_00084822.jpg,upper-body clothes,273,158,230,72,446,173
13719,img/img_00084824.jpg,upper-body clothes,191,86,163,77,262,71
13720,img/img_00084832.jpg,full-body clothes,260,94,148,54,368,108
13721,img/img_00084833.jpg,full-body clothes,195,120,217,97,280,85
13722,img/img_00084834.jpg,full-body clothes,347,160,254,94,464,117
13723,img/img_00084841.jpg,full-body clothes,226,110,244,134,320,94
13724,img/img_00084844.jpg,full-body clothes,286,159,249,90,393,107
13725,img/img_00084856.jpg,full-body clothes,222,79,168,89,317,95
13726,img/img_00084859.jpg,full-body clothes,357,225,320,95,491,134
13727,img/img_00084870.jpg,full-body clothes,248,100,226,126,336,88
13728,img/img_00084874.jpg,full-body clothes,425,273,273,0,425,0
13729,img/img_00084878.jpg,full-body clothes,348,102,270,168,453,105
13730,img/img_00084880.jpg,full-body clothes,192,84,197,113,276,84
13731,img/img_00084881.jpg,full-body clothes,238,115,231,116,329,91
13732,img/img_00084898.jpg,lower-body clothes,151,166,234,68,408,257
13733,img/img_00084901.jpg,lower-body clothes,144,137,206,69,405,261
13734,img/img_00084923.jpg,full-body clothes,257,161,218,57,378,121
13735,img/img_00084924.jpg,full-body clothes,359,246,278,32,480,121
13736,img/img_00084925.jpg,full-body clothes,181,159,184,25,242,61
13737,img/img_00084938.jpg,full-body clothes,418,304,304,0,418,0
13738,img/img_00084947.jpg,lower-body clothes,75,101,233,132,271,196
13739,img/img_00084957.jpg,full-body clothes,287,146,243,97,343,56
13740,img/img_00084970.jpg,full-body clothes,442,361,361,0,442,0
13741,img/img_00084974.jpg,full-body clothes,383,218,283,65,476,93
13742,img/img_00084980.jpg,full-body clothes,356,229,292,63,474,118
13743,img/img_00084981.jpg,full-body clothes,476,205,205,0,476,0
13744,img/img_00085005.jpg,full-body clothes,340,277,315,38,458,118
13745,img/img_00085007.jpg,full-body clothes,424,310,327,17,444,20
13746,img/img_00085010.jpg,full-body clothes,456,442,442,0,456,0
13747,img/img_00085018.jpg,full-body clothes,381,120,173,53,417,36
13748,img/img_00085024.jpg,full-body clothes,120,85,156,71,188,68
13749,img/img_00085027.jpg,full-body clothes,346,204,204,0,346,0
13750,img/img_00085041.jpg,full-body clothes,459,278,278,0,459,0
13751,img/img_00085042.jpg,full-body clothes,253,63,181,118,391,138
13752,img/img_00085049.jpg,full-body clothes,275,317,379,62,406,131
13753,img/img_00085051.jpg,full-body clothes,335,190,263,73,453,118
13754,img/img_00085057.jpg,upper-body clothes,74,78,78,0,74,0
13755,img/img_00085058.jpg,upper-body clothes,123,69,153,84,223,100
13756,img/img_00085061.jpg,upper-body clothes,146,201,201,0,146,0
13757,img/img_00085071.jpg,full-body clothes,386,93,184,91,475,89
13758,img/img_00085073.jpg,full-body clothes,322,138,233,95,428,106
13759,img/img_00085078.jpg,full-body clothes,290,140,140,0,290,0
13760,img/img_00085081.jpg,full-body clothes,118,103,103,0,118,0
13761,img/img_00085083.jpg,full-body clothes,334,71,234,163,450,116
13762,img/img_00085085.jpg,full-body clothes,243,38,206,168,296,53
13763,img/img_00085098.jpg,full-body clothes,245,171,264,93,429,184
13764,img/img_00085116.jpg,full-body clothes,351,294,294,0,351,0
13765,img/img_00085117.jpg,full-body clothes,269,214,214,0,269,0
13766,img/img_00085119.jpg,full-body clothes,142,174,246,72,260,118
13767,img/img_00085135.jpg,full-body clothes,267,128,229,101,409,142
13768,img/img_00085136.jpg,full-body clothes,310,151,244,93,408,98
13769,img/img_00085137.jpg,full-body clothes,377,154,272,118,488,111
13770,img/img_00085142.jpg,full-body clothes,308,154,243,89,407,99
13771,img/img_00085156.jpg,lower-body clothes,232,153,215,62,274,42
13772,img/img_00085160.jpg,lower-body clothes,452,82,272,190,502,50
13773,img/img_00085162.jpg,lower-body clothes,427,65,183,118,448,21
13774,img/img_00085190.jpg,upper-body clothes,79,192,192,0,79,0
13775,img/img_00085198.jpg,full-body clothes,301,69,421,352,368,67
13776,img/img_00085211.jpg,full-body clothes,308,186,253,67,431,123
13777,img/img_00085213.jpg,full-body clothes,380,125,230,105,464,84
13778,img/img_00085225.jpg,full-body clothes,316,144,238,94,437,121
13779,img/img_00085238.jpg,full-body clothes,375,108,219,111,503,128
13780,img/img_00085239.jpg,full-body clothes,362,45,164,119,476,114
13781,img/img_00085247.jpg,full-body clothes,206,113,244,131,295,89
13782,img/img_00085248.jpg,full-body clothes,248,143,256,113,337,89
13783,img/img_00085255.jpg,full-body clothes,352,176,345,169,477,125
13784,img/img_00085258.jpg,lower-body clothes,94,107,208,101,110,16
13785,img/img_00085263.jpg,lower-body clothes,137,118,222,104,444,307
13786,img/img_00085265.jpg,lower-body clothes,84,89,276,187,323,239
13787,img/img_00085272.jpg,full-body clothes,169,47,158,111,220,51
13788,img/img_00085274.jpg,full-body clothes,469,298,353,55,484,15
13789,img/img_00085280.jpg,lower-body clothes,334,167,167,0,334,0
13790,img/img_00085290.jpg,lower-body clothes,295,376,408,32,479,184
13791,img/img_00085295.jpg,full-body clothes,169,245,245,0,169,0
13792,img/img_00085297.jpg,full-body clothes,497,214,214,0,497,0
13793,img/img_00085298.jpg,full-body clothes,299,52,197,145,415,116
13794,img/img_00085304.jpg,full-body clothes,306,147,253,106,377,71
13795,img/img_00085310.jpg,full-body clothes,484,341,341,0,484,0
13796,img/img_00085324.jpg,lower-body clothes,122,113,164,51,306,184
13797,img/img_00085328.jpg,upper-body clothes,495,331,350,19,510,15
13798,img/img_00085353.jpg,upper-body clothes,385,312,312,0,385,0
13799,img/img_00085354.jpg,upper-body clothes,333,201,341,140,465,132
13800,img/img_00085364.jpg,full-body clothes,372,187,274,87,451,79
13801,img/img_00085376.jpg,full-body clothes,263,186,494,308,336,73
13802,img/img_00085381.jpg,full-body clothes,433,286,286,0,433,0
13803,img/img_00085387.jpg,full-body clothes,238,78,160,82,295,57
13804,img/img_00085388.jpg,full-body clothes,287,231,231,0,287,0
13805,img/img_00085393.jpg,full-body clothes,183,64,136,72,229,46
13806,img/img_00085394.jpg,full-body clothes,392,60,203,143,480,88
13807,img/img_00085395.jpg,full-body clothes,129,220,220,0,129,0
13808,img/img_00085399.jpg,full-body clothes,257,58,181,123,450,193
13809,img/img_00085406.jpg,full-body clothes,289,89,199,110,405,116
13810,img/img_00085410.jpg,full-body clothes,310,65,205,140,440,130
13811,img/img_00085416.jpg,full-body clothes,150,47,127,80,193,43
13812,img/img_00085418.jpg,full-body clothes,349,180,263,83,455,106
13813,img/img_00085422.jpg,full-body clothes,246,89,175,86,326,80
13814,img/img_00085424.jpg,full-body clothes,196,222,222,0,196,0
13815,img/img_00085431.jpg,full-body clothes,334,83,183,100,456,122
13816,img/img_00085444.jpg,upper-body clothes,146,84,188,104,231,85
13817,img/img_00085459.jpg,full-body clothes,176,66,154,88,263,87
13818,img/img_00085462.jpg,full-body clothes,377,146,341,195,475,98
13819,img/img_00085472.jpg,lower-body clothes,146,92,220,128,369,223
13820,img/img_00085482.jpg,full-body clothes,336,188,268,80,482,146
13821,img/img_00085486.jpg,full-body clothes,358,271,271,0,358,0
13822,img/img_00085487.jpg,full-body clothes,209,44,142,98,302,93
13823,img/img_00085491.jpg,full-body clothes,158,83,136,53,230,72
13824,img/img_00085493.jpg,full-body clothes,362,151,236,85,486,124
13825,img/img_00085499.jpg,upper-body clothes,101,70,129,59,159,58
13826,img/img_00085511.jpg,upper-body clothes,191,183,183,0,191,0
13827,img/img_00085514.jpg,upper-body clothes,265,190,190,0,265,0
13828,img/img_00085515.jpg,upper-body clothes,264,225,262,37,299,35
13829,img/img_00085521.jpg,full-body clothes,219,88,237,149,303,84
13830,img/img_00085525.jpg,full-body clothes,317,149,224,75,442,125
13831,img/img_00085527.jpg,full-body clothes,175,71,229,158,302,127
13832,img/img_00085528.jpg,full-body clothes,428,243,243,0,428,0
13833,img/img_00085543.jpg,upper-body clothes,269,291,380,89,306,37
13834,img/img_00085548.jpg,upper-body clothes,118,100,225,125,279,161
13835,img/img_00085551.jpg,upper-body clothes,228,153,282,129,362,134
13836,img/img_00085552.jpg,upper-body clothes,390,266,266,0,390,0
13837,img/img_00085557.jpg,upper-body clothes,134,83,166,83,232,98
13838,img/img_00085562.jpg,upper-body clothes,124,62,132,70,183,59
13839,img/img_00085567.jpg,upper-body clothes,161,67,207,140,229,68
13840,img/img_00085578.jpg,full-body clothes,246,283,283,0,246,0
13841,img/img_00085589.jpg,full-body clothes,360,86,209,123,473,113
13842,img/img_00085591.jpg,full-body clothes,364,108,230,122,493,129
13843,img/img_00085608.jpg,full-body clothes,344,112,207,95,455,111
13844,img/img_00085614.jpg,full-body clothes,245,128,233,105,338,93
13845,img/img_00085617.jpg,full-body clothes,366,122,262,140,443,77
13846,img/img_00085619.jpg,full-body clothes,411,129,272,143,494,83
13847,img/img_00085621.jpg,full-body clothes,216,110,192,82,395,179
13848,img/img_00085622.jpg,full-body clothes,266,59,188,129,392,126
13849,img/img_00085626.jpg,full-body clothes,387,143,263,120,494,107
13850,img/img_00085633.jpg,lower-body clothes,155,221,498,277,487,332
13851,img/img_00085649.jpg,full-body clothes,311,278,278,0,311,0
13852,img/img_00085653.jpg,full-body clothes,329,427,427,0,329,0
13853,img/img_00085663.jpg,lower-body clothes,174,85,189,104,318,144
13854,img/img_00085664.jpg,lower-body clothes,303,96,187,91,490,187
13855,img/img_00085667.jpg,full-body clothes,279,174,264,90,341,62
13856,img/img_00085668.jpg,full-body clothes,307,177,234,57,448,141
13857,img/img_00085680.jpg,full-body clothes,113,64,106,42,156,43
13858,img/img_00085691.jpg,full-body clothes,306,117,225,108,424,118
13859,img/img_00085693.jpg,full-body clothes,232,140,324,184,350,118
13860,img/img_00085694.jpg,full-body clothes,151,90,116,26,205,54
13861,img/img_00085695.jpg,full-body clothes,205,128,234,106,301,96
13862,img/img_00085705.jpg,lower-body clothes,81,74,247,173,290,209
13863,img/img_00085711.jpg,full-body clothes,171,58,129,71,230,59
13864,img/img_00085716.jpg,full-body clothes,408,158,282,124,496,88
13865,img/img_00085724.jpg,full-body clothes,241,73,153,80,297,56
13866,img/img_00085733.jpg,full-body clothes,409,82,193,111,494,85
13867,img/img_00085735.jpg,full-body clothes,379,182,220,38,473,94
13868,img/img_00085738.jpg,lower-body clothes,124,149,249,100,160,36
13869,img/img_00085742.jpg,lower-body clothes,316,180,249,69,339,23
13870,img/img_00085743.jpg,lower-body clothes,210,75,218,143,383,173
13871,img/img_00085745.jpg,lower-body clothes,70,77,185,108,208,138
13872,img/img_00085747.jpg,full-body clothes,420,113,231,118,496,76
13873,img/img_00085750.jpg,full-body clothes,277,200,200,0,277,0
13874,img/img_00085758.jpg,full-body clothes,353,137,218,81,501,148
13875,img/img_00085764.jpg,full-body clothes,225,135,209,74,326,101
13876,img/img_00085766.jpg,full-body clothes,170,42,125,83,216,46
13877,img/img_00085774.jpg,lower-body clothes,62,109,240,131,301,239
13878,img/img_00085777.jpg,lower-body clothes,113,162,185,23,135,22
13879,img/img_00085784.jpg,full-body clothes,208,113,246,133,285,77
13880,img/img_00085791.jpg,full-body clothes,220,52,133,81,266,46
13881,img/img_00085802.jpg,full-body clothes,376,120,202,82,462,86
13882,img/img_00085822.jpg,lower-body clothes,143,174,256,82,378,235
13883,img/img_00085844.jpg,full-body clothes,340,145,312,167,461,121
13884,img/img_00085847.jpg,full-body clothes,245,457,457,0,245,0
13885,img/img_00085848.jpg,full-body clothes,342,91,226,135,457,115
13886,img/img_00085860.jpg,upper-body clothes,25,171,171,0,25,0
13887,img/img_00085861.jpg,upper-body clothes,173,105,220,115,212,39
13888,img/img_00085864.jpg,upper-body clothes,248,129,220,91,408,160
13889,img/img_00085868.jpg,upper-body clothes,108,276,276,0,108,0
13890,img/img_00085872.jpg,full-body clothes,350,31,158,127,448,98
13891,img/img_00085880.jpg,full-body clothes,175,100,146,46,235,60
13892,img/img_00085881.jpg,full-body clothes,295,105,208,103,409,114
13893,img/img_00085897.jpg,lower-body clothes,391,75,194,119,401,10
13894,img/img_00085900.jpg,lower-body clothes,404,155,285,130,427,23
13895,img/img_00085903.jpg,lower-body clothes,152,48,149,101,310,158
13896,img/img_00085908.jpg,lower-body clothes,151,43,135,92,275,124
13897,img/img_00085909.jpg,lower-body clothes,401,198,198,0,401,0
13898,img/img_00085926.jpg,full-body clothes,80,277,277,0,80,0
13899,img/img_00085927.jpg,full-body clothes,350,93,229,136,475,125
13900,img/img_00085934.jpg,full-body clothes,398,156,481,325,478,80
13901,img/img_00085943.jpg,full-body clothes,134,312,312,0,134,0
13902,img/img_00085945.jpg,full-body clothes,320,301,301,0,320,0
13903,img/img_00085952.jpg,full-body clothes,312,87,227,140,431,119
13904,img/img_00085953.jpg,full-body clothes,341,167,249,82,445,104
13905,img/img_00085968.jpg,full-body clothes,128,70,117,47,187,59
13906,img/img_00085978.jpg,full-body clothes,243,158,247,89,353,110
13907,img/img_00085979.jpg,full-body clothes,342,162,261,99,479,137
13908,img/img_00085989.jpg,upper-body clothes,151,186,186,0,151,0
13909,img/img_00085990.jpg,upper-body clothes,104,107,107,0,104,0
13910,img/img_00085994.jpg,upper-body clothes,98,51,112,61,157,59
13911,img/img_00086005.jpg,lower-body clothes,155,224,286,62,466,311
13912,img/img_00086007.jpg,lower-body clothes,122,154,238,84,434,312
13913,img/img_00086031.jpg,full-body clothes,220,100,147,47,296,76
13914,img/img_00086041.jpg,upper-body clothes,196,184,251,67,239,43
13915,img/img_00086044.jpg,upper-body clothes,139,159,191,32,323,184
13916,img/img_00086045.jpg,full-body clothes,308,398,398,0,308,0
13917,img/img_00086050.jpg,full-body clothes,193,108,216,108,284,91
13918,img/img_00086052.jpg,full-body clothes,317,164,322,158,457,140
13919,img/img_00086063.jpg,upper-body clothes,169,91,232,141,337,168
13920,img/img_00086069.jpg,upper-body clothes,74,63,197,134,135,61
13921,img/img_00086071.jpg,upper-body clothes,281,109,224,115,424,143
13922,img/img_00086074.jpg,upper-body clothes,124,61,120,59,172,48
13923,img/img_00086087.jpg,full-body clothes,235,308,308,0,235,0
13924,img/img_00086088.jpg,full-body clothes,356,317,317,0,356,0
13925,img/img_00086105.jpg,full-body clothes,299,187,187,0,299,0
13926,img/img_00086106.jpg,full-body clothes,376,416,416,0,376,0
13927,img/img_00086110.jpg,full-body clothes,428,308,308,0,428,0
13928,img/img_00086115.jpg,full-body clothes,376,38,181,143,466,90
13929,img/img_00086116.jpg,full-body clothes,215,146,172,26,304,89
13930,img/img_00086119.jpg,full-body clothes,203,90,194,104,306,103
13931,img/img_00086124.jpg,full-body clothes,121,71,159,88,160,39
13932,img/img_00086129.jpg,full-body clothes,170,83,189,106,219,49
13933,img/img_00086131.jpg,full-body clothes,185,85,220,135,293,108
13934,img/img_00086136.jpg,full-body clothes,219,102,299,197,299,80
13935,img/img_00086144.jpg,lower-body clothes,198,208,366,158,257,59
13936,img/img_00086149.jpg,lower-body clothes,83,91,210,119,311,228
13937,img/img_00086159.jpg,full-body clothes,355,177,283,106,469,114
13938,img/img_00086161.jpg,full-body clothes,337,171,238,67,457,120
13939,img/img_00086162.jpg,full-body clothes,313,192,281,89,444,131
13940,img/img_00086175.jpg,full-body clothes,370,497,497,0,370,0
13941,img/img_00086178.jpg,full-body clothes,217,71,227,156,299,82
13942,img/img_00086179.jpg,lower-body clothes,127,182,235,53,375,248
13943,img/img_00086180.jpg,lower-body clothes,262,299,312,13,327,65
13944,img/img_00086181.jpg,lower-body clothes,188,199,257,58,226,38
13945,img/img_00086182.jpg,lower-body clothes,87,138,181,43,289,202
13946,img/img_00086183.jpg,lower-body clothes,158,175,252,77,205,47
13947,img/img_00086186.jpg,lower-body clothes,151,164,194,30,229,78
13948,img/img_00086193.jpg,full-body clothes,343,101,264,163,375,32
13949,img/img_00086194.jpg,full-body clothes,310,97,244,147,351,41
13950,img/img_00086197.jpg,full-body clothes,390,97,227,130,481,91
13951,img/img_00086199.jpg,full-body clothes,343,57,212,155,465,122
13952,img/img_00086203.jpg,full-body clothes,370,72,98,26,444,74
13953,img/img_00086220.jpg,full-body clothes,419,23,240,217,505,86
13954,img/img_00086230.jpg,full-body clothes,298,447,447,0,298,0
13955,img/img_00086243.jpg,full-body clothes,373,240,342,102,479,106
13956,img/img_00086250.jpg,full-body clothes,319,196,269,73,440,121
13957,img/img_00086257.jpg,full-body clothes,218,82,185,103,303,85
13958,img/img_00086261.jpg,full-body clothes,235,74,198,124,313,78
13959,img/img_00086268.jpg,full-body clothes,285,80,195,115,359,74
13960,img/img_00086270.jpg,full-body clothes,368,244,295,51,489,121
13961,img/img_00086271.jpg,full-body clothes,441,441,459,18,450,9
13962,img/img_00086272.jpg,full-body clothes,233,129,271,142,327,94
13963,img/img_00086282.jpg,full-body clothes,296,197,257,60,396,100
13964,img/img_00086292.jpg,full-body clothes,419,331,331,0,419,0
13965,img/img_00086294.jpg,full-body clothes,455,185,185,0,455,0
13966,img/img_00086296.jpg,full-body clothes,173,31,113,82,279,106
13967,img/img_00086316.jpg,full-body clothes,295,169,169,0,295,0
13968,img/img_00086318.jpg,full-body clothes,223,180,235,55,299,76
13969,img/img_00086331.jpg,full-body clothes,252,126,173,47,339,87
13970,img/img_00086332.jpg,full-body clothes,290,195,195,0,290,0
13971,img/img_00086349.jpg,full-body clothes,180,85,85,0,180,0
13972,img/img_00086360.jpg,full-body clothes,394,86,218,132,481,87
13973,img/img_00086368.jpg,full-body clothes,230,74,191,117,283,53
13974,img/img_00086377.jpg,full-body clothes,397,59,205,146,462,65
13975,img/img_00086382.jpg,full-body clothes,293,84,203,119,436,143
13976,img/img_00086384.jpg,full-body clothes,267,99,242,143,384,117
13977,img/img_00086396.jpg,upper-body clothes,242,113,222,109,335,93
13978,img/img_00086398.jpg,upper-body clothes,151,84,226,142,310,159
13979,img/img_00086406.jpg,upper-body clothes,341,242,380,138,429,88
13980,img/img_00086409.jpg,upper-body clothes,420,209,276,67,455,35
13981,img/img_00086417.jpg,upper-body clothes,387,284,284,0,387,0
13982,img/img_00086418.jpg,upper-body clothes,250,187,295,108,403,153
13983,img/img_00086425.jpg,upper-body clothes,291,178,274,96,382,91
13984,img/img_00086427.jpg,upper-body clothes,173,128,181,53,267,94
13985,img/img_00086429.jpg,upper-body clothes,170,121,244,123,246,76
13986,img/img_00086430.jpg,upper-body clothes,157,108,200,92,227,70
13987,img/img_00086434.jpg,upper-body clothes,125,188,188,0,125,0
13988,img/img_00086438.jpg,full-body clothes,161,107,150,43,227,66
13989,img/img_00086453.jpg,full-body clothes,162,87,141,54,224,62
13990,img/img_00086455.jpg,full-body clothes,167,89,202,113,271,104
13991,img/img_00086465.jpg,lower-body clothes,83,104,160,56,294,211
13992,img/img_00086474.jpg,full-body clothes,428,235,384,149,470,42
13993,img/img_00086475.jpg,full-body clothes,456,463,463,0,456,0
13994,img/img_00086479.jpg,full-body clothes,455,387,387,0,455,0
13995,img/img_00086496.jpg,lower-body clothes,73,92,235,143,279,206
13996,img/img_00086500.jpg,upper-body clothes,185,69,182,113,253,68
13997,img/img_00086502.jpg,upper-body clothes,202,135,273,138,327,125
13998,img/img_00086506.jpg,upper-body clothes,122,40,89,49,188,66
13999,img/img_00086538.jpg,lower-body clothes,85,115,237,122,287,202
14000,img/img_00086551.jpg,lower-body clothes,184,214,298,84,447,263
14001,img/img_00086561.jpg,full-body clothes,389,135,303,168,465,76
14002,img/img_00086575.jpg,full-body clothes,415,120,262,142,506,91
14003,img/img_00086582.jpg,upper-body clothes,46,208,208,0,46,0
14004,img/img_00086587.jpg,full-body clothes,370,92,258,166,444,74
14005,img/img_00086590.jpg,full-body clothes,334,161,264,103,449,115
14006,img/img_00086591.jpg,full-body clothes,337,57,210,153,460,123
14007,img/img_00086592.jpg,full-body clothes,328,341,341,0,328,0
14008,img/img_00086597.jpg,full-body clothes,294,228,228,0,294,0
14009,img/img_00086601.jpg,full-body clothes,261,94,154,60,390,129
14010,img/img_00086602.jpg,full-body clothes,89,55,86,31,160,71
14011,img/img_00086608.jpg,full-body clothes,338,105,223,118,461,123
14012,img/img_00086613.jpg,lower-body clothes,112,26,171,145,357,245
14013,img/img_00086615.jpg,lower-body clothes,157,63,173,110,365,208
14014,img/img_00086616.jpg,lower-body clothes,241,48,190,142,428,187
14015,img/img_00086621.jpg,lower-body clothes,192,134,211,77,428,236
14016,img/img_00086627.jpg,lower-body clothes,140,26,128,102,299,159
14017,img/img_00086630.jpg,upper-body clothes,301,144,311,167,489,188
14018,img/img_00086639.jpg,upper-body clothes,83,104,202,98,225,142
14019,img/img_00086640.jpg,upper-body clothes,241,102,181,79,349,108
14020,img/img_00086643.jpg,upper-body clothes,497,267,267,0,497,0
14021,img/img_00086646.jpg,upper-body clothes,96,75,237,162,151,55
14022,img/img_00086647.jpg,upper-body clothes,67,42,71,29,112,45
14023,img/img_00086649.jpg,upper-body clothes,505,328,328,0,505,0
14024,img/img_00086662.jpg,full-body clothes,154,81,158,77,218,64
14025,img/img_00086682.jpg,lower-body clothes,127,167,333,166,432,305
14026,img/img_00086688.jpg,lower-body clothes,79,102,146,44,282,203
14027,img/img_00086696.jpg,full-body clothes,316,97,237,140,408,92
14028,img/img_00086710.jpg,full-body clothes,215,101,213,112,302,87
14029,img/img_00086712.jpg,full-body clothes,206,83,209,126,274,68
14030,img/img_00086713.jpg,full-body clothes,87,51,115,64,126,39
14031,img/img_00086725.jpg,full-body clothes,138,78,127,49,223,85
14032,img/img_00086732.jpg,full-body clothes,301,163,163,0,301,0
14033,img/img_00086737.jpg,full-body clothes,224,222,222,0,224,0
14034,img/img_00086760.jpg,lower-body clothes,85,63,174,111,307,222
14035,img/img_00086766.jpg,lower-body clothes,32,95,198,103,139,107
14036,img/img_00086767.jpg,lower-body clothes,62,72,207,135,166,104
14037,img/img_00086778.jpg,lower-body clothes,363,148,286,138,430,67
14038,img/img_00086779.jpg,lower-body clothes,361,142,225,83,434,73
14039,img/img_00086794.jpg,lower-body clothes,120,35,125,90,226,106
14040,img/img_00086795.jpg,lower-body clothes,114,41,73,32,214,100
14041,img/img_00086800.jpg,lower-body clothes,220,114,188,74,393,173
14042,img/img_00086817.jpg,full-body clothes,205,90,222,132,299,94
14043,img/img_00086854.jpg,upper-body clothes,159,85,137,52,230,71
14044,img/img_00086856.jpg,upper-body clothes,212,117,328,211,330,118
14045,img/img_00086871.jpg,upper-body clothes,265,111,239,128,422,157
14046,img/img_00086891.jpg,full-body clothes,405,132,232,100,491,86
14047,img/img_00086896.jpg,full-body clothes,246,284,284,0,246,0
14048,img/img_00086902.jpg,full-body clothes,225,46,141,95,280,55
14049,img/img_00086913.jpg,full-body clothes,282,365,365,0,282,0
14050,img/img_00086916.jpg,full-body clothes,161,54,116,62,221,60
14051,img/img_00086945.jpg,upper-body clothes,116,68,194,126,216,100
14052,img/img_00086947.jpg,upper-body clothes,163,75,225,150,215,52
14053,img/img_00086954.jpg,full-body clothes,230,131,228,97,288,58
14054,img/img_00086959.jpg,full-body clothes,411,59,181,122,501,90
14055,img/img_00086968.jpg,full-body clothes,219,206,206,0,219,0
14056,img/img_00086989.jpg,upper-body clothes,225,395,395,0,225,0
14057,img/img_00086990.jpg,upper-body clothes,216,79,164,85,269,53
14058,img/img_00086997.jpg,upper-body clothes,132,103,240,137,239,107
14059,img/img_00087008.jpg,full-body clothes,308,195,274,79,426,118
14060,img/img_00087020.jpg,full-body clothes,314,189,271,82,466,152
14061,img/img_00087025.jpg,full-body clothes,148,73,130,57,218,70
14062,img/img_00087026.jpg,lower-body clothes,338,258,258,0,338,0
14063,img/img_00087034.jpg,lower-body clothes,152,116,232,116,465,313
14064,img/img_00087037.jpg,full-body clothes,196,121,276,155,294,98
14065,img/img_00087049.jpg,full-body clothes,112,57,171,114,159,47
14066,img/img_00087061.jpg,full-body clothes,361,56,199,143,481,120
14067,img/img_00087070.jpg,full-body clothes,258,211,211,0,258,0
14068,img/img_00087090.jpg,full-body clothes,237,109,139,30,323,86
14069,img/img_00087099.jpg,full-body clothes,257,81,154,73,313,56
14070,img/img_00087101.jpg,full-body clothes,370,78,210,132,479,109
14071,img/img_00087103.jpg,full-body clothes,347,160,225,65,430,83
14072,img/img_00087110.jpg,lower-body clothes,126,130,145,15,339,213
14073,img/img_00087115.jpg,lower-body clothes,126,186,278,92,449,323
14074,img/img_00087123.jpg,lower-body clothes,68,142,154,12,144,76
14075,img/img_00087124.jpg,full-body clothes,181,112,209,97,265,84
14076,img/img_00087127.jpg,full-body clothes,290,186,248,62,415,125
14077,img/img_00087141.jpg,full-body clothes,207,110,230,120,283,76
14078,img/img_00087146.jpg,full-body clothes,473,462,462,0,473,0
14079,img/img_00087147.jpg,full-body clothes,321,207,295,88,450,129
14080,img/img_00087148.jpg,full-body clothes,320,169,261,92,443,123
14081,img/img_00087153.jpg,full-body clothes,401,318,318,0,401,0
14082,img/img_00087162.jpg,lower-body clothes,110,146,202,56,371,261
14083,img/img_00087164.jpg,lower-body clothes,216,259,502,243,282,66
14084,img/img_00087175.jpg,lower-body clothes,70,127,202,75,357,287
14085,img/img_00087183.jpg,full-body clothes,214,192,192,0,214,0
14086,img/img_00087191.jpg,full-body clothes,483,237,237,0,483,0
14087,img/img_00087192.jpg,full-body clothes,461,231,231,0,461,0
14088,img/img_00087194.jpg,full-body clothes,385,108,192,84,499,114
14089,img/img_00087197.jpg,full-body clothes,464,245,245,0,464,0
14090,img/img_00087204.jpg,full-body clothes,432,236,236,0,432,0
14091,img/img_00087215.jpg,full-body clothes,214,87,147,60,280,66
14092,img/img_00087225.jpg,full-body clothes,340,191,291,100,450,110
14093,img/img_00087250.jpg,full-body clothes,386,99,228,129,501,115
14094,img/img_00087254.jpg,full-body clothes,346,39,154,115,424,78
14095,img/img_00087257.jpg,full-body clothes,396,34,191,157,499,103
14096,img/img_00087259.jpg,full-body clothes,300,87,210,123,364,64
14097,img/img_00087271.jpg,full-body clothes,284,94,218,124,349,65
14098,img/img_00087295.jpg,full-body clothes,162,128,160,32,231,69
14099,img/img_00087296.jpg,full-body clothes,333,196,303,107,455,122
14100,img/img_00087297.jpg,full-body clothes,334,124,284,160,469,135
14101,img/img_00087307.jpg,full-body clothes,183,105,205,100,254,71
14102,img/img_00087308.jpg,full-body clothes,331,203,281,78,471,140
14103,img/img_00087310.jpg,full-body clothes,158,79,115,36,221,63
14104,img/img_00087314.jpg,full-body clothes,162,100,167,67,229,67
14105,img/img_00087326.jpg,full-body clothes,116,209,209,0,116,0
14106,img/img_00087336.jpg,full-body clothes,225,44,190,146,278,53
14107,img/img_00087345.jpg,full-body clothes,159,113,139,26,293,134
14108,img/img_00087347.jpg,full-body clothes,294,105,231,126,393,99
14109,img/img_00087363.jpg,full-body clothes,210,114,200,86,262,52
14110,img/img_00087365.jpg,full-body clothes,257,92,262,170,344,87
14111,img/img_00087368.jpg,full-body clothes,330,221,259,38,465,135
14112,img/img_00087370.jpg,full-body clothes,416,243,243,0,416,0
14113,img/img_00087378.jpg,full-body clothes,411,104,236,132,502,91
14114,img/img_00087399.jpg,full-body clothes,251,74,204,130,334,83
14115,img/img_00087400.jpg,full-body clothes,96,49,109,60,142,46
14116,img/img_00087409.jpg,full-body clothes,211,73,203,130,292,81
14117,img/img_00087415.jpg,full-body clothes,263,83,206,123,393,130
14118,img/img_00087418.jpg,full-body clothes,289,180,253,73,415,126
14119,img/img_00087423.jpg,full-body clothes,327,58,156,98,456,129
14120,img/img_00087425.jpg,full-body clothes,139,80,145,65,202,63
14121,img/img_00087428.jpg,full-body clothes,328,91,182,91,452,124
14122,img/img_00087433.jpg,full-body clothes,327,88,170,82,450,123
14123,img/img_00087434.jpg,full-body clothes,294,108,234,126,423,129
14124,img/img_00087442.jpg,full-body clothes,161,84,132,48,232,71
14125,img/img_00087448.jpg,full-body clothes,222,176,176,0,222,0
14126,img/img_00087449.jpg,full-body clothes,327,100,242,142,423,96
14127,img/img_00087455.jpg,full-body clothes,233,140,209,69,317,84
14128,img/img_00087457.jpg,full-body clothes,124,149,149,0,124,0
14129,img/img_00087474.jpg,full-body clothes,216,98,245,147,305,89
14130,img/img_00087477.jpg,full-body clothes,372,194,292,98,468,96
14131,img/img_00087485.jpg,lower-body clothes,42,60,148,88,142,100
14132,img/img_00087486.jpg,lower-body clothes,167,230,385,155,403,236
14133,img/img_00087491.jpg,lower-body clothes,214,90,90,0,214,0
14134,img/img_00087506.jpg,upper-body clothes,87,64,131,67,125,38
14135,img/img_00087511.jpg,upper-body clothes,195,71,131,60,286,91
14136,img/img_00087529.jpg,full-body clothes,414,309,309,0,414,0
14137,img/img_00087531.jpg,full-body clothes,425,192,192,0,425,0
14138,img/img_00087540.jpg,upper-body clothes,77,145,234,89,204,127
14139,img/img_00087557.jpg,lower-body clothes,285,195,272,77,355,70
14140,img/img_00087558.jpg,lower-body clothes,79,39,100,61,176,97
14141,img/img_00087562.jpg,lower-body clothes,116,83,206,123,279,163
14142,img/img_00087569.jpg,lower-body clothes,90,129,273,144,272,182
14143,img/img_00087572.jpg,full-body clothes,349,185,319,134,462,113
14144,img/img_00087584.jpg,full-body clothes,385,39,189,150,493,108
14145,img/img_00087594.jpg,lower-body clothes,107,141,285,144,317,210
14146,img/img_00087605.jpg,lower-body clothes,102,135,175,40,319,217
14147,img/img_00087633.jpg,upper-body clothes,279,49,143,94,406,127
14148,img/img_00087640.jpg,upper-body clothes,96,134,220,86,199,103
14149,img/img_00087642.jpg,upper-body clothes,238,70,213,143,403,165
14150,img/img_00087648.jpg,upper-body clothes,188,356,356,0,188,0
14151,img/img_00087651.jpg,upper-body clothes,135,38,109,71,201,66
14152,img/img_00087653.jpg,upper-body clothes,133,88,173,85,233,100
14153,img/img_00087665.jpg,full-body clothes,183,95,198,103,255,72
14154,img/img_00087666.jpg,full-body clothes,101,53,126,73,140,39
14155,img/img_00087667.jpg,full-body clothes,322,172,252,80,453,131
14156,img/img_00087676.jpg,full-body clothes,354,245,296,51,463,109
14157,img/img_00087686.jpg,full-body clothes,283,99,180,81,422,139
14158,img/img_00087698.jpg,upper-body clothes,140,94,144,50,227,87
14159,img/img_00087710.jpg,upper-body clothes,139,76,267,191,228,89
14160,img/img_00087716.jpg,upper-body clothes,121,90,122,32,207,86
14161,img/img_00087719.jpg,upper-body clothes,191,92,248,156,348,157
14162,img/img_00087737.jpg,upper-body clothes,302,136,195,59,422,120
14163,img/img_00087744.jpg,upper-body clothes,494,231,231,0,494,0
14164,img/img_00087749.jpg,upper-body clothes,236,69,185,116,407,171
14165,img/img_00087771.jpg,lower-body clothes,427,142,322,180,439,12
14166,img/img_00087782.jpg,lower-body clothes,266,89,179,90,271,5
14167,img/img_00087783.jpg,upper-body clothes,323,179,210,31,334,11
14168,img/img_00087805.jpg,lower-body clothes,444,47,202,155,466,22
14169,img/img_00087813.jpg,lower-body clothes,122,144,329,185,149,27
14170,img/img_00087814.jpg,lower-body clothes,287,88,177,89,500,213
14171,img/img_00087820.jpg,lower-body clothes,132,141,141,0,132,0
14172,img/img_00087824.jpg,lower-body clothes,132,124,124,0,132,0
14173,img/img_00087828.jpg,lower-body clothes,158,98,142,44,193,35
14174,img/img_00087836.jpg,upper-body clothes,244,122,202,80,483,239
14175,img/img_00087840.jpg,upper-body clothes,116,104,217,113,264,148
14176,img/img_00087853.jpg,full-body clothes,241,88,156,68,301,60
14177,img/img_00087856.jpg,full-body clothes,273,179,257,78,384,111
14178,img/img_00087860.jpg,full-body clothes,277,124,253,129,346,69
14179,img/img_00087877.jpg,full-body clothes,182,93,198,105,256,74
14180,img/img_00087881.jpg,lower-body clothes,155,205,256,51,308,153
14181,img/img_00087892.jpg,lower-body clothes,233,300,410,110,431,198
14182,img/img_00087896.jpg,lower-body clothes,323,347,347,0,323,0
14183,img/img_00087909.jpg,upper-body clothes,321,465,465,0,321,0
14184,img/img_00087913.jpg,upper-body clothes,64,34,196,162,92,28
14185,img/img_00087921.jpg,upper-body clothes,372,244,297,53,450,78
14186,img/img_00087923.jpg,upper-body clothes,128,64,140,76,192,64
14187,img/img_00087925.jpg,upper-body clothes,112,82,160,78,191,79
14188,img/img_00087933.jpg,upper-body clothes,139,76,188,112,228,89
14189,img/img_00087958.jpg,full-body clothes,238,205,205,0,238,0
14190,img/img_00087976.jpg,upper-body clothes,417,314,423,109,471,54
14191,img/img_00087993.jpg,upper-body clothes,243,152,328,176,373,130
14192,img/img_00088014.jpg,lower-body clothes,254,390,414,24,265,11
14193,img/img_00088017.jpg,lower-body clothes,125,74,428,354,315,190
14194,img/img_00088044.jpg,lower-body clothes,161,284,293,9,213,52
14195,img/img_00088046.jpg,lower-body clothes,254,315,400,85,277,23
14196,img/img_00088047.jpg,lower-body clothes,88,129,309,180,140,52
14197,img/img_00088050.jpg,lower-body clothes,207,314,330,16,337,130
14198,img/img_00088051.jpg,lower-body clothes,158,111,189,78,331,173
14199,img/img_00088052.jpg,lower-body clothes,128,126,269,143,389,261
14200,img/img_00088054.jpg,lower-body clothes,166,159,171,12,231,65
14201,img/img_00088065.jpg,full-body clothes,239,77,156,79,338,99
14202,img/img_00088086.jpg,lower-body clothes,254,121,334,213,314,60
14203,img/img_00088088.jpg,lower-body clothes,326,139,434,295,398,72
14204,img/img_00088100.jpg,lower-body clothes,342,156,204,48,425,83
14205,img/img_00088108.jpg,full-body clothes,384,95,181,86,467,83
14206,img/img_00088116.jpg,full-body clothes,201,127,301,174,272,71
14207,img/img_00088121.jpg,upper-body clothes,205,129,269,140,416,211
14208,img/img_00088126.jpg,upper-body clothes,181,123,190,67,281,100
14209,img/img_00088132.jpg,upper-body clothes,128,70,208,138,228,100
14210,img/img_00088133.jpg,upper-body clothes,289,139,224,85,475,186
14211,img/img_00088141.jpg,upper-body clothes,217,125,323,198,341,124
14212,img/img_00088150.jpg,upper-body clothes,108,272,272,0,108,0
14213,img/img_00088153.jpg,upper-body clothes,271,147,333,186,337,66
14214,img/img_00088156.jpg,upper-body clothes,246,111,222,111,372,126
14215,img/img_00088163.jpg,upper-body clothes,116,59,134,75,183,67
14216,img/img_00088168.jpg,upper-body clothes,213,491,491,0,213,0
14217,img/img_00088171.jpg,upper-body clothes,440,253,253,0,440,0
14218,img/img_00088176.jpg,upper-body clothes,195,107,194,87,317,122
14219,img/img_00088177.jpg,upper-body clothes,346,166,309,143,416,70
14220,img/img_00088180.jpg,upper-body clothes,51,202,202,0,51,0
14221,img/img_00088184.jpg,upper-body clothes,335,317,407,90,412,77
14222,img/img_00088193.jpg,full-body clothes,368,43,120,77,484,116
14223,img/img_00088195.jpg,full-body clothes,190,161,161,0,190,0
14224,img/img_00088200.jpg,full-body clothes,376,55,215,160,455,79
14225,img/img_00088201.jpg,full-body clothes,378,57,217,160,460,82
14226,img/img_00088202.jpg,full-body clothes,343,39,186,147,455,112
14227,img/img_00088204.jpg,full-body clothes,416,142,245,103,497,81
14228,img/img_00088205.jpg,full-body clothes,263,36,176,140,309,46
14229,img/img_00088219.jpg,upper-body clothes,487,209,209,0,487,0
14230,img/img_00088220.jpg,upper-body clothes,169,148,175,27,186,17
14231,img/img_00088246.jpg,lower-body clothes,110,78,133,55,113,3
14232,img/img_00088255.jpg,lower-body clothes,181,174,242,68,190,9
14233,img/img_00088271.jpg,upper-body clothes,267,194,275,81,413,146
14234,img/img_00088276.jpg,upper-body clothes,277,197,262,65,442,165
14235,img/img_00088278.jpg,upper-body clothes,440,298,417,119,493,53
14236,img/img_00088285.jpg,upper-body clothes,286,208,340,132,464,178
14237,img/img_00088296.jpg,full-body clothes,203,123,210,87,289,86
14238,img/img_00088303.jpg,upper-body clothes,71,206,206,0,71,0
14239,img/img_00088306.jpg,lower-body clothes,222,288,342,54,331,109
14240,img/img_00088310.jpg,lower-body clothes,177,162,336,174,254,77
14241,img/img_00088312.jpg,lower-body clothes,121,126,219,93,134,13
14242,img/img_00088322.jpg,upper-body clothes,425,448,448,0,425,0
14243,img/img_00088326.jpg,upper-body clothes,475,214,214,0,475,0
14244,img/img_00088328.jpg,upper-body clothes,171,222,222,0,171,0
14245,img/img_00088329.jpg,upper-body clothes,167,83,209,126,204,37
14246,img/img_00088333.jpg,lower-body clothes,74,82,241,159,287,213
14247,img/img_00088338.jpg,lower-body clothes,59,78,291,213,262,203
14248,img/img_00088340.jpg,lower-body clothes,76,83,210,127,287,211
14249,img/img_00088350.jpg,lower-body clothes,167,121,182,61,186,19
14250,img/img_00088371.jpg,lower-body clothes,186,81,145,64,199,13
14251,img/img_00088378.jpg,lower-body clothes,346,125,168,43,391,45
14252,img/img_00088390.jpg,upper-body clothes,274,149,262,113,436,162
14253,img/img_00088392.jpg,upper-body clothes,102,62,136,74,161,59
14254,img/img_00088394.jpg,upper-body clothes,86,67,141,74,155,69
14255,img/img_00088398.jpg,upper-body clothes,255,257,257,0,255,0
14256,img/img_00088407.jpg,upper-body clothes,138,65,130,65,202,64
14257,img/img_00088417.jpg,upper-body clothes,112,82,218,136,280,168
14258,img/img_00088419.jpg,upper-body clothes,85,49,105,56,138,53
14259,img/img_00088421.jpg,upper-body clothes,165,76,182,106,236,71
14260,img/img_00088423.jpg,upper-body clothes,126,85,167,82,189,63
14261,img/img_00088434.jpg,upper-body clothes,215,78,213,135,338,123
14262,img/img_00088445.jpg,upper-body clothes,169,169,358,189,320,151
14263,img/img_00088448.jpg,upper-body clothes,128,77,204,127,235,107
14264,img/img_00088454.jpg,full-body clothes,225,132,132,0,225,0
14265,img/img_00088462.jpg,full-body clothes,157,84,127,43,210,53
14266,img/img_00088467.jpg,upper-body clothes,135,93,153,60,189,54
14267,img/img_00088470.jpg,upper-body clothes,155,109,149,40,214,59
14268,img/img_00088471.jpg,upper-body clothes,162,70,230,160,254,92
14269,img/img_00088473.jpg,upper-body clothes,257,94,194,100,402,145
14270,img/img_00088474.jpg,upper-body clothes,201,197,197,0,201,0
14271,img/img_00088479.jpg,upper-body clothes,119,72,206,134,214,95
14272,img/img_00088481.jpg,upper-body clothes,464,238,238,0,464,0
14273,img/img_00088485.jpg,full-body clothes,202,47,150,103,262,60
14274,img/img_00088488.jpg,full-body clothes,191,149,221,72,274,83
14275,img/img_00088496.jpg,full-body clothes,166,91,163,72,231,65
14276,img/img_00088500.jpg,full-body clothes,360,275,423,148,493,133
14277,img/img_00088506.jpg,upper-body clothes,145,64,223,159,235,90
14278,img/img_00088512.jpg,upper-body clothes,207,104,170,66,328,121
14279,img/img_00088513.jpg,upper-body clothes,400,307,414,107,406,6
14280,img/img_00088514.jpg,upper-body clothes,375,119,242,123,412,37
14281,img/img_00088521.jpg,full-body clothes,165,86,128,42,225,60
14282,img/img_00088528.jpg,full-body clothes,344,86,169,83,442,98
14283,img/img_00088537.jpg,upper-body clothes,246,135,135,0,246,0
14284,img/img_00088552.jpg,upper-body clothes,241,129,172,43,300,59
14285,img/img_00088565.jpg,upper-body clothes,338,139,207,68,355,17
14286,img/img_00088574.jpg,upper-body clothes,208,245,265,20,370,162
14287,img/img_00088595.jpg,full-body clothes,454,245,348,103,476,22
14288,img/img_00088600.jpg,full-body clothes,386,139,279,140,501,115
14289,img/img_00088601.jpg,full-body clothes,306,221,221,0,306,0
14290,img/img_00088604.jpg,full-body clothes,390,205,276,71,413,23
14291,img/img_00088607.jpg,full-body clothes,242,181,243,62,332,90
14292,img/img_00088611.jpg,full-body clothes,130,46,95,49,170,40
14293,img/img_00088620.jpg,upper-body clothes,249,155,201,46,386,137
14294,img/img_00088628.jpg,upper-body clothes,162,150,342,192,325,163
14295,img/img_00088631.jpg,upper-body clothes,83,52,127,75,145,62
14296,img/img_00088633.jpg,upper-body clothes,191,77,180,103,263,72
14297,img/img_00088634.jpg,upper-body clothes,91,60,187,127,158,67
14298,img/img_00088638.jpg,upper-body clothes,291,76,244,168,399,108
14299,img/img_00088652.jpg,upper-body clothes,192,117,248,131,285,93
14300,img/img_00088663.jpg,upper-body clothes,354,134,232,98,468,114
14301,img/img_00088665.jpg,full-body clothes,127,58,130,72,163,36
14302,img/img_00088671.jpg,full-body clothes,352,235,296,61,479,127
14303,img/img_00088672.jpg,full-body clothes,251,79,135,56,332,81
14304,img/img_00088684.jpg,upper-body clothes,201,111,200,89,246,45
14305,img/img_00088693.jpg,upper-body clothes,27,182,182,0,27,0
14306,img/img_00088704.jpg,upper-body clothes,305,177,297,120,454,149
14307,img/img_00088709.jpg,upper-body clothes,42,116,116,0,42,0
14308,img/img_00088716.jpg,upper-body clothes,169,83,150,67,234,65
14309,img/img_00088726.jpg,upper-body clothes,88,93,291,198,223,135
14310,img/img_00088732.jpg,upper-body clothes,196,114,217,103,267,71
14311,img/img_00088734.jpg,upper-body clothes,205,230,230,0,205,0
14312,img/img_00088738.jpg,upper-body clothes,208,133,239,106,384,176
14313,img/img_00088746.jpg,upper-body clothes,135,107,227,120,215,80
14314,img/img_00088752.jpg,upper-body clothes,196,116,220,104,303,107
14315,img/img_00088756.jpg,lower-body clothes,131,95,238,143,302,171
14316,img/img_00088760.jpg,lower-body clothes,197,88,190,102,391,194
14317,img/img_00088763.jpg,lower-body clothes,120,49,147,98,242,122
14318,img/img_00088777.jpg,upper-body clothes,233,256,320,64,384,151
14319,img/img_00088782.jpg,upper-body clothes,120,130,230,100,233,113
14320,img/img_00088801.jpg,lower-body clothes,174,88,134,46,383,209
14321,img/img_00088806.jpg,lower-body clothes,181,65,285,220,195,14
14322,img/img_00088807.jpg,lower-body clothes,188,114,386,272,376,188
14323,img/img_00088821.jpg,full-body clothes,200,56,155,99,259,59
14324,img/img_00088830.jpg,full-body clothes,167,162,162,0,167,0
14325,img/img_00088831.jpg,full-body clothes,134,167,167,0,134,0
14326,img/img_00088838.jpg,lower-body clothes,397,121,244,123,430,33
14327,img/img_00088841.jpg,lower-body clothes,347,134,201,67,357,10
14328,img/img_00088843.jpg,lower-body clothes,428,124,223,99,431,3
14329,img/img_00088845.jpg,lower-body clothes,201,89,142,53,211,10
14330,img/img_00088846.jpg,lower-body clothes,197,109,219,110,403,206
14331,img/img_00088858.jpg,upper-body clothes,295,160,270,110,453,158
14332,img/img_00088859.jpg,upper-body clothes,295,136,235,99,413,118
14333,img/img_00088862.jpg,upper-body clothes,174,71,163,92,260,86
14334,img/img_00088866.jpg,upper-body clothes,283,159,235,76,394,111
14335,img/img_00088869.jpg,upper-body clothes,235,214,214,0,235,0
14336,img/img_00088882.jpg,upper-body clothes,173,258,258,0,173,0
14337,img/img_00088884.jpg,upper-body clothes,306,163,217,54,436,130
14338,img/img_00088887.jpg,upper-body clothes,134,112,365,253,240,106
14339,img/img_00088899.jpg,full-body clothes,141,72,126,54,191,50
14340,img/img_00088910.jpg,upper-body clothes,217,97,206,109,323,106
14341,img/img_00088912.jpg,upper-body clothes,219,162,491,329,252,33
14342,img/img_00088916.jpg,upper-body clothes,173,245,278,33,269,96
14343,img/img_00088919.jpg,upper-body clothes,225,92,196,104,371,146
14344,img/img_00088922.jpg,upper-body clothes,216,174,218,44,247,31
14345,img/img_00088927.jpg,upper-body clothes,137,88,140,52,215,78
14346,img/img_00088931.jpg,upper-body clothes,345,246,430,184,483,138
14347,img/img_00088932.jpg,upper-body clothes,174,260,260,0,174,0
14348,img/img_00088933.jpg,upper-body clothes,295,203,269,66,437,142
14349,img/img_00088942.jpg,upper-body clothes,170,61,110,49,243,73
14350,img/img_00088954.jpg,upper-body clothes,255,203,257,54,419,164
14351,img/img_00088960.jpg,upper-body clothes,234,117,267,150,318,84
14352,img/img_00088961.jpg,upper-body clothes,194,284,284,0,194,0
14353,img/img_00088971.jpg,upper-body clothes,219,121,246,125,375,156
14354,img/img_00088989.jpg,lower-body clothes,60,91,151,60,230,170
14355,img/img_00088997.jpg,upper-body clothes,230,121,247,126,378,148
14356,img/img_00089006.jpg,upper-body clothes,415,196,196,0,415,0
14357,img/img_00089010.jpg,upper-body clothes,480,338,338,0,480,0
14358,img/img_00089011.jpg,upper-body clothes,240,110,279,169,425,185
14359,img/img_00089015.jpg,upper-body clothes,190,89,205,116,271,81
14360,img/img_00089025.jpg,upper-body clothes,153,101,207,106,252,99
14361,img/img_00089031.jpg,upper-body clothes,315,277,277,0,315,0
14362,img/img_00089034.jpg,upper-body clothes,182,111,215,104,264,82
14363,img/img_00089041.jpg,upper-body clothes,487,298,298,0,487,0
14364,img/img_00089046.jpg,upper-body clothes,225,49,216,167,318,93
14365,img/img_00089047.jpg,upper-body clothes,450,278,278,0,450,0
14366,img/img_00089052.jpg,upper-body clothes,453,491,491,0,453,0
14367,img/img_00089056.jpg,upper-body clothes,213,352,352,0,213,0
14368,img/img_00089060.jpg,upper-body clothes,197,138,453,315,340,143
14369,img/img_00089065.jpg,upper-body clothes,147,64,279,215,192,45
14370,img/img_00089069.jpg,upper-body clothes,196,131,244,113,457,261
14371,img/img_00089072.jpg,upper-body clothes,186,93,203,110,259,73
14372,img/img_00089080.jpg,upper-body clothes,138,92,223,131,237,99
14373,img/img_00089082.jpg,upper-body clothes,171,105,118,13,270,99
14374,img/img_00089085.jpg,upper-body clothes,62,55,108,53,68,6
14375,img/img_00089095.jpg,upper-body clothes,302,155,227,72,325,23
14376,img/img_00089097.jpg,full-body clothes,121,83,160,77,168,47
14377,img/img_00089099.jpg,full-body clothes,338,137,265,128,415,77
14378,img/img_00089102.jpg,full-body clothes,293,243,243,0,293,0
14379,img/img_00089103.jpg,full-body clothes,296,165,266,101,397,101
14380,img/img_00089113.jpg,full-body clothes,51,156,156,0,51,0
14381,img/img_00089122.jpg,full-body clothes,504,252,252,0,504,0
14382,img/img_00089124.jpg,full-body clothes,161,51,189,138,329,168
14383,img/img_00089129.jpg,full-body clothes,70,71,71,0,70,0
14384,img/img_00089139.jpg,full-body clothes,173,96,168,72,229,56
14385,img/img_00089140.jpg,full-body clothes,360,379,379,0,360,0
14386,img/img_00089147.jpg,upper-body clothes,116,64,134,70,187,71
14387,img/img_00089152.jpg,upper-body clothes,319,242,242,0,319,0
14388,img/img_00089154.jpg,upper-body clothes,197,111,111,0,197,0
14389,img/img_00089155.jpg,upper-body clothes,109,64,131,67,183,74
14390,img/img_00089156.jpg,upper-body clothes,161,140,201,61,268,107
14391,img/img_00089158.jpg,upper-body clothes,199,108,161,53,292,93
14392,img/img_00089159.jpg,upper-body clothes,173,53,164,111,265,92
14393,img/img_00089163.jpg,upper-body clothes,129,40,108,68,185,56
14394,img/img_00089170.jpg,upper-body clothes,127,82,188,106,213,86
14395,img/img_00089171.jpg,upper-body clothes,335,58,153,95,423,88
14396,img/img_00089176.jpg,lower-body clothes,246,86,209,123,456,210
14397,img/img_00089177.jpg,lower-body clothes,360,100,229,129,424,64
14398,img/img_00089180.jpg,lower-body clothes,154,56,143,87,272,118
14399,img/img_00089181.jpg,lower-body clothes,233,88,244,156,451,218
14400,img/img_00089183.jpg,lower-body clothes,290,103,204,101,369,79
14401,img/img_00089198.jpg,lower-body clothes,118,49,130,81,226,108
14402,img/img_00089211.jpg,full-body clothes,215,78,195,117,284,69
14403,img/img_00089222.jpg,lower-body clothes,163,98,200,102,167,4
14404,img/img_00089223.jpg,lower-body clothes,112,129,288,159,290,178
14405,img/img_00089225.jpg,lower-body clothes,199,76,334,258,457,258
14406,img/img_00089237.jpg,full-body clothes,315,45,163,118,420,105
14407,img/img_00089248.jpg,full-body clothes,191,98,218,120,279,88
14408,img/img_00089255.jpg,full-body clothes,223,100,136,36,316,93
14409,img/img_00089271.jpg,upper-body clothes,153,102,324,222,296,143
14410,img/img_00089286.jpg,lower-body clothes,55,71,238,167,351,296
14411,img/img_00089287.jpg,lower-body clothes,132,96,209,113,356,224
14412,img/img_00089297.jpg,lower-body clothes,133,144,340,196,453,320
14413,img/img_00089298.jpg,lower-body clothes,81,103,191,88,255,174
14414,img/img_00089301.jpg,lower-body clothes,77,63,133,70,217,140
14415,img/img_00089306.jpg,lower-body clothes,125,185,275,90,449,324
14416,img/img_00089307.jpg,upper-body clothes,317,197,260,63,455,138
14417,img/img_00089309.jpg,upper-body clothes,174,140,140,0,174,0
14418,img/img_00089314.jpg,upper-body clothes,346,171,171,0,346,0
14419,img/img_00089317.jpg,upper-body clothes,147,73,241,168,221,74
14420,img/img_00089322.jpg,upper-body clothes,178,121,169,48,248,70
14421,img/img_00089335.jpg,full-body clothes,402,64,245,181,474,72
14422,img/img_00089342.jpg,full-body clothes,370,87,240,153,455,85
14423,img/img_00089351.jpg,upper-body clothes,256,163,225,62,275,19
14424,img/img_00089352.jpg,upper-body clothes,300,346,346,0,300,0
14425,img/img_00089356.jpg,lower-body clothes,119,101,198,97,141,22
14426,img/img_00089357.jpg,lower-body clothes,95,151,235,84,356,261
14427,img/img_00089367.jpg,lower-body clothes,60,74,134,60,75,15
14428,img/img_00089371.jpg,lower-body clothes,112,145,234,89,425,313
14429,img/img_00089372.jpg,lower-body clothes,111,161,244,83,355,244
14430,img/img_00089375.jpg,lower-body clothes,94,141,180,39,294,200
14431,img/img_00089386.jpg,lower-body clothes,115,28,139,111,117,2
14432,img/img_00089387.jpg,lower-body clothes,240,130,250,120,328,88
14433,img/img_00089393.jpg,full-body clothes,350,146,186,40,460,110
14434,img/img_00089395.jpg,full-body clothes,376,139,273,134,478,102
14435,img/img_00089400.jpg,full-body clothes,330,86,193,107,390,60
14436,img/img_00089402.jpg,full-body clothes,345,144,235,91,454,109
14437,img/img_00089412.jpg,upper-body clothes,459,318,415,97,477,18
14438,img/img_00089414.jpg,upper-body clothes,274,185,242,57,432,158
14439,img/img_00089415.jpg,upper-body clothes,183,109,196,87,240,57
14440,img/img_00089419.jpg,upper-body clothes,222,294,294,0,222,0
14441,img/img_00089425.jpg,full-body clothes,400,105,222,117,480,80
14442,img/img_00089428.jpg,full-body clothes,342,73,155,82,422,80
14443,img/img_00089431.jpg,full-body clothes,191,234,234,0,191,0
14444,img/img_00089433.jpg,full-body clothes,363,99,226,127,448,85
14445,img/img_00089452.jpg,full-body clothes,343,122,229,107,477,134
14446,img/img_00089453.jpg,full-body clothes,364,46,149,103,473,109
14447,img/img_00089474.jpg,full-body clothes,249,72,237,165,330,81
14448,img/img_00089475.jpg,full-body clothes,178,116,268,152,254,76
14449,img/img_00089481.jpg,full-body clothes,288,100,222,122,391,103
14450,img/img_00089482.jpg,full-body clothes,189,71,212,141,336,147
14451,img/img_00089483.jpg,full-body clothes,191,94,207,113,284,93
14452,img/img_00089484.jpg,full-body clothes,372,196,309,113,434,62
14453,img/img_00089494.jpg,full-body clothes,211,96,162,66,243,32
14454,img/img_00089507.jpg,lower-body clothes,83,85,191,106,278,195
14455,img/img_00089510.jpg,lower-body clothes,117,136,158,22,394,277
14456,img/img_00089522.jpg,full-body clothes,210,26,215,189,284,74
14457,img/img_00089523.jpg,full-body clothes,385,78,211,133,478,93
14458,img/img_00089528.jpg,full-body clothes,225,122,216,94,295,70
14459,img/img_00089540.jpg,full-body clothes,205,139,311,172,329,124
14460,img/img_00089541.jpg,full-body clothes,341,189,189,0,341,0
14461,img/img_00089543.jpg,full-body clothes,312,134,287,153,435,123
14462,img/img_00089549.jpg,upper-body clothes,194,119,267,148,294,100
14463,img/img_00089551.jpg,upper-body clothes,313,87,238,151,386,73
14464,img/img_00089553.jpg,upper-body clothes,348,244,343,99,426,78
14465,img/img_00089562.jpg,upper-body clothes,204,103,224,121,312,108
14466,img/img_00089564.jpg,upper-body clothes,257,135,256,121,413,156
14467,img/img_00089575.jpg,upper-body clothes,382,283,340,57,470,88
14468,img/img_00089576.jpg,upper-body clothes,319,148,249,101,365,46
14469,img/img_00089583.jpg,full-body clothes,344,176,294,118,468,124
14470,img/img_00089584.jpg,full-body clothes,213,107,238,131,306,93
14471,img/img_00089587.jpg,full-body clothes,343,96,233,137,467,124
14472,img/img_00089595.jpg,lower-body clothes,130,54,137,83,226,96
14473,img/img_00089598.jpg,lower-body clothes,225,88,220,132,333,108
14474,img/img_00089608.jpg,lower-body clothes,143,67,174,107,282,139
14475,img/img_00089614.jpg,lower-body clothes,204,72,234,162,443,239
14476,img/img_00089624.jpg,upper-body clothes,240,391,391,0,240,0
14477,img/img_00089630.jpg,upper-body clothes,88,233,233,0,88,0
14478,img/img_00089636.jpg,upper-body clothes,420,267,267,0,420,0
14479,img/img_00089641.jpg,full-body clothes,349,150,287,137,462,113
14480,img/img_00089642.jpg,full-body clothes,334,93,207,114,454,120
14481,img/img_00089647.jpg,full-body clothes,379,127,239,112,490,111
14482,img/img_00089649.jpg,full-body clothes,318,119,197,78,367,49
14483,img/img_00089664.jpg,upper-body clothes,204,155,230,75,335,131
14484,img/img_00089695.jpg,full-body clothes,312,166,257,91,432,120
14485,img/img_00089696.jpg,full-body clothes,303,65,178,113,418,115
14486,img/img_00089704.jpg,full-body clothes,199,89,164,75,262,63
14487,img/img_00089710.jpg,full-body clothes,204,101,101,0,204,0
14488,img/img_00089711.jpg,full-body clothes,290,134,243,109,415,125
14489,img/img_00089720.jpg,full-body clothes,283,121,229,108,421,138
14490,img/img_00089727.jpg,full-body clothes,304,159,258,99,442,138
14491,img/img_00089732.jpg,full-body clothes,159,73,124,51,227,68
14492,img/img_00089733.jpg,full-body clothes,160,113,155,42,219,59
14493,img/img_00089740.jpg,full-body clothes,203,110,318,208,269,66
14494,img/img_00089752.jpg,full-body clothes,389,95,249,154,474,85
14495,img/img_00089757.jpg,full-body clothes,290,246,246,0,290,0
14496,img/img_00089762.jpg,full-body clothes,397,86,240,154,490,93
14497,img/img_00089770.jpg,full-body clothes,402,47,195,148,490,88
14498,img/img_00089771.jpg,full-body clothes,355,122,219,97,449,94
14499,img/img_00089774.jpg,full-body clothes,396,81,233,152,479,83
14500,img/img_00089779.jpg,lower-body clothes,94,99,120,21,310,216
14501,img/img_00089791.jpg,lower-body clothes,126,237,260,23,149,23
14502,img/img_00089793.jpg,lower-body clothes,56,88,153,65,102,46
14503,img/img_00089799.jpg,full-body clothes,158,103,290,187,281,123
14504,img/img_00089803.jpg,full-body clothes,124,72,190,118,175,51
14505,img/img_00089809.jpg,full-body clothes,190,116,269,153,341,151
14506,img/img_00089829.jpg,upper-body clothes,250,118,258,140,404,154
14507,img/img_00089830.jpg,upper-body clothes,224,184,250,66,360,136
14508,img/img_00089832.jpg,upper-body clothes,270,214,214,0,270,0
14509,img/img_00089833.jpg,lower-body clothes,195,225,273,48,260,65
14510,img/img_00089841.jpg,lower-body clothes,118,112,204,92,397,279
14511,img/img_00089846.jpg,lower-body clothes,138,171,171,0,138,0
14512,img/img_00089848.jpg,lower-body clothes,157,173,265,92,448,291
14513,img/img_00089864.jpg,upper-body clothes,294,99,214,115,376,82
14514,img/img_00089867.jpg,upper-body clothes,294,124,232,108,423,129
14515,img/img_00089874.jpg,upper-body clothes,260,136,211,75,328,68
14516,img/img_00089880.jpg,upper-body clothes,124,121,213,92,247,123
14517,img/img_00089885.jpg,upper-body clothes,246,155,155,0,246,0
14518,img/img_00089888.jpg,upper-body clothes,305,122,192,70,434,129
14519,img/img_00089890.jpg,upper-body clothes,162,111,235,124,279,117
14520,img/img_00089892.jpg,upper-body clothes,336,264,264,0,336,0
14521,img/img_00089893.jpg,upper-body clothes,185,104,179,75,265,80
14522,img/img_00089899.jpg,upper-body clothes,287,130,203,73,411,124
14523,img/img_00089900.jpg,upper-body clothes,163,168,168,0,163,0
14524,img/img_00089903.jpg,upper-body clothes,247,160,160,0,247,0
14525,img/img_00089909.jpg,upper-body clothes,227,113,232,119,317,90
14526,img/img_00089913.jpg,upper-body clothes,224,99,215,116,359,135
14527,img/img_00089914.jpg,full-body clothes,270,79,163,84,332,62
14528,img/img_00089915.jpg,full-body clothes,311,205,257,52,450,139
14529,img/img_00089919.jpg,full-body clothes,304,87,257,170,412,108
14530,img/img_00089926.jpg,full-body clothes,314,171,282,111,369,55
14531,img/img_00089928.jpg,full-body clothes,328,206,303,97,447,119
14532,img/img_00089937.jpg,full-body clothes,148,63,151,88,199,51
14533,img/img_00089938.jpg,full-body clothes,339,125,243,118,452,113
14534,img/img_00089940.jpg,full-body clothes,377,45,212,167,436,59
14535,img/img_00089948.jpg,lower-body clothes,192,178,204,26,472,280
14536,img/img_00089951.jpg,lower-body clothes,175,152,242,90,473,298
14537,img/img_00089959.jpg,lower-body clothes,115,132,186,54,291,176
14538,img/img_00089960.jpg,lower-body clothes,153,132,234,102,424,271
14539,img/img_00089964.jpg,lower-body clothes,143,150,184,34,420,277
14540,img/img_00089978.jpg,lower-body clothes,179,291,291,0,179,0
14541,img/img_00089983.jpg,lower-body clothes,113,111,150,39,233,120
14542,img/img_00089986.jpg,full-body clothes,227,92,206,114,294,67
14543,img/img_00089988.jpg,full-body clothes,336,54,184,130,424,88
14544,img/img_00089995.jpg,full-body clothes,237,91,171,80,329,92
14545,img/img_00090013.jpg,upper-body clothes,137,69,130,61,204,67
14546,img/img_00090018.jpg,upper-body clothes,243,145,300,155,330,87
14547,img/img_00090019.jpg,upper-body clothes,277,164,228,64,409,132
14548,img/img_00090023.jpg,upper-body clothes,209,166,230,64,316,107
14549,img/img_00090028.jpg,upper-body clothes,145,76,116,40,207,62
14550,img/img_00090034.jpg,full-body clothes,207,53,135,82,274,67
14551,img/img_00090044.jpg,full-body clothes,214,98,220,122,274,60
14552,img/img_00090046.jpg,full-body clothes,276,146,151,5,327,51
14553,img/img_00090058.jpg,full-body clothes,256,37,194,157,333,77
14554,img/img_00090067.jpg,lower-body clothes,311,164,258,94,424,113
14555,img/img_00090070.jpg,lower-body clothes,381,125,234,109,415,34
14556,img/img_00090075.jpg,lower-body clothes,211,80,191,111,402,191
14557,img/img_00090077.jpg,lower-body clothes,189,77,137,60,196,7
14558,img/img_00090082.jpg,lower-body clothes,332,87,256,169,340,8
14559,img/img_00090092.jpg,full-body clothes,301,190,306,116,408,107
14560,img/img_00090101.jpg,upper-body clothes,169,105,215,110,269,100
14561,img/img_00090107.jpg,upper-body clothes,283,123,192,69,413,130
14562,img/img_00090111.jpg,upper-body clothes,193,76,157,81,255,62
14563,img/img_00090115.jpg,upper-body clothes,191,166,248,82,276,85
14564,img/img_00090122.jpg,lower-body clothes,96,136,405,269,269,173
14565,img/img_00090127.jpg,lower-body clothes,66,90,420,330,241,175
14566,img/img_00090129.jpg,lower-body clothes,311,254,254,0,311,0
14567,img/img_00090149.jpg,lower-body clothes,137,80,160,80,324,187
14568,img/img_00090156.jpg,lower-body clothes,59,69,156,87,182,123
14569,img/img_00090157.jpg,lower-body clothes,71,93,159,66,222,151
14570,img/img_00090160.jpg,lower-body clothes,137,156,199,43,451,314
14571,img/img_00090165.jpg,full-body clothes,243,79,157,78,308,65
14572,img/img_00090171.jpg,full-body clothes,186,72,135,63,231,45
14573,img/img_00090185.jpg,upper-body clothes,239,94,168,74,345,106
14574,img/img_00090186.jpg,upper-body clothes,188,53,121,68,243,55
14575,img/img_00090190.jpg,upper-body clothes,302,190,190,0,302,0
14576,img/img_00090193.jpg,upper-body clothes,19,297,297,0,19,0
14577,img/img_00090201.jpg,upper-body clothes,213,82,210,128,346,133
14578,img/img_00090203.jpg,upper-body clothes,377,22,184,162,392,15
14579,img/img_00090205.jpg,upper-body clothes,182,265,265,0,182,0
14580,img/img_00090257.jpg,upper-body clothes,122,116,239,123,244,122
14581,img/img_00090260.jpg,upper-body clothes,234,187,250,63,385,151
14582,img/img_00090270.jpg,lower-body clothes,163,156,289,133,334,171
14583,img/img_00090273.jpg,lower-body clothes,139,82,197,115,340,201
14584,img/img_00090278.jpg,full-body clothes,289,184,325,141,412,123
14585,img/img_00090279.jpg,full-body clothes,150,95,163,68,206,56
14586,img/img_00090281.jpg,full-body clothes,236,154,293,139,312,76
14587,img/img_00090282.jpg,full-body clothes,357,132,262,130,476,119
14588,img/img_00090286.jpg,full-body clothes,259,134,227,93,346,87
14589,img/img_00090295.jpg,full-body clothes,139,47,119,72,189,50
14590,img/img_00090309.jpg,full-body clothes,281,54,205,151,361,80
14591,img/img_00090313.jpg,full-body clothes,261,69,217,148,333,72
14592,img/img_00090316.jpg,full-body clothes,241,111,277,166,316,75
14593,img/img_00090319.jpg,full-body clothes,386,338,338,0,386,0
14594,img/img_00090328.jpg,upper-body clothes,156,92,133,41,245,89
14595,img/img_00090338.jpg,lower-body clothes,89,75,150,75,96,7
14596,img/img_00090342.jpg,lower-body clothes,135,166,262,96,142,7
14597,img/img_00090343.jpg,lower-body clothes,71,87,163,76,84,13
14598,img/img_00090347.jpg,lower-body clothes,221,81,266,185,269,48
14599,img/img_00090350.jpg,lower-body clothes,295,221,300,79,434,139
14600,img/img_00090365.jpg,upper-body clothes,288,411,411,0,288,0
14601,img/img_00090374.jpg,upper-body clothes,154,93,212,119,254,100
14602,img/img_00090381.jpg,lower-body clothes,164,95,197,102,383,219
14603,img/img_00090385.jpg,lower-body clothes,163,154,230,76,363,200
14604,img/img_00090386.jpg,lower-body clothes,145,203,424,221,465,320
14605,img/img_00090387.jpg,lower-body clothes,145,16,272,256,163,18
14606,img/img_00090388.jpg,lower-body clothes,108,43,183,140,323,215
14607,img/img_00090392.jpg,lower-body clothes,215,147,147,0,215,0
14608,img/img_00090398.jpg,lower-body clothes,155,63,156,93,274,119
14609,img/img_00090407.jpg,lower-body clothes,88,118,219,101,150,62
14610,img/img_00090408.jpg,lower-body clothes,94,79,143,64,139,45
14611,img/img_00090411.jpg,lower-body clothes,41,64,144,80,166,125
14612,img/img_00090412.jpg,lower-body clothes,101,89,221,132,326,225
14613,img/img_00090416.jpg,lower-body clothes,356,269,269,0,356,0
14614,img/img_00090420.jpg,upper-body clothes,216,125,236,111,328,112
14615,img/img_00090421.jpg,upper-body clothes,282,179,265,86,413,131
14616,img/img_00090427.jpg,upper-body clothes,161,135,234,99,268,107
14617,img/img_00090432.jpg,upper-body clothes,331,162,319,157,410,79
14618,img/img_00090434.jpg,upper-body clothes,114,93,241,148,196,82
14619,img/img_00090440.jpg,upper-body clothes,243,134,224,90,359,116
14620,img/img_00090441.jpg,upper-body clothes,149,106,147,41,216,67
14621,img/img_00090448.jpg,upper-body clothes,216,124,250,126,335,119
14622,img/img_00090459.jpg,upper-body clothes,450,265,265,0,450,0
14623,img/img_00090469.jpg,upper-body clothes,406,341,341,0,406,0
14624,img/img_00090481.jpg,upper-body clothes,158,114,226,112,239,81
14625,img/img_00090482.jpg,upper-body clothes,153,163,198,35,222,69
14626,img/img_00090487.jpg,upper-body clothes,293,267,267,0,293,0
14627,img/img_00090491.jpg,upper-body clothes,280,181,377,196,390,110
14628,img/img_00090499.jpg,upper-body clothes,398,455,455,0,398,0
14629,img/img_00090513.jpg,upper-body clothes,304,320,320,0,304,0
14630,img/img_00090514.jpg,upper-body clothes,311,359,359,0,311,0
14631,img/img_00090517.jpg,full-body clothes,232,116,226,110,265,33
14632,img/img_00090519.jpg,full-body clothes,476,174,271,97,496,20
14633,img/img_00090521.jpg,full-body clothes,214,82,183,101,286,72
14634,img/img_00090536.jpg,full-body clothes,347,58,194,136,479,132
14635,img/img_00090539.jpg,full-body clothes,430,378,378,0,430,0
14636,img/img_00090543.jpg,full-body clothes,359,160,273,113,497,138
14637,img/img_00090546.jpg,full-body clothes,357,369,369,0,357,0
14638,img/img_00090555.jpg,full-body clothes,373,183,215,32,473,100
14639,img/img_00090563.jpg,full-body clothes,172,110,169,59,225,53
14640,img/img_00090578.jpg,full-body clothes,223,55,143,88,297,74
14641,img/img_00090580.jpg,full-body clothes,207,286,286,0,207,0
14642,img/img_00090582.jpg,full-body clothes,162,87,174,87,213,51
14643,img/img_00090587.jpg,full-body clothes,344,310,363,53,455,111
14644,img/img_00090593.jpg,upper-body clothes,174,120,193,73,307,133
14645,img/img_00090597.jpg,upper-body clothes,437,251,251,0,437,0
14646,img/img_00090599.jpg,upper-body clothes,112,65,203,138,238,126
14647,img/img_00090602.jpg,upper-body clothes,106,76,186,110,197,91
14648,img/img_00090603.jpg,full-body clothes,170,84,154,70,220,50
14649,img/img_00090608.jpg,full-body clothes,271,67,158,91,327,56
14650,img/img_00090620.jpg,lower-body clothes,209,240,240,0,209,0
14651,img/img_00090624.jpg,lower-body clothes,172,89,160,71,176,4
14652,img/img_00090629.jpg,lower-body clothes,168,86,180,94,266,98
14653,img/img_00090633.jpg,lower-body clothes,139,60,161,101,176,37
14654,img/img_00090636.jpg,lower-body clothes,73,146,146,0,73,0
14655,img/img_00090672.jpg,upper-body clothes,306,56,217,161,404,98
14656,img/img_00090673.jpg,upper-body clothes,106,79,296,217,199,93
14657,img/img_00090680.jpg,upper-body clothes,157,75,121,46,203,46
14658,img/img_00090689.jpg,upper-body clothes,124,96,153,57,194,70
14659,img/img_00090694.jpg,lower-body clothes,178,167,268,101,238,60
14660,img/img_00090700.jpg,lower-body clothes,189,165,234,69,201,12
14661,img/img_00090705.jpg,lower-body clothes,86,63,149,86,225,139
14662,img/img_00090726.jpg,upper-body clothes,189,86,166,80,259,70
14663,img/img_00090735.jpg,full-body clothes,221,354,354,0,221,0
14664,img/img_00090738.jpg,full-body clothes,146,175,175,0,146,0
14665,img/img_00090746.jpg,upper-body clothes,237,96,169,73,271,34
14666,img/img_00090756.jpg,upper-body clothes,497,367,367,0,497,0
14667,img/img_00090759.jpg,full-body clothes,211,73,193,120,268,57
14668,img/img_00090761.jpg,full-body clothes,368,296,296,0,368,0
14669,img/img_00090767.jpg,full-body clothes,320,163,207,44,440,120
14670,img/img_00090769.jpg,full-body clothes,231,97,229,132,318,87
14671,img/img_00090770.jpg,full-body clothes,119,72,141,69,167,48
14672,img/img_00090774.jpg,full-body clothes,352,78,223,145,455,103
14673,img/img_00090780.jpg,full-body clothes,362,163,361,198,462,100
14674,img/img_00090781.jpg,full-body clothes,381,70,206,136,442,61
14675,img/img_00090783.jpg,full-body clothes,422,89,210,121,425,3
14676,img/img_00090787.jpg,full-body clothes,323,175,256,81,452,129
14677,img/img_00090791.jpg,full-body clothes,251,189,189,0,251,0
14678,img/img_00090795.jpg,full-body clothes,330,275,275,0,330,0
14679,img/img_00090797.jpg,full-body clothes,169,81,300,219,250,81
14680,img/img_00090799.jpg,full-body clothes,322,304,304,0,322,0
14681,img/img_00090801.jpg,lower-body clothes,169,39,199,160,436,267
14682,img/img_00090805.jpg,lower-body clothes,182,165,240,75,483,301
14683,img/img_00090809.jpg,lower-body clothes,114,94,163,69,293,179
14684,img/img_00090815.jpg,full-body clothes,292,145,238,93,494,202
14685,img/img_00090818.jpg,full-body clothes,371,213,268,55,478,107
14686,img/img_00090826.jpg,full-body clothes,242,131,215,84,339,97
14687,img/img_00090827.jpg,full-body clothes,166,98,195,97,237,71
14688,img/img_00090838.jpg,full-body clothes,287,137,235,98,403,116
14689,img/img_00090842.jpg,full-body clothes,325,226,292,66,468,143
14690,img/img_00090843.jpg,full-body clothes,392,108,237,129,471,79
14691,img/img_00090847.jpg,full-body clothes,296,195,260,65,403,107
14692,img/img_00090860.jpg,upper-body clothes,352,252,252,0,352,0
14693,img/img_00090869.jpg,upper-body clothes,246,401,401,0,246,0
14694,img/img_00090874.jpg,lower-body clothes,60,425,425,0,60,0
14695,img/img_00090887.jpg,lower-body clothes,154,234,301,67,339,185
14696,img/img_00090893.jpg,upper-body clothes,135,358,358,0,135,0
14697,img/img_00090901.jpg,upper-body clothes,97,108,219,111,215,118
14698,img/img_00090927.jpg,upper-body clothes,195,84,156,72,277,82
14699,img/img_00090948.jpg,full-body clothes,335,88,254,166,416,81
14700,img/img_00090955.jpg,full-body clothes,432,48,210,162,501,69
14701,img/img_00090956.jpg,full-body clothes,399,82,157,75,505,106
14702,img/img_00090957.jpg,full-body clothes,417,153,234,81,498,81
14703,img/img_00090962.jpg,full-body clothes,496,176,176,0,496,0
14704,img/img_00090992.jpg,lower-body clothes,41,54,283,229,218,177
14705,img/img_00090993.jpg,lower-body clothes,269,213,213,0,269,0
14706,img/img_00090997.jpg,full-body clothes,422,43,204,161,506,84
14707,img/img_00091001.jpg,full-body clothes,371,116,172,56,434,63
14708,img/img_00091013.jpg,upper-body clothes,221,274,274,0,221,0
14709,img/img_00091018.jpg,upper-body clothes,200,324,324,0,200,0
14710,img/img_00091020.jpg,upper-body clothes,171,129,167,38,215,44
14711,img/img_00091021.jpg,upper-body clothes,196,144,299,155,338,142
14712,img/img_00091024.jpg,upper-body clothes,169,39,198,159,209,40
14713,img/img_00091025.jpg,upper-body clothes,176,45,196,151,224,48
14714,img/img_00091031.jpg,upper-body clothes,293,377,377,0,293,0
14715,img/img_00091037.jpg,lower-body clothes,310,182,182,0,310,0
14716,img/img_00091051.jpg,lower-body clothes,55,66,134,68,193,138
14717,img/img_00091061.jpg,full-body clothes,188,97,221,124,257,69
14718,img/img_00091064.jpg,full-body clothes,93,59,117,58,161,68
14719,img/img_00091065.jpg,full-body clothes,180,95,230,135,267,87
14720,img/img_00091067.jpg,full-body clothes,142,73,122,49,191,49
14721,img/img_00091080.jpg,upper-body clothes,148,66,207,141,277,129
14722,img/img_00091081.jpg,upper-body clothes,125,138,138,0,125,0
14723,img/img_00091082.jpg,upper-body clothes,242,128,258,130,396,154
14724,img/img_00091091.jpg,upper-body clothes,155,179,179,0,155,0
14725,img/img_00091092.jpg,upper-body clothes,274,420,420,0,274,0
14726,img/img_00091094.jpg,upper-body clothes,347,158,256,98,446,99
14727,img/img_00091119.jpg,upper-body clothes,147,86,86,0,147,0
14728,img/img_00091141.jpg,upper-body clothes,304,46,245,199,418,114
14729,img/img_00091145.jpg,upper-body clothes,107,48,125,77,186,79
14730,img/img_00091152.jpg,full-body clothes,374,162,228,66,461,87
14731,img/img_00091153.jpg,full-body clothes,240,120,287,167,350,110
14732,img/img_00091161.jpg,upper-body clothes,163,251,251,0,163,0
14733,img/img_00091162.jpg,upper-body clothes,197,77,198,121,292,95
14734,img/img_00091166.jpg,upper-body clothes,460,235,367,132,476,16
14735,img/img_00091168.jpg,upper-body clothes,149,33,102,69,249,100
14736,img/img_00091193.jpg,upper-body clothes,331,200,306,106,360,29
14737,img/img_00091213.jpg,lower-body clothes,56,77,132,55,64,8
14738,img/img_00091220.jpg,upper-body clothes,227,190,250,60,390,163
14739,img/img_00091222.jpg,upper-body clothes,115,284,284,0,115,0
14740,img/img_00091227.jpg,upper-body clothes,112,368,368,0,112,0
14741,img/img_00091231.jpg,upper-body clothes,216,270,270,0,216,0
14742,img/img_00091234.jpg,upper-body clothes,492,217,217,0,492,0
14743,img/img_00091237.jpg,full-body clothes,334,59,141,82,443,109
14744,img/img_00091243.jpg,full-body clothes,291,147,284,137,423,132
14745,img/img_00091244.jpg,full-body clothes,173,79,143,64,235,62
14746,img/img_00091251.jpg,full-body clothes,308,157,243,86,427,119
14747,img/img_00091252.jpg,full-body clothes,135,35,115,80,179,44
14748,img/img_00091256.jpg,full-body clothes,486,348,401,53,490,4
14749,img/img_00091257.jpg,upper-body clothes,122,89,122,33,182,60
14750,img/img_00091274.jpg,upper-body clothes,252,144,230,86,400,148
14751,img/img_00091278.jpg,upper-body clothes,291,93,243,150,420,129
14752,img/img_00091299.jpg,upper-body clothes,265,42,159,117,420,155
14753,img/img_00091301.jpg,upper-body clothes,125,82,129,47,199,74
14754,img/img_00091304.jpg,upper-body clothes,211,132,205,73,343,132
14755,img/img_00091309.jpg,upper-body clothes,303,129,242,113,450,147
14756,img/img_00091319.jpg,upper-body clothes,326,61,182,121,500,174
14757,img/img_00091333.jpg,upper-body clothes,171,209,209,0,171,0
14758,img/img_00091335.jpg,lower-body clothes,104,152,280,128,475,371
14759,img/img_00091342.jpg,upper-body clothes,267,191,310,119,406,139
14760,img/img_00091354.jpg,upper-body clothes,279,135,251,116,444,165
14761,img/img_00091360.jpg,upper-body clothes,212,212,212,0,212,0
14762,img/img_00091366.jpg,upper-body clothes,156,118,159,41,186,30
14763,img/img_00091379.jpg,lower-body clothes,374,30,182,152,447,73
14764,img/img_00091388.jpg,lower-body clothes,187,80,129,49,207,20
14765,img/img_00091389.jpg,upper-body clothes,221,149,306,157,364,143
14766,img/img_00091390.jpg,upper-body clothes,212,218,218,0,212,0
14767,img/img_00091394.jpg,lower-body clothes,63,87,115,28,269,206
14768,img/img_00091396.jpg,lower-body clothes,41,8,69,61,160,119
14769,img/img_00091398.jpg,lower-body clothes,234,98,242,144,444,210
14770,img/img_00091416.jpg,upper-body clothes,330,314,314,0,330,0
14771,img/img_00091418.jpg,upper-body clothes,95,60,180,120,156,61
14772,img/img_00091421.jpg,upper-body clothes,354,364,364,0,354,0
14773,img/img_00091425.jpg,lower-body clothes,156,57,138,81,302,146
14774,img/img_00091428.jpg,lower-body clothes,62,59,110,51,220,158
14775,img/img_00091433.jpg,lower-body clothes,65,81,140,59,221,156
14776,img/img_00091442.jpg,lower-body clothes,315,142,448,306,326,11
14777,img/img_00091457.jpg,lower-body clothes,131,55,130,75,173,42
14778,img/img_00091461.jpg,upper-body clothes,126,88,149,61,203,77
14779,img/img_00091468.jpg,upper-body clothes,122,63,130,67,193,71
14780,img/img_00091469.jpg,upper-body clothes,197,54,392,338,326,129
14781,img/img_00091474.jpg,upper-body clothes,151,61,142,81,202,51
14782,img/img_00091482.jpg,upper-body clothes,242,109,255,146,380,138
14783,img/img_00091491.jpg,lower-body clothes,220,89,212,123,459,239
14784,img/img_00091494.jpg,lower-body clothes,208,63,114,51,223,15
14785,img/img_00091504.jpg,lower-body clothes,229,88,149,61,235,6
14786,img/img_00091511.jpg,upper-body clothes,307,67,213,146,436,129
14787,img/img_00091515.jpg,upper-body clothes,161,83,146,63,274,113
14788,img/img_00091536.jpg,upper-body clothes,238,82,106,24,413,175
14789,img/img_00091543.jpg,upper-body clothes,92,74,441,367,188,96
14790,img/img_00091547.jpg,upper-body clothes,165,100,186,86,247,82
14791,img/img_00091553.jpg,lower-body clothes,259,39,202,163,465,206
14792,img/img_00091555.jpg,lower-body clothes,191,71,145,74,362,171
14793,img/img_00091558.jpg,lower-body clothes,231,90,201,111,445,214
14794,img/img_00091562.jpg,lower-body clothes,266,89,215,126,458,192
14795,img/img_00091572.jpg,full-body clothes,247,141,219,78,361,114
14796,img/img_00091586.jpg,lower-body clothes,83,134,212,78,381,298
14797,img/img_00091591.jpg,lower-body clothes,74,92,178,86,305,231
14798,img/img_00091599.jpg,lower-body clothes,76,78,140,62,86,10
14799,img/img_00091600.jpg,lower-body clothes,108,130,167,37,134,26
14800,img/img_00091601.jpg,lower-body clothes,146,51,178,127,266,120
14801,img/img_00091608.jpg,lower-body clothes,246,49,199,150,445,199
14802,img/img_00091609.jpg,lower-body clothes,215,86,193,107,398,183
14803,img/img_00091610.jpg,lower-body clothes,204,114,260,146,408,204
14804,img/img_00091617.jpg,lower-body clothes,144,98,182,84,273,129
14805,img/img_00091626.jpg,lower-body clothes,60,82,114,32,218,158
14806,img/img_00091629.jpg,lower-body clothes,64,88,222,134,269,205
14807,img/img_00091636.jpg,upper-body clothes,111,68,135,67,180,69
14808,img/img_00091638.jpg,upper-body clothes,336,181,268,87,411,75
14809,img/img_00091641.jpg,upper-body clothes,250,150,233,83,383,133
14810,img/img_00091642.jpg,upper-body clothes,304,168,291,123,432,128
14811,img/img_00091653.jpg,upper-body clothes,78,50,150,100,166,88
14812,img/img_00091661.jpg,lower-body clothes,308,115,294,179,362,54
14813,img/img_00091663.jpg,lower-body clothes,98,77,137,60,114,16
14814,img/img_00091670.jpg,lower-body clothes,355,118,229,111,396,41
14815,img/img_00091672.jpg,lower-body clothes,380,76,224,148,440,60
14816,img/img_00091676.jpg,lower-body clothes,81,95,241,146,288,207
14817,img/img_00091680.jpg,full-body clothes,120,17,99,82,161,41
14818,img/img_00091713.jpg,full-body clothes,364,114,252,138,437,73
14819,img/img_00091714.jpg,full-body clothes,185,60,159,99,263,78
14820,img/img_00091727.jpg,full-body clothes,274,65,159,94,324,50
14821,img/img_00091728.jpg,full-body clothes,189,113,207,94,233,44
14822,img/img_00091743.jpg,full-body clothes,194,64,163,99,246,52
14823,img/img_00091745.jpg,full-body clothes,379,195,195,0,379,0
14824,img/img_00091752.jpg,full-body clothes,420,35,169,134,497,77
14825,img/img_00091754.jpg,full-body clothes,345,32,162,130,464,119
14826,img/img_00091763.jpg,lower-body clothes,372,206,282,76,453,81
14827,img/img_00091767.jpg,lower-body clothes,63,144,244,100,348,285
14828,img/img_00091769.jpg,lower-body clothes,138,39,135,96,208,70
14829,img/img_00091777.jpg,lower-body clothes,80,152,370,218,424,344
14830,img/img_00091802.jpg,lower-body clothes,337,127,213,86,420,83
14831,img/img_00091803.jpg,lower-body clothes,152,48,185,137,264,112
14832,img/img_00091804.jpg,lower-body clothes,381,51,201,150,396,15
14833,img/img_00091807.jpg,lower-body clothes,410,77,188,111,428,18
14834,img/img_00091820.jpg,upper-body clothes,127,97,149,52,214,87
14835,img/img_00091828.jpg,upper-body clothes,313,107,223,116,435,122
14836,img/img_00091838.jpg,upper-body clothes,337,393,393,0,337,0
14837,img/img_00091839.jpg,full-body clothes,398,241,314,73,458,60
14838,img/img_00091847.jpg,full-body clothes,297,182,238,56,415,118
14839,img/img_00091848.jpg,full-body clothes,419,297,297,0,419,0
14840,img/img_00091851.jpg,upper-body clothes,196,113,223,110,270,74
14841,img/img_00091852.jpg,upper-body clothes,272,176,252,76,418,146
14842,img/img_00091854.jpg,upper-body clothes,270,179,270,91,425,155
14843,img/img_00091865.jpg,full-body clothes,199,51,200,149,260,61
14844,img/img_00091870.jpg,full-body clothes,395,48,204,156,479,84
14845,img/img_00091874.jpg,full-body clothes,379,97,271,174,458,79
14846,img/img_00091879.jpg,full-body clothes,287,72,153,81,368,81
14847,img/img_00091880.jpg,full-body clothes,205,99,241,142,290,85
14848,img/img_00091885.jpg,full-body clothes,351,140,240,100,474,123
14849,img/img_00091902.jpg,full-body clothes,359,42,153,111,476,117
14850,img/img_00091907.jpg,full-body clothes,275,142,229,87,363,88
14851,img/img_00091910.jpg,upper-body clothes,118,51,116,65,194,76
14852,img/img_00091923.jpg,upper-body clothes,214,131,217,86,330,116
14853,img/img_00091925.jpg,upper-body clothes,189,130,182,52,293,104
14854,img/img_00091930.jpg,upper-body clothes,193,64,183,119,261,68
14855,img/img_00091933.jpg,upper-body clothes,226,130,220,90,327,101
14856,img/img_00091936.jpg,upper-body clothes,231,103,203,100,327,96
14857,img/img_00091947.jpg,upper-body clothes,222,82,159,77,323,101
14858,img/img_00091952.jpg,upper-body clothes,300,96,296,200,441,141
14859,img/img_00091954.jpg,full-body clothes,147,59,201,142,296,149
14860,img/img_00091957.jpg,full-body clothes,286,71,153,82,368,82
14861,img/img_00091960.jpg,full-body clothes,225,52,180,128,309,84
14862,img/img_00091976.jpg,lower-body clothes,195,112,216,104,391,196
14863,img/img_00091978.jpg,lower-body clothes,132,31,189,158,312,180
14864,img/img_00091981.jpg,lower-body clothes,136,85,249,164,328,192
14865,img/img_00091984.jpg,lower-body clothes,150,96,239,143,376,226
14866,img/img_00091993.jpg,lower-body clothes,82,95,143,48,211,129
14867,img/img_00092004.jpg,lower-body clothes,409,191,256,65,413,4
14868,img/img_00092007.jpg,lower-body clothes,437,265,265,0,437,0
14869,img/img_00092018.jpg,lower-body clothes,410,57,201,144,430,20
14870,img/img_00092023.jpg,lower-body clothes,375,134,198,64,383,8
14871,img/img_00092024.jpg,lower-body clothes,148,46,178,132,265,117
14872,img/img_00092025.jpg,upper-body clothes,439,236,236,0,439,0
14873,img/img_00092033.jpg,upper-body clothes,313,123,264,141,435,122
14874,img/img_00092039.jpg,upper-body clothes,267,155,284,129,429,162
14875,img/img_00092055.jpg,upper-body clothes,150,98,204,106,262,112
14876,img/img_00092056.jpg,upper-body clothes,94,55,130,75,138,44
14877,img/img_00092058.jpg,lower-body clothes,171,210,276,66,494,323
14878,img/img_00092066.jpg,lower-body clothes,203,299,326,27,297,94
14879,img/img_00092076.jpg,upper-body clothes,306,60,169,109,415,109
14880,img/img_00092092.jpg,lower-body clothes,239,164,164,0,239,0
14881,img/img_00092097.jpg,lower-body clothes,284,298,298,0,284,0
14882,img/img_00092098.jpg,lower-body clothes,62,77,120,43,213,151
14883,img/img_00092104.jpg,full-body clothes,248,116,162,46,330,82
14884,img/img_00092113.jpg,full-body clothes,215,70,182,112,291,76
14885,img/img_00092116.jpg,full-body clothes,329,207,366,159,466,137
14886,img/img_00092119.jpg,upper-body clothes,413,353,380,27,505,92
14887,img/img_00092125.jpg,upper-body clothes,264,74,224,150,388,124
14888,img/img_00092127.jpg,upper-body clothes,361,137,336,199,501,140
14889,img/img_00092132.jpg,upper-body clothes,194,129,129,0,194,0
14890,img/img_00092137.jpg,upper-body clothes,309,408,408,0,309,0
14891,img/img_00092140.jpg,upper-body clothes,319,144,243,99,432,113
14892,img/img_00092141.jpg,upper-body clothes,154,177,177,0,154,0
14893,img/img_00092145.jpg,full-body clothes,286,79,156,77,367,81
14894,img/img_00092157.jpg,full-body clothes,361,118,242,124,483,122
14895,img/img_00092159.jpg,full-body clothes,221,110,207,97,292,71
14896,img/img_00092161.jpg,full-body clothes,296,35,178,143,372,76
14897,img/img_00092162.jpg,full-body clothes,186,80,207,127,246,60
14898,img/img_00092177.jpg,upper-body clothes,167,56,219,163,252,85
14899,img/img_00092183.jpg,upper-body clothes,270,67,203,136,410,140
14900,img/img_00092190.jpg,upper-body clothes,292,66,320,254,434,142
14901,img/img_00092194.jpg,upper-body clothes,358,185,348,163,500,142
14902,img/img_00092196.jpg,upper-body clothes,342,188,240,52,377,35
14903,img/img_00092200.jpg,upper-body clothes,382,148,270,122,474,92
14904,img/img_00092207.jpg,upper-body clothes,244,129,129,0,244,0
14905,img/img_00092208.jpg,upper-body clothes,235,120,120,0,235,0
14906,img/img_00092215.jpg,upper-body clothes,234,126,126,0,234,0
14907,img/img_00092222.jpg,lower-body clothes,141,57,127,70,164,23
14908,img/img_00092231.jpg,lower-body clothes,199,86,120,34,200,1
14909,img/img_00092234.jpg,lower-body clothes,180,84,237,153,228,48
14910,img/img_00092242.jpg,lower-body clothes,235,208,358,150,486,251
14911,img/img_00092247.jpg,upper-body clothes,493,373,373,0,493,0
14912,img/img_00092251.jpg,lower-body clothes,234,83,166,83,248,14
14913,img/img_00092256.jpg,lower-body clothes,504,121,121,0,504,0
14914,img/img_00092261.jpg,lower-body clothes,260,89,150,61,272,12
14915,img/img_00092266.jpg,lower-body clothes,33,42,118,76,134,101
14916,img/img_00092269.jpg,lower-body clothes,309,155,155,0,309,0
14917,img/img_00092271.jpg,lower-body clothes,393,255,255,0,393,0
14918,img/img_00092279.jpg,full-body clothes,352,81,242,161,475,123
14919,img/img_00092280.jpg,full-body clothes,214,150,197,47,300,86
14920,img/img_00092283.jpg,full-body clothes,152,53,120,67,208,56
14921,img/img_00092287.jpg,upper-body clothes,267,364,364,0,267,0
14922,img/img_00092294.jpg,upper-body clothes,163,77,187,110,251,88
14923,img/img_00092308.jpg,upper-body clothes,134,64,129,65,202,68
14924,img/img_00092311.jpg,upper-body clothes,299,86,212,126,428,129
14925,img/img_00092318.jpg,upper-body clothes,252,196,329,133,405,153
14926,img/img_00092331.jpg,upper-body clothes,278,120,120,0,278,0
14927,img/img_00092335.jpg,upper-body clothes,307,237,269,32,318,11
14928,img/img_00092336.jpg,upper-body clothes,118,64,188,124,201,83
14929,img/img_00092337.jpg,upper-body clothes,109,66,117,51,159,50
14930,img/img_00092345.jpg,upper-body clothes,276,73,149,76,394,118
14931,img/img_00092346.jpg,upper-body clothes,184,51,206,155,283,99
14932,img/img_00092347.jpg,upper-body clothes,199,176,371,195,268,69
14933,img/img_00092353.jpg,upper-body clothes,259,67,186,119,384,125
14934,img/img_00092362.jpg,upper-body clothes,258,284,284,0,258,0
14935,img/img_00092370.jpg,upper-body clothes,220,75,154,79,311,91
14936,img/img_00092371.jpg,upper-body clothes,196,99,304,205,323,127
14937,img/img_00092377.jpg,lower-body clothes,125,53,137,84,219,94
14938,img/img_00092379.jpg,lower-body clothes,71,117,319,202,344,273
14939,img/img_00092406.jpg,lower-body clothes,139,155,240,85,444,305
14940,img/img_00092407.jpg,lower-body clothes,113,156,233,77,393,280
14941,img/img_00092414.jpg,lower-body clothes,84,98,149,51,276,192
14942,img/img_00092418.jpg,lower-body clothes,254,45,204,159,464,210
14943,img/img_00092419.jpg,lower-body clothes,229,142,142,0,229,0
14944,img/img_00092425.jpg,lower-body clothes,239,93,211,118,458,219
14945,img/img_00092433.jpg,lower-body clothes,136,80,152,72,287,151
14946,img/img_00092436.jpg,lower-body clothes,186,65,216,151,369,183
14947,img/img_00092446.jpg,upper-body clothes,318,175,269,94,446,128
14948,img/img_00092449.jpg,upper-body clothes,254,82,163,81,398,144
14949,img/img_00092467.jpg,lower-body clothes,97,103,208,105,254,157
14950,img/img_00092472.jpg,lower-body clothes,338,99,226,127,366,28
14951,img/img_00092487.jpg,lower-body clothes,148,53,159,106,285,137
14952,img/img_00092490.jpg,lower-body clothes,445,41,171,130,461,16
14953,img/img_00092492.jpg,lower-body clothes,129,188,188,0,129,0
14954,img/img_00092502.jpg,upper-body clothes,114,87,144,57,175,61
14955,img/img_00092509.jpg,full-body clothes,334,209,222,13,425,91
14956,img/img_00092514.jpg,full-body clothes,167,83,161,78,228,61
14957,img/img_00092535.jpg,upper-body clothes,98,125,125,0,98,0
14958,img/img_00092536.jpg,upper-body clothes,124,71,178,107,200,76
14959,img/img_00092537.jpg,upper-body clothes,320,94,176,82,454,134
14960,img/img_00092538.jpg,upper-body clothes,150,49,102,53,223,73
14961,img/img_00092539.jpg,upper-body clothes,157,104,147,43,227,70
14962,img/img_00092545.jpg,lower-body clothes,328,38,221,183,336,8
14963,img/img_00092550.jpg,lower-body clothes,242,83,213,130,460,218
14964,img/img_00092554.jpg,lower-body clothes,226,117,189,72,398,172
14965,img/img_00092558.jpg,lower-body clothes,122,40,116,76,228,106
14966,img/img_00092580.jpg,upper-body clothes,259,137,289,152,434,175
14967,img/img_00092581.jpg,upper-body clothes,241,168,254,86,407,166
14968,img/img_00092588.jpg,full-body clothes,171,81,157,76,235,64
14969,img/img_00092589.jpg,full-body clothes,104,54,136,82,140,36
14970,img/img_00092590.jpg,full-body clothes,182,103,226,123,264,82
14971,img/img_00092594.jpg,full-body clothes,172,78,234,156,244,72
14972,img/img_00092598.jpg,full-body clothes,150,95,148,53,217,67
14973,img/img_00092603.jpg,upper-body clothes,330,78,184,106,403,73
14974,img/img_00092609.jpg,upper-body clothes,337,273,273,0,337,0
14975,img/img_00092615.jpg,upper-body clothes,256,108,225,117,414,158
14976,img/img_00092618.jpg,lower-body clothes,367,289,289,0,367,0
14977,img/img_00092625.jpg,lower-body clothes,220,115,199,84,398,178
14978,img/img_00092630.jpg,upper-body clothes,222,59,264,205,374,152
14979,img/img_00092633.jpg,upper-body clothes,147,113,159,46,243,96
14980,img/img_00092635.jpg,upper-body clothes,253,165,202,37,298,45
14981,img/img_00092643.jpg,full-body clothes,225,34,201,167,315,90
14982,img/img_00092646.jpg,full-body clothes,473,233,233,0,473,0
14983,img/img_00092647.jpg,full-body clothes,169,121,146,25,272,103
14984,img/img_00092650.jpg,full-body clothes,324,202,202,0,324,0
14985,img/img_00092656.jpg,upper-body clothes,276,87,227,140,416,140
14986,img/img_00092660.jpg,upper-body clothes,432,221,327,106,483,51
14987,img/img_00092661.jpg,upper-body clothes,207,70,155,85,295,88
14988,img/img_00092671.jpg,full-body clothes,199,22,122,100,241,42
14989,img/img_00092678.jpg,full-body clothes,201,54,157,103,255,54
14990,img/img_00092680.jpg,full-body clothes,220,124,250,126,303,83
14991,img/img_00092683.jpg,full-body clothes,149,80,194,114,200,51
14992,img/img_00092690.jpg,upper-body clothes,266,187,251,64,376,110
14993,img/img_00092694.jpg,upper-body clothes,86,61,127,66,132,46
14994,img/img_00092697.jpg,upper-body clothes,112,136,136,0,112,0
14995,img/img_00092710.jpg,upper-body clothes,99,72,148,76,168,69
14996,img/img_00092714.jpg,upper-body clothes,265,139,244,105,416,151
14997,img/img_00092715.jpg,upper-body clothes,137,71,191,120,227,90
14998,img/img_00092728.jpg,upper-body clothes,198,120,206,86,355,157
14999,img/img_00092742.jpg,upper-body clothes,124,90,258,168,240,116
15000,img/img_00092746.jpg,upper-body clothes,295,214,485,271,450,155
15001,img/img_00092750.jpg,lower-body clothes,177,71,147,76,215,38
15002,img/img_00092752.jpg,lower-body clothes,369,167,255,88,393,24
15003,img/img_00092753.jpg,lower-body clothes,78,118,118,0,78,0
15004,img/img_00092756.jpg,lower-body clothes,435,172,275,103,453,18
15005,img/img_00092761.jpg,lower-body clothes,263,103,236,133,461,198
15006,img/img_00092764.jpg,lower-body clothes,394,218,276,58,408,14
15007,img/img_00092780.jpg,upper-body clothes,203,172,264,92,307,104
15008,img/img_00092798.jpg,lower-body clothes,55,81,149,68,212,157
15009,img/img_00092802.jpg,lower-body clothes,381,93,292,199,417,36
15010,img/img_00092811.jpg,upper-body clothes,272,147,243,96,433,161
15011,img/img_00092819.jpg,upper-body clothes,215,105,216,111,351,136
15012,img/img_00092822.jpg,lower-body clothes,71,92,233,141,304,233
15013,img/img_00092830.jpg,lower-body clothes,52,62,205,143,322,270
15014,img/img_00092836.jpg,upper-body clothes,508,491,491,0,508,0
15015,img/img_00092841.jpg,upper-body clothes,356,294,360,66,503,147
15016,img/img_00092844.jpg,upper-body clothes,382,244,297,53,434,52
15017,img/img_00092851.jpg,lower-body clothes,427,172,350,178,435,8
15018,img/img_00092854.jpg,lower-body clothes,287,120,188,68,297,10
15019,img/img_00092863.jpg,lower-body clothes,115,140,325,185,446,331
15020,img/img_00092868.jpg,lower-body clothes,228,173,289,116,242,14
15021,img/img_00092872.jpg,lower-body clothes,116,117,117,0,116,0
15022,img/img_00092878.jpg,lower-body clothes,256,171,171,0,256,0
15023,img/img_00092885.jpg,upper-body clothes,467,277,277,0,467,0
15024,img/img_00092892.jpg,full-body clothes,267,304,304,0,267,0
15025,img/img_00092895.jpg,full-body clothes,233,297,297,0,233,0
15026,img/img_00092905.jpg,full-body clothes,320,329,329,0,320,0
15027,img/img_00092906.jpg,full-body clothes,251,215,215,0,251,0
15028,img/img_00092907.jpg,full-body clothes,203,289,417,128,307,104
15029,img/img_00092922.jpg,lower-body clothes,70,213,260,47,269,199
15030,img/img_00092925.jpg,upper-body clothes,447,227,316,89,480,33
15031,img/img_00092932.jpg,upper-body clothes,411,274,351,77,475,64
15032,img/img_00092934.jpg,upper-body clothes,337,199,270,71,469,132
15033,img/img_00092940.jpg,lower-body clothes,221,181,181,0,221,0
15034,img/img_00092941.jpg,lower-body clothes,67,73,143,70,186,119
15035,img/img_00092944.jpg,lower-body clothes,123,161,220,59,402,279
15036,img/img_00092956.jpg,upper-body clothes,248,125,260,135,398,150
15037,img/img_00092963.jpg,upper-body clothes,268,108,250,142,426,158
15038,img/img_00092974.jpg,upper-body clothes,111,56,217,161,184,73
15039,img/img_00092993.jpg,lower-body clothes,235,67,148,81,295,60
15040,img/img_00093006.jpg,lower-body clothes,226,322,322,0,226,0
15041,img/img_00093014.jpg,upper-body clothes,212,130,269,139,410,198
15042,img/img_00093040.jpg,lower-body clothes,209,152,244,92,476,267
15043,img/img_00093041.jpg,upper-body clothes,216,146,218,72,359,143
15044,img/img_00093048.jpg,upper-body clothes,138,85,145,60,225,87
15045,img/img_00093054.jpg,lower-body clothes,179,187,285,98,467,288
15046,img/img_00093061.jpg,lower-body clothes,41,456,456,0,41,0
15047,img/img_00093064.jpg,lower-body clothes,51,64,165,101,176,125
15048,img/img_00093066.jpg,lower-body clothes,73,99,212,113,277,204
15049,img/img_00093068.jpg,lower-body clothes,77,92,204,112,291,214
15050,img/img_00093074.jpg,lower-body clothes,161,26,159,133,264,103
15051,img/img_00093090.jpg,lower-body clothes,146,54,284,230,176,30
15052,img/img_00093091.jpg,lower-body clothes,164,62,118,56,184,20
15053,img/img_00093095.jpg,lower-body clothes,318,279,279,0,318,0
15054,img/img_00093096.jpg,lower-body clothes,86,98,226,128,280,194
15055,img/img_00093101.jpg,lower-body clothes,94,105,197,92,284,190
15056,img/img_00093103.jpg,lower-body clothes,230,95,159,64,435,205
15057,img/img_00093104.jpg,lower-body clothes,161,82,215,133,337,176
15058,img/img_00093107.jpg,upper-body clothes,226,134,294,160,307,81
15059,img/img_00093109.jpg,upper-body clothes,188,96,166,70,309,121
15060,img/img_00093119.jpg,upper-body clothes,429,338,338,0,429,0
15061,img/img_00093128.jpg,upper-body clothes,131,85,201,116,214,83
15062,img/img_00093130.jpg,upper-body clothes,176,114,285,171,268,92
15063,img/img_00093131.jpg,upper-body clothes,382,173,214,41,477,95
15064,img/img_00093137.jpg,upper-body clothes,165,107,190,83,283,118
15065,img/img_00093171.jpg,full-body clothes,200,61,137,76,253,53
15066,img/img_00093174.jpg,upper-body clothes,319,180,296,116,478,159
15067,img/img_00093175.jpg,upper-body clothes,203,264,358,94,418,215
15068,img/img_00093178.jpg,upper-body clothes,370,252,252,0,370,0
15069,img/img_00093181.jpg,upper-body clothes,166,208,208,0,166,0
15070,img/img_00093184.jpg,upper-body clothes,109,111,179,68,230,121
15071,img/img_00093188.jpg,upper-body clothes,167,127,167,40,288,121
15072,img/img_00093189.jpg,upper-body clothes,356,232,293,61,486,130
15073,img/img_00093194.jpg,upper-body clothes,142,98,209,111,213,71
15074,img/img_00093195.jpg,upper-body clothes,98,44,121,77,196,98
15075,img/img_00093204.jpg,upper-body clothes,280,199,263,64,426,146
15076,img/img_00093206.jpg,upper-body clothes,325,194,275,81,455,130
15077,img/img_00093210.jpg,upper-body clothes,250,189,259,70,395,145
15078,img/img_00093211.jpg,upper-body clothes,243,156,156,0,243,0
15079,img/img_00093212.jpg,upper-body clothes,204,130,187,57,304,100
15080,img/img_00093221.jpg,upper-body clothes,287,202,368,166,423,136
15081,img/img_00093224.jpg,full-body clothes,234,151,151,0,234,0
15082,img/img_00093245.jpg,full-body clothes,238,84,232,148,293,55
15083,img/img_00093247.jpg,full-body clothes,494,188,188,0,494,0
15084,img/img_00093248.jpg,upper-body clothes,332,312,412,100,466,134
15085,img/img_00093251.jpg,upper-body clothes,504,416,416,0,504,0
15086,img/img_00093252.jpg,upper-body clothes,70,162,162,0,70,0
15087,img/img_00093254.jpg,upper-body clothes,229,75,164,89,320,91
15088,img/img_00093257.jpg,upper-body clothes,184,114,215,101,258,74
15089,img/img_00093269.jpg,upper-body clothes,260,160,245,85,372,112
15090,img/img_00093281.jpg,upper-body clothes,143,169,197,28,250,107
15091,img/img_00093284.jpg,upper-body clothes,347,208,287,79,351,4
15092,img/img_00093288.jpg,upper-body clothes,179,126,256,130,301,122
15093,img/img_00093292.jpg,upper-body clothes,461,335,335,0,461,0
15094,img/img_00093296.jpg,upper-body clothes,164,126,353,227,261,97
15095,img/img_00093300.jpg,upper-body clothes,136,91,143,52,202,66
15096,img/img_00093303.jpg,lower-body clothes,198,52,132,80,206,8
15097,img/img_00093306.jpg,lower-body clothes,403,110,235,125,457,54
15098,img/img_00093309.jpg,lower-body clothes,297,73,155,82,303,6
15099,img/img_00093319.jpg,lower-body clothes,225,84,219,135,442,217
15100,img/img_00093321.jpg,lower-body clothes,196,60,176,116,311,115
15101,img/img_00093328.jpg,lower-body clothes,408,37,197,160,428,20
15102,img/img_00093329.jpg,lower-body clothes,84,34,66,32,167,83
15103,img/img_00093332.jpg,lower-body clothes,271,85,223,138,411,140
15104,img/img_00093336.jpg,lower-body clothes,62,72,303,231,220,158
15105,img/img_00093351.jpg,lower-body clothes,89,120,214,94,277,188
15106,img/img_00093357.jpg,lower-body clothes,376,158,253,95,430,54
15107,img/img_00093360.jpg,lower-body clothes,242,115,357,242,450,208
15108,img/img_00093362.jpg,lower-body clothes,136,42,272,230,295,159
15109,img/img_00093366.jpg,lower-body clothes,378,170,253,83,424,46
15110,img/img_00093377.jpg,lower-body clothes,137,178,178,0,137,0
15111,img/img_00093389.jpg,lower-body clothes,326,137,231,94,343,17
15112,img/img_00093407.jpg,lower-body clothes,309,123,258,135,438,129
15113,img/img_00093411.jpg,full-body clothes,382,126,279,153,463,81
15114,img/img_00093414.jpg,full-body clothes,330,396,396,0,330,0
15115,img/img_00093424.jpg,full-body clothes,389,97,213,116,467,78
15116,img/img_00093425.jpg,full-body clothes,185,305,305,0,185,0
15117,img/img_00093427.jpg,full-body clothes,238,66,126,60,299,61
15118,img/img_00093429.jpg,full-body clothes,404,96,253,157,486,82
15119,img/img_00093433.jpg,full-body clothes,106,73,73,0,106,0
15120,img/img_00093434.jpg,full-body clothes,226,232,232,0,226,0
15121,img/img_00093445.jpg,upper-body clothes,250,126,144,18,361,111
15122,img/img_00093446.jpg,upper-body clothes,257,169,277,108,403,146
15123,img/img_00093447.jpg,upper-body clothes,264,64,161,97,396,132
15124,img/img_00093454.jpg,upper-body clothes,152,50,180,130,223,71
15125,img/img_00093456.jpg,upper-body clothes,291,117,224,107,427,136
15126,img/img_00093469.jpg,full-body clothes,226,57,181,124,307,81
15127,img/img_00093471.jpg,full-body clothes,269,123,233,110,347,78
15128,img/img_00093474.jpg,full-body clothes,415,155,271,116,491,76
15129,img/img_00093478.jpg,full-body clothes,402,194,315,121,484,82
15130,img/img_00093494.jpg,full-body clothes,262,183,183,0,262,0
15131,img/img_00093499.jpg,full-body clothes,324,168,261,93,419,95
15132,img/img_00093507.jpg,upper-body clothes,143,238,238,0,143,0
15133,img/img_00093508.jpg,upper-body clothes,397,318,376,58,463,66
15134,img/img_00093514.jpg,upper-body clothes,97,103,270,167,207,110
15135,img/img_00093516.jpg,upper-body clothes,155,305,305,0,155,0
15136,img/img_00093524.jpg,upper-body clothes,85,54,186,132,137,52
15137,img/img_00093529.jpg,upper-body clothes,259,49,163,114,342,83
15138,img/img_00093530.jpg,upper-body clothes,379,137,230,93,466,87
15139,img/img_00093536.jpg,upper-body clothes,214,72,228,156,291,77
15140,img/img_00093537.jpg,upper-body clothes,311,170,388,218,334,23
15141,img/img_00093545.jpg,upper-body clothes,138,29,127,98,171,33
15142,img/img_00093549.jpg,upper-body clothes,228,38,182,144,308,80
15143,img/img_00093557.jpg,upper-body clothes,269,90,207,117,364,95
15144,img/img_00093561.jpg,upper-body clothes,314,101,232,131,405,91
15145,img/img_00093565.jpg,upper-body clothes,301,86,244,158,393,92
15146,img/img_00093569.jpg,upper-body clothes,52,42,272,230,111,59
15147,img/img_00093580.jpg,upper-body clothes,260,195,285,90,411,151
15148,img/img_00093584.jpg,upper-body clothes,169,73,157,84,250,81
15149,img/img_00093589.jpg,full-body clothes,344,157,157,0,344,0
15150,img/img_00093594.jpg,full-body clothes,346,230,230,0,346,0
15151,img/img_00093597.jpg,full-body clothes,349,116,156,40,455,106
15152,img/img_00093611.jpg,lower-body clothes,215,449,449,0,215,0
15153,img/img_00093617.jpg,lower-body clothes,257,94,417,323,441,184
15154,img/img_00093624.jpg,lower-body clothes,248,66,172,106,413,165
15155,img/img_00093626.jpg,full-body clothes,384,274,274,0,384,0
15156,img/img_00093629.jpg,full-body clothes,292,62,192,130,379,87
15157,img/img_00093645.jpg,full-body clothes,175,191,191,0,175,0
15158,img/img_00093652.jpg,full-body clothes,214,39,133,94,259,45
15159,img/img_00093653.jpg,full-body clothes,290,72,233,161,351,61
15160,img/img_00093666.jpg,full-body clothes,380,61,214,153,446,66
15161,img/img_00093675.jpg,full-body clothes,304,78,162,84,408,104
15162,img/img_00093677.jpg,full-body clothes,356,133,218,85,456,100
15163,img/img_00093690.jpg,full-body clothes,360,142,424,282,440,80
15164,img/img_00093694.jpg,full-body clothes,132,431,431,0,132,0
15165,img/img_00093702.jpg,full-body clothes,200,79,325,246,272,72
15166,img/img_00093705.jpg,full-body clothes,313,125,125,0,313,0
15167,img/img_00093707.jpg,full-body clothes,373,96,317,221,410,37
15168,img/img_00093709.jpg,upper-body clothes,118,248,248,0,118,0
15169,img/img_00093715.jpg,upper-body clothes,268,329,329,0,268,0
15170,img/img_00093718.jpg,upper-body clothes,363,253,253,0,363,0
15171,img/img_00093751.jpg,full-body clothes,483,174,174,0,483,0
15172,img/img_00093752.jpg,full-body clothes,388,83,218,135,498,110
15173,img/img_00093753.jpg,full-body clothes,94,306,306,0,94,0
15174,img/img_00093769.jpg,full-body clothes,238,60,152,92,290,52
15175,img/img_00093777.jpg,full-body clothes,114,58,126,68,153,39
15176,img/img_00093778.jpg,full-body clothes,168,62,184,122,220,52
15177,img/img_00093783.jpg,full-body clothes,271,141,240,99,421,150
15178,img/img_00093785.jpg,full-body clothes,146,72,179,107,229,83
15179,img/img_00093786.jpg,full-body clothes,188,54,113,59,235,47
15180,img/img_00093789.jpg,full-body clothes,261,49,149,100,346,85
15181,img/img_00093792.jpg,full-body clothes,269,264,264,0,269,0
15182,img/img_00093795.jpg,full-body clothes,387,258,258,0,387,0
15183,img/img_00093822.jpg,full-body clothes,187,129,217,88,279,92
15184,img/img_00093825.jpg,full-body clothes,244,138,193,55,317,73
15185,img/img_00093829.jpg,full-body clothes,206,34,124,90,253,47
15186,img/img_00093830.jpg,full-body clothes,383,138,209,71,454,71
15187,img/img_00093833.jpg,full-body clothes,251,114,228,114,328,77
15188,img/img_00093834.jpg,full-body clothes,166,24,127,103,217,51
15189,img/img_00093836.jpg,full-body clothes,367,91,257,166,434,67
15190,img/img_00093838.jpg,full-body clothes,143,82,163,81,205,62
15191,img/img_00093843.jpg,full-body clothes,232,65,179,114,273,41
15192,img/img_00093846.jpg,lower-body clothes,235,56,174,118,243,8
15193,img/img_00093850.jpg,lower-body clothes,413,131,447,316,439,26
15194,img/img_00093857.jpg,lower-body clothes,314,420,420,0,314,0
15195,img/img_00093858.jpg,lower-body clothes,185,88,193,105,493,308
15196,img/img_00093865.jpg,lower-body clothes,145,66,287,221,261,116
15197,img/img_00093871.jpg,lower-body clothes,230,61,216,155,469,239
15198,img/img_00093875.jpg,lower-body clothes,409,83,207,124,420,11
15199,img/img_00093876.jpg,lower-body clothes,330,76,312,236,356,26
15200,img/img_00093888.jpg,lower-body clothes,123,33,98,65,128,5
15201,img/img_00093900.jpg,lower-body clothes,261,85,200,115,453,192
15202,img/img_00093906.jpg,lower-body clothes,420,109,322,213,433,13
15203,img/img_00093908.jpg,lower-body clothes,157,82,153,71,272,115
15204,img/img_00093910.jpg,lower-body clothes,126,110,275,165,341,215
15205,img/img_00093911.jpg,lower-body clothes,73,265,265,0,73,0
15206,img/img_00093917.jpg,lower-body clothes,153,162,271,109,181,28
15207,img/img_00093921.jpg,lower-body clothes,187,149,282,133,437,250
15208,img/img_00093923.jpg,lower-body clothes,128,177,304,127,394,266
15209,img/img_00093925.jpg,lower-body clothes,162,189,281,92,339,177
15210,img/img_00093940.jpg,lower-body clothes,22,304,304,0,22,0
15211,img/img_00093944.jpg,lower-body clothes,155,79,300,221,319,164
15212,img/img_00093951.jpg,lower-body clothes,112,155,165,10,260,148
15213,img/img_00093958.jpg,lower-body clothes,112,169,253,84,427,315
15214,img/img_00093959.jpg,lower-body clothes,176,183,270,87,475,299
15215,img/img_00093969.jpg,lower-body clothes,114,69,219,150,308,194
15216,img/img_00093985.jpg,lower-body clothes,402,204,487,283,461,59
15217,img/img_00093993.jpg,lower-body clothes,397,298,298,0,397,0
15218,img/img_00093996.jpg,lower-body clothes,215,73,298,225,405,190
15219,img/img_00094000.jpg,lower-body clothes,258,132,179,47,269,11
15220,img/img_00094001.jpg,lower-body clothes,109,97,141,44,187,78
15221,img/img_00094009.jpg,lower-body clothes,220,328,420,92,252,32
15222,img/img_00094015.jpg,lower-body clothes,197,237,262,25,260,63
15223,img/img_00094027.jpg,lower-body clothes,302,99,221,122,502,200
15224,img/img_00094044.jpg,lower-body clothes,226,272,364,92,336,110
15225,img/img_00094046.jpg,lower-body clothes,146,100,346,246,232,86
15226,img/img_00094051.jpg,lower-body clothes,107,104,227,123,300,193
15227,img/img_00094059.jpg,lower-body clothes,122,47,220,173,140,18
15228,img/img_00094067.jpg,lower-body clothes,260,71,219,148,449,189
15229,img/img_00094068.jpg,lower-body clothes,253,127,225,98,445,192
15230,img/img_00094072.jpg,lower-body clothes,427,115,224,109,442,15
15231,img/img_00094077.jpg,lower-body clothes,250,60,278,218,445,195
15232,img/img_00094096.jpg,lower-body clothes,341,171,352,181,430,89
15233,img/img_00094103.jpg,lower-body clothes,39,345,345,0,39,0
15234,img/img_00094110.jpg,lower-body clothes,266,72,218,146,455,189
15235,img/img_00094113.jpg,lower-body clothes,326,183,183,0,326,0
15236,img/img_00094124.jpg,lower-body clothes,350,253,253,0,350,0
15237,img/img_00094125.jpg,lower-body clothes,67,187,187,0,67,0
15238,img/img_00094138.jpg,lower-body clothes,171,120,148,28,334,163
15239,img/img_00094146.jpg,lower-body clothes,65,92,210,118,257,192
15240,img/img_00094149.jpg,lower-body clothes,83,75,130,55,184,101
15241,img/img_00094156.jpg,lower-body clothes,181,150,244,94,327,146
15242,img/img_00094158.jpg,lower-body clothes,56,79,415,336,247,191
15243,img/img_00094159.jpg,lower-body clothes,66,106,381,275,231,165
15244,img/img_00094172.jpg,lower-body clothes,134,156,244,88,147,13
15245,img/img_00094181.jpg,lower-body clothes,176,197,378,181,417,241
15246,img/img_00094184.jpg,lower-body clothes,89,91,234,143,310,221
15247,img/img_00094189.jpg,lower-body clothes,313,81,295,214,465,152
15248,img/img_00094191.jpg,lower-body clothes,274,127,275,148,459,185
15249,img/img_00094201.jpg,lower-body clothes,92,97,150,53,252,160
15250,img/img_00094207.jpg,lower-body clothes,142,150,263,113,422,280
15251,img/img_00094212.jpg,lower-body clothes,150,181,304,123,465,315
15252,img/img_00094213.jpg,lower-body clothes,248,260,346,86,345,97
15253,img/img_00094215.jpg,lower-body clothes,20,33,84,51,114,94
15254,img/img_00094216.jpg,lower-body clothes,136,99,237,138,146,10
15255,img/img_00094227.jpg,lower-body clothes,79,36,165,129,266,187
15256,img/img_00094232.jpg,lower-body clothes,49,28,61,33,160,111
15257,img/img_00094244.jpg,lower-body clothes,127,124,171,47,313,186
15258,img/img_00094249.jpg,lower-body clothes,165,126,213,87,472,307
15259,img/img_00094250.jpg,lower-body clothes,117,168,258,90,432,315
15260,img/img_00094263.jpg,lower-body clothes,39,48,178,130,158,119
15261,img/img_00094275.jpg,lower-body clothes,210,98,156,58,237,27
15262,img/img_00094282.jpg,upper-body clothes,98,84,158,74,172,74
15263,img/img_00094294.jpg,upper-body clothes,134,87,207,120,215,81
15264,img/img_00094306.jpg,upper-body clothes,171,101,208,107,264,93
15265,img/img_00094311.jpg,upper-body clothes,250,492,492,0,250,0
15266,img/img_00094314.jpg,upper-body clothes,134,96,168,72,211,77
15267,img/img_00094318.jpg,upper-body clothes,202,146,157,11,215,13
15268,img/img_00094320.jpg,upper-body clothes,93,80,167,87,195,102
15269,img/img_00094333.jpg,upper-body clothes,162,32,124,92,165,3
15270,img/img_00094334.jpg,upper-body clothes,259,141,277,136,432,173
15271,img/img_00094336.jpg,upper-body clothes,218,305,305,0,218,0
15272,img/img_00094339.jpg,upper-body clothes,230,158,246,88,358,128
15273,img/img_00094350.jpg,upper-body clothes,168,49,316,267,305,137
15274,img/img_00094362.jpg,full-body clothes,340,164,246,82,382,42
15275,img/img_00094368.jpg,full-body clothes,119,20,126,106,159,40
15276,img/img_00094372.jpg,full-body clothes,270,255,255,0,270,0
15277,img/img_00094375.jpg,full-body clothes,243,91,215,124,351,108
15278,img/img_00094376.jpg,full-body clothes,348,157,205,48,459,111
15279,img/img_00094380.jpg,upper-body clothes,180,165,218,53,299,119
15280,img/img_00094400.jpg,upper-body clothes,461,415,415,0,461,0
15281,img/img_00094412.jpg,upper-body clothes,336,35,194,159,347,11
15282,img/img_00094442.jpg,upper-body clothes,254,204,473,269,325,71
15283,img/img_00094451.jpg,upper-body clothes,186,130,276,146,289,103
15284,img/img_00094455.jpg,full-body clothes,216,112,267,155,302,86
15285,img/img_00094458.jpg,full-body clothes,329,135,288,153,436,107
15286,img/img_00094463.jpg,upper-body clothes,336,332,428,96,433,97
15287,img/img_00094468.jpg,upper-body clothes,173,215,215,0,173,0
15288,img/img_00094474.jpg,upper-body clothes,485,334,334,0,485,0
15289,img/img_00094475.jpg,upper-body clothes,497,296,296,0,497,0
15290,img/img_00094487.jpg,upper-body clothes,151,89,145,56,239,88
15291,img/img_00094493.jpg,full-body clothes,235,32,174,142,326,91
15292,img/img_00094494.jpg,full-body clothes,287,219,219,0,287,0
15293,img/img_00094495.jpg,full-body clothes,305,89,244,155,402,97
15294,img/img_00094502.jpg,full-body clothes,243,95,317,222,371,128
15295,img/img_00094506.jpg,full-body clothes,234,80,213,133,306,72
15296,img/img_00094507.jpg,full-body clothes,274,81,269,188,338,64
15297,img/img_00094509.jpg,full-body clothes,276,86,273,187,341,65
15298,img/img_00094510.jpg,full-body clothes,158,115,183,68,328,170
15299,img/img_00094526.jpg,full-body clothes,174,96,106,10,223,49
15300,img/img_00094544.jpg,upper-body clothes,259,374,374,0,259,0
15301,img/img_00094551.jpg,upper-body clothes,368,71,189,118,497,129
15302,img/img_00094554.jpg,upper-body clothes,245,108,230,122,346,101
15303,img/img_00094565.jpg,full-body clothes,305,104,208,104,396,91
15304,img/img_00094572.jpg,full-body clothes,225,153,234,81,302,77
15305,img/img_00094579.jpg,full-body clothes,381,106,169,63,470,89
15306,img/img_00094590.jpg,upper-body clothes,255,61,201,140,346,91
15307,img/img_00094596.jpg,upper-body clothes,474,312,312,0,474,0
15308,img/img_00094602.jpg,upper-body clothes,268,118,229,111,328,60
15309,img/img_00094608.jpg,upper-body clothes,264,201,268,67,370,106
15310,img/img_00094612.jpg,full-body clothes,307,83,483,400,403,96
15311,img/img_00094616.jpg,full-body clothes,490,279,279,0,490,0
15312,img/img_00094627.jpg,full-body clothes,410,110,247,137,493,83
15313,img/img_00094637.jpg,full-body clothes,342,117,260,143,418,76
15314,img/img_00094641.jpg,upper-body clothes,278,254,415,161,455,177
15315,img/img_00094642.jpg,upper-body clothes,396,290,403,113,446,50
15316,img/img_00094650.jpg,upper-body clothes,249,156,156,0,249,0
15317,img/img_00094651.jpg,upper-body clothes,92,88,481,393,168,76
15318,img/img_00094653.jpg,upper-body clothes,283,212,253,41,397,114
15319,img/img_00094658.jpg,upper-body clothes,167,88,148,60,240,73
15320,img/img_00094661.jpg,upper-body clothes,268,83,209,126,384,116
15321,img/img_00094666.jpg,upper-body clothes,171,91,145,54,234,63
15322,img/img_00094670.jpg,upper-body clothes,374,77,241,164,489,115
15323,img/img_00094675.jpg,upper-body clothes,332,176,252,76,451,119
15324,img/img_00094676.jpg,upper-body clothes,246,30,132,102,318,72
15325,img/img_00094682.jpg,upper-body clothes,198,115,204,89,263,65
15326,img/img_00094702.jpg,upper-body clothes,291,84,206,122,408,117
15327,img/img_00094707.jpg,upper-body clothes,177,61,178,117,260,83
15328,img/img_00094710.jpg,upper-body clothes,233,308,308,0,233,0
15329,img/img_00094721.jpg,full-body clothes,507,270,270,0,507,0
15330,img/img_00094723.jpg,full-body clothes,340,258,258,0,340,0
15331,img/img_00094743.jpg,upper-body clothes,163,89,187,98,227,64
15332,img/img_00094744.jpg,upper-body clothes,277,165,165,0,277,0
15333,img/img_00094752.jpg,upper-body clothes,324,191,273,82,470,146
15334,img/img_00094757.jpg,full-body clothes,335,110,241,131,426,91
15335,img/img_00094759.jpg,full-body clothes,129,44,143,99,177,48
15336,img/img_00094760.jpg,full-body clothes,339,53,186,133,453,114
15337,img/img_00094771.jpg,full-body clothes,476,460,460,0,476,0
15338,img/img_00094777.jpg,full-body clothes,229,41,144,103,297,68
15339,img/img_00094778.jpg,full-body clothes,147,60,136,76,210,63
15340,img/img_00094787.jpg,full-body clothes,174,75,182,107,285,111
15341,img/img_00094790.jpg,upper-body clothes,303,228,295,67,438,135
15342,img/img_00094792.jpg,upper-body clothes,249,47,170,123,335,86
15343,img/img_00094794.jpg,upper-body clothes,266,202,296,94,398,132
15344,img/img_00094798.jpg,upper-body clothes,323,138,138,0,323,0
15345,img/img_00094815.jpg,upper-body clothes,282,284,478,194,373,91
15346,img/img_00094818.jpg,upper-body clothes,438,184,184,0,438,0
15347,img/img_00094827.jpg,upper-body clothes,75,70,221,151,170,95
15348,img/img_00094839.jpg,upper-body clothes,100,45,92,47,159,59
15349,img/img_00094849.jpg,upper-body clothes,259,190,309,119,371,112
15350,img/img_00094850.jpg,upper-body clothes,399,141,255,114,424,25
15351,img/img_00094853.jpg,upper-body clothes,318,52,196,144,433,115
15352,img/img_00094859.jpg,upper-body clothes,148,108,137,29,159,11
15353,img/img_00094861.jpg,upper-body clothes,152,112,225,113,235,83
15354,img/img_00094863.jpg,upper-body clothes,316,208,287,79,450,134
15355,img/img_00094864.jpg,upper-body clothes,342,171,308,137,444,102
15356,img/img_00094880.jpg,upper-body clothes,299,96,254,158,477,178
15357,img/img_00094881.jpg,upper-body clothes,281,67,188,121,303,22
15358,img/img_00094888.jpg,upper-body clothes,204,190,252,62,323,119
15359,img/img_00094890.jpg,upper-body clothes,240,103,215,112,336,96
15360,img/img_00094892.jpg,upper-body clothes,110,63,149,86,171,61
15361,img/img_00094895.jpg,upper-body clothes,260,121,226,105,395,135
15362,img/img_00094899.jpg,upper-body clothes,247,68,214,146,401,154
15363,img/img_00094909.jpg,lower-body clothes,209,71,201,130,395,186
15364,img/img_00094910.jpg,lower-body clothes,230,79,190,111,402,172
15365,img/img_00094915.jpg,lower-body clothes,134,78,139,61,263,129
15366,img/img_00094924.jpg,lower-body clothes,35,58,111,53,46,11
15367,img/img_00094925.jpg,lower-body clothes,325,379,458,79,371,46
15368,img/img_00094926.jpg,lower-body clothes,166,212,335,123,181,15
15369,img/img_00094927.jpg,lower-body clothes,228,22,175,153,310,82
15370,img/img_00094932.jpg,lower-body clothes,77,93,112,19,132,55
15371,img/img_00094936.jpg,lower-body clothes,71,98,198,100,264,193
15372,img/img_00094939.jpg,lower-body clothes,141,114,114,0,141,0
15373,img/img_00094945.jpg,full-body clothes,226,149,290,141,339,113
15374,img/img_00094949.jpg,full-body clothes,188,62,163,101,273,85
15375,img/img_00094953.jpg,full-body clothes,189,64,130,66,261,72
15376,img/img_00094959.jpg,full-body clothes,207,76,257,181,296,89
15377,img/img_00094972.jpg,full-body clothes,363,87,224,137,476,113
15378,img/img_00095006.jpg,upper-body clothes,161,46,95,49,184,23
15379,img/img_00095012.jpg,upper-body clothes,86,66,210,144,170,84
15380,img/img_00095027.jpg,upper-body clothes,127,67,156,89,212,85
15381,img/img_00095044.jpg,upper-body clothes,126,66,196,130,194,68
15382,img/img_00095048.jpg,upper-body clothes,172,248,248,0,172,0
15383,img/img_00095051.jpg,upper-body clothes,182,76,373,297,374,192
15384,img/img_00095056.jpg,upper-body clothes,313,103,206,103,475,162
15385,img/img_00095057.jpg,upper-body clothes,226,131,245,114,347,121
15386,img/img_00095060.jpg,upper-body clothes,106,83,170,87,163,57
15387,img/img_00095062.jpg,upper-body clothes,326,357,357,0,326,0
15388,img/img_00095079.jpg,upper-body clothes,431,292,292,0,431,0
15389,img/img_00095083.jpg,upper-body clothes,490,327,370,43,501,11
15390,img/img_00095084.jpg,upper-body clothes,163,257,257,0,163,0
15391,img/img_00095085.jpg,upper-body clothes,310,276,276,0,310,0
15392,img/img_00095092.jpg,upper-body clothes,239,129,260,131,366,127
15393,img/img_00095095.jpg,upper-body clothes,201,88,157,69,295,94
15394,img/img_00095110.jpg,upper-body clothes,187,77,191,114,254,67
15395,img/img_00095113.jpg,upper-body clothes,312,144,220,76,446,134
15396,img/img_00095114.jpg,upper-body clothes,353,142,177,35,492,139
15397,img/img_00095122.jpg,upper-body clothes,447,383,383,0,447,0
15398,img/img_00095124.jpg,upper-body clothes,341,378,378,0,341,0
15399,img/img_00095128.jpg,upper-body clothes,161,74,212,138,297,136
15400,img/img_00095130.jpg,upper-body clothes,147,125,199,74,164,17
15401,img/img_00095139.jpg,lower-body clothes,46,53,126,73,200,154
15402,img/img_00095144.jpg,lower-body clothes,94,116,250,134,350,256
15403,img/img_00095151.jpg,full-body clothes,176,90,151,61,235,59
15404,img/img_00095153.jpg,full-body clothes,239,70,211,141,360,121
15405,img/img_00095158.jpg,full-body clothes,432,359,359,0,432,0
15406,img/img_00095173.jpg,upper-body clothes,179,117,191,74,279,100
15407,img/img_00095175.jpg,upper-body clothes,157,152,192,40,255,98
15408,img/img_00095199.jpg,upper-body clothes,254,188,262,74,418,164
15409,img/img_00095205.jpg,upper-body clothes,399,420,462,42,451,52
15410,img/img_00095210.jpg,upper-body clothes,407,317,412,95,428,21
15411,img/img_00095216.jpg,upper-body clothes,180,138,324,186,271,91
15412,img/img_00095217.jpg,upper-body clothes,316,205,357,152,471,155
15413,img/img_00095223.jpg,full-body clothes,117,127,210,83,168,51
15414,img/img_00095228.jpg,full-body clothes,390,216,322,106,508,118
15415,img/img_00095244.jpg,upper-body clothes,77,228,228,0,77,0
15416,img/img_00095245.jpg,upper-body clothes,381,221,295,74,489,108
15417,img/img_00095246.jpg,upper-body clothes,206,165,276,111,351,145
15418,img/img_00095249.jpg,full-body clothes,356,145,243,98,483,127
15419,img/img_00095253.jpg,full-body clothes,390,102,220,118,494,104
15420,img/img_00095258.jpg,full-body clothes,177,63,148,85,252,75
15421,img/img_00095261.jpg,upper-body clothes,450,196,309,113,476,26
15422,img/img_00095262.jpg,upper-body clothes,208,158,237,79,324,116
15423,img/img_00095263.jpg,upper-body clothes,268,181,254,73,413,145
15424,img/img_00095272.jpg,lower-body clothes,268,93,350,257,330,62
15425,img/img_00095297.jpg,lower-body clothes,215,88,139,51,228,13
15426,img/img_00095300.jpg,lower-body clothes,196,91,126,35,202,6
15427,img/img_00095319.jpg,lower-body clothes,147,143,264,121,322,175
15428,img/img_00095322.jpg,full-body clothes,208,63,186,123,254,46
15429,img/img_00095324.jpg,full-body clothes,343,143,259,116,353,10
15430,img/img_00095333.jpg,full-body clothes,339,122,264,142,353,14
15431,img/img_00095334.jpg,full-body clothes,290,188,201,13,394,104
15432,img/img_00095338.jpg,full-body clothes,340,195,258,63,452,112
15433,img/img_00095339.jpg,full-body clothes,224,119,180,61,297,73
15434,img/img_00095355.jpg,upper-body clothes,127,91,302,211,223,96
15435,img/img_00095356.jpg,upper-body clothes,153,37,109,72,226,73
15436,img/img_00095359.jpg,upper-body clothes,286,103,247,144,434,148
15437,img/img_00095370.jpg,upper-body clothes,270,182,262,80,418,148
15438,img/img_00095376.jpg,upper-body clothes,188,206,206,0,188,0
15439,img/img_00095397.jpg,upper-body clothes,173,301,301,0,173,0
15440,img/img_00095398.jpg,upper-body clothes,333,318,318,0,333,0
15441,img/img_00095399.jpg,upper-body clothes,272,170,202,32,326,54
15442,img/img_00095416.jpg,upper-body clothes,207,150,186,36,297,90
15443,img/img_00095420.jpg,upper-body clothes,313,170,223,53,432,119
15444,img/img_00095427.jpg,upper-body clothes,186,82,226,144,265,79
15445,img/img_00095429.jpg,upper-body clothes,193,157,233,76,306,113
15446,img/img_00095444.jpg,upper-body clothes,495,274,274,0,495,0
15447,img/img_00095446.jpg,upper-body clothes,114,93,145,52,192,78
15448,img/img_00095449.jpg,upper-body clothes,185,104,164,60,259,74
15449,img/img_00095451.jpg,upper-body clothes,130,112,142,30,226,96
15450,img/img_00095455.jpg,upper-body clothes,339,444,444,0,339,0
15451,img/img_00095459.jpg,upper-body clothes,275,246,246,0,275,0
15452,img/img_00095461.jpg,upper-body clothes,502,291,291,0,502,0
15453,img/img_00095472.jpg,upper-body clothes,135,112,230,118,260,125
15454,img/img_00095477.jpg,upper-body clothes,139,80,140,60,220,81
15455,img/img_00095478.jpg,upper-body clothes,292,180,324,144,456,164
15456,img/img_00095483.jpg,full-body clothes,369,187,319,132,477,108
15457,img/img_00095487.jpg,full-body clothes,161,109,157,48,224,63
15458,img/img_00095488.jpg,full-body clothes,334,213,274,61,440,106
15459,img/img_00095498.jpg,upper-body clothes,316,170,238,68,467,151
15460,img/img_00095500.jpg,upper-body clothes,100,52,154,102,214,114
15461,img/img_00095501.jpg,upper-body clothes,79,46,131,85,148,69
15462,img/img_00095509.jpg,upper-body clothes,214,130,240,110,314,100
15463,img/img_00095512.jpg,upper-body clothes,207,133,280,147,327,120
15464,img/img_00095515.jpg,upper-body clothes,277,208,208,0,277,0
15465,img/img_00095536.jpg,upper-body clothes,105,52,129,77,195,90
15466,img/img_00095538.jpg,upper-body clothes,191,56,202,146,258,67
15467,img/img_00095539.jpg,upper-body clothes,237,129,240,111,405,168
15468,img/img_00095548.jpg,upper-body clothes,134,65,146,81,199,65
15469,img/img_00095549.jpg,upper-body clothes,183,90,160,70,293,110
15470,img/img_00095569.jpg,full-body clothes,260,104,159,55,324,64
15471,img/img_00095574.jpg,full-body clothes,455,126,229,103,480,25
15472,img/img_00095579.jpg,full-body clothes,129,74,74,0,129,0
15473,img/img_00095587.jpg,full-body clothes,203,243,243,0,203,0
15474,img/img_00095596.jpg,full-body clothes,350,96,198,102,423,73
15475,img/img_00095607.jpg,full-body clothes,383,67,267,200,469,86
15476,img/img_00095610.jpg,full-body clothes,223,76,211,135,310,87
15477,img/img_00095611.jpg,full-body clothes,307,186,232,46,414,107
15478,img/img_00095614.jpg,full-body clothes,352,114,239,125,481,129
15479,img/img_00095623.jpg,full-body clothes,161,90,174,84,209,48
15480,img/img_00095633.jpg,upper-body clothes,496,235,235,0,496,0
15481,img/img_00095646.jpg,upper-body clothes,130,72,227,155,307,177
15482,img/img_00095659.jpg,upper-body clothes,111,67,119,52,164,53
15483,img/img_00095665.jpg,upper-body clothes,354,241,241,0,354,0
15484,img/img_00095671.jpg,full-body clothes,361,84,237,153,471,110
15485,img/img_00095696.jpg,lower-body clothes,173,46,132,86,294,121
15486,img/img_00095706.jpg,lower-body clothes,343,65,207,142,364,21
15487,img/img_00095713.jpg,full-body clothes,226,93,207,114,272,46
15488,img/img_00095714.jpg,full-body clothes,215,95,262,167,300,85
15489,img/img_00095715.jpg,full-body clothes,361,154,278,124,488,127
15490,img/img_00095716.jpg,full-body clothes,207,102,261,159,294,87
15491,img/img_00095724.jpg,full-body clothes,262,151,354,203,353,91
15492,img/img_00095726.jpg,full-body clothes,208,70,139,69,266,58
15493,img/img_00095730.jpg,full-body clothes,254,94,245,151,309,55
15494,img/img_00095739.jpg,lower-body clothes,149,132,234,102,387,238
15495,img/img_00095743.jpg,lower-body clothes,117,146,224,78,309,192
15496,img/img_00095749.jpg,full-body clothes,174,124,162,38,226,52
15497,img/img_00095750.jpg,full-body clothes,295,108,207,99,383,88
15498,img/img_00095751.jpg,full-body clothes,217,112,227,115,329,112
15499,img/img_00095762.jpg,upper-body clothes,274,154,247,93,422,148
15500,img/img_00095766.jpg,upper-body clothes,172,120,187,67,263,91
15501,img/img_00095768.jpg,upper-body clothes,228,148,427,279,370,142
15502,img/img_00095770.jpg,upper-body clothes,215,118,168,50,375,160
15503,img/img_00095772.jpg,full-body clothes,275,242,242,0,275,0
15504,img/img_00095783.jpg,upper-body clothes,74,300,300,0,74,0
15505,img/img_00095787.jpg,upper-body clothes,282,214,214,0,282,0
15506,img/img_00095794.jpg,lower-body clothes,141,113,243,130,353,212
15507,img/img_00095799.jpg,lower-body clothes,222,70,235,165,458,236
15508,img/img_00095808.jpg,lower-body clothes,251,327,327,0,251,0
15509,img/img_00095811.jpg,lower-body clothes,247,101,136,35,252,5
15510,img/img_00095817.jpg,lower-body clothes,409,192,289,97,452,43
15511,img/img_00095823.jpg,lower-body clothes,207,90,427,337,444,237
15512,img/img_00095835.jpg,lower-body clothes,180,82,157,75,183,3
15513,img/img_00095845.jpg,lower-body clothes,203,182,257,75,222,19
15514,img/img_00095846.jpg,lower-body clothes,75,65,178,113,221,146
15515,img/img_00095847.jpg,lower-body clothes,275,135,231,96,419,144
15516,img/img_00095855.jpg,lower-body clothes,208,210,275,65,245,37
15517,img/img_00095868.jpg,lower-body clothes,167,77,150,73,211,44
15518,img/img_00095876.jpg,lower-body clothes,185,66,206,140,200,15
15519,img/img_00095893.jpg,lower-body clothes,182,58,271,213,319,137
15520,img/img_00095896.jpg,lower-body clothes,122,45,107,62,230,108
15521,img/img_00095905.jpg,upper-body clothes,461,359,359,0,461,0
15522,img/img_00095946.jpg,upper-body clothes,300,296,296,0,300,0
15523,img/img_00095947.jpg,upper-body clothes,169,88,227,139,262,93
15524,img/img_00095950.jpg,upper-body clothes,296,153,292,139,423,127
15525,img/img_00095964.jpg,full-body clothes,383,157,323,166,499,116
15526,img/img_00095966.jpg,full-body clothes,192,84,296,212,250,58
15527,img/img_00095970.jpg,full-body clothes,347,111,228,117,456,109
15528,img/img_00095972.jpg,full-body clothes,336,46,194,148,439,103
15529,img/img_00095987.jpg,upper-body clothes,349,270,270,0,349,0
15530,img/img_00095990.jpg,upper-body clothes,100,21,443,422,380,280
15531,img/img_00095994.jpg,upper-body clothes,99,265,265,0,99,0
15532,img/img_00095995.jpg,upper-body clothes,156,179,179,0,156,0
15533,img/img_00096000.jpg,upper-body clothes,143,116,225,109,263,120
15534,img/img_00096004.jpg,upper-body clothes,178,200,296,96,410,232
15535,img/img_00096015.jpg,upper-body clothes,174,87,231,144,232,58
15536,img/img_00096016.jpg,upper-body clothes,246,203,203,0,246,0
15537,img/img_00096024.jpg,upper-body clothes,130,99,161,62,184,54
15538,img/img_00096039.jpg,upper-body clothes,370,261,280,19,490,120
15539,img/img_00096043.jpg,upper-body clothes,180,91,193,102,226,46
15540,img/img_00096045.jpg,upper-body clothes,272,165,262,97,424,152
15541,img/img_00096051.jpg,upper-body clothes,266,155,353,198,332,66
15542,img/img_00096053.jpg,upper-body clothes,54,197,197,0,54,0
15543,img/img_00096055.jpg,upper-body clothes,282,78,235,157,400,118
15544,img/img_00096066.jpg,upper-body clothes,227,150,256,106,380,153
15545,img/img_00096070.jpg,upper-body clothes,264,146,269,123,423,159
15546,img/img_00096091.jpg,upper-body clothes,249,233,269,36,400,151
15547,img/img_00096098.jpg,upper-body clothes,288,105,210,105,435,147
15548,img/img_00096109.jpg,upper-body clothes,465,289,289,0,465,0
15549,img/img_00096110.jpg,upper-body clothes,203,134,213,79,257,54
15550,img/img_00096116.jpg,lower-body clothes,129,258,316,58,329,200
15551,img/img_00096119.jpg,lower-body clothes,120,191,243,52,202,82
15552,img/img_00096120.jpg,lower-body clothes,74,101,155,54,292,218
15553,img/img_00096121.jpg,lower-body clothes,171,72,72,0,171,0
15554,img/img_00096126.jpg,lower-body clothes,242,85,180,95,456,214
15555,img/img_00096135.jpg,lower-body clothes,150,106,171,65,306,156
15556,img/img_00096140.jpg,upper-body clothes,215,175,244,69,377,162
15557,img/img_00096147.jpg,upper-body clothes,232,97,213,116,333,101
15558,img/img_00096150.jpg,upper-body clothes,108,97,152,55,178,70
15559,img/img_00096158.jpg,upper-body clothes,248,178,264,86,425,177
15560,img/img_00096159.jpg,upper-body clothes,224,87,204,117,351,127
15561,img/img_00096166.jpg,lower-body clothes,112,94,217,123,305,193
15562,img/img_00096180.jpg,lower-body clothes,189,114,153,39,346,157
15563,img/img_00096181.jpg,lower-body clothes,353,381,381,0,353,0
15564,img/img_00096185.jpg,full-body clothes,257,56,165,109,308,51
15565,img/img_00096189.jpg,full-body clothes,493,182,475,293,498,5
15566,img/img_00096192.jpg,full-body clothes,352,133,322,189,483,131
15567,img/img_00096193.jpg,full-body clothes,195,74,205,131,305,110
15568,img/img_00096201.jpg,full-body clothes,356,146,276,130,475,119
15569,img/img_00096206.jpg,lower-body clothes,92,79,292,213,265,173
15570,img/img_00096212.jpg,lower-body clothes,270,68,230,162,294,24
15571,img/img_00096214.jpg,lower-body clothes,280,117,163,46,284,4
15572,img/img_00096217.jpg,lower-body clothes,153,111,310,199,187,34
15573,img/img_00096222.jpg,lower-body clothes,28,336,336,0,28,0
15574,img/img_00096244.jpg,lower-body clothes,96,31,199,168,428,332
15575,img/img_00096254.jpg,full-body clothes,321,139,210,71,440,119
15576,img/img_00096261.jpg,upper-body clothes,19,62,62,0,19,0
15577,img/img_00096264.jpg,upper-body clothes,119,83,368,285,370,251
15578,img/img_00096266.jpg,upper-body clothes,313,279,320,41,415,102
15579,img/img_00096267.jpg,upper-body clothes,64,59,165,106,95,31
15580,img/img_00096278.jpg,upper-body clothes,314,58,194,136,415,101
15581,img/img_00096286.jpg,upper-body clothes,349,115,240,125,480,131
15582,img/img_00096287.jpg,upper-body clothes,234,77,225,148,359,125
15583,img/img_00096289.jpg,upper-body clothes,298,75,167,92,441,143
15584,img/img_00096293.jpg,lower-body clothes,251,221,260,39,313,62
15585,img/img_00096301.jpg,lower-body clothes,340,122,300,178,416,76
15586,img/img_00096302.jpg,lower-body clothes,84,97,297,200,315,231
15587,img/img_00096320.jpg,upper-body clothes,373,204,237,33,413,40
15588,img/img_00096334.jpg,full-body clothes,371,167,263,96,494,123
15589,img/img_00096335.jpg,full-body clothes,326,182,255,73,458,132
15590,img/img_00096344.jpg,full-body clothes,284,108,173,65,300,16
15591,img/img_00096355.jpg,full-body clothes,282,116,212,96,419,137
15592,img/img_00096359.jpg,full-body clothes,323,115,232,117,449,126
15593,img/img_00096362.jpg,full-body clothes,393,275,275,0,393,0
15594,img/img_00096363.jpg,full-body clothes,304,241,321,80,415,111
15595,img/img_00096366.jpg,full-body clothes,285,401,401,0,285,0
15596,img/img_00096372.jpg,upper-body clothes,189,85,180,95,324,135
15597,img/img_00096373.jpg,upper-body clothes,189,151,362,211,418,229
15598,img/img_00096378.jpg,full-body clothes,299,275,275,0,299,0
15599,img/img_00096392.jpg,full-body clothes,220,156,246,90,298,78
15600,img/img_00096396.jpg,full-body clothes,168,84,224,140,223,55
15601,img/img_00096407.jpg,full-body clothes,347,207,281,74,464,117
15602,img/img_00096409.jpg,full-body clothes,332,290,457,167,365,33
15603,img/img_00096413.jpg,full-body clothes,166,80,223,143,221,55
15604,img/img_00096415.jpg,lower-body clothes,162,185,346,161,179,17
15605,img/img_00096416.jpg,lower-body clothes,112,98,269,171,307,195
15606,img/img_00096417.jpg,lower-body clothes,448,385,385,0,448,0
15607,img/img_00096429.jpg,lower-body clothes,245,214,214,0,245,0
15608,img/img_00096431.jpg,lower-body clothes,262,185,185,0,262,0
15609,img/img_00096451.jpg,lower-body clothes,166,119,231,112,375,209
15610,img/img_00096452.jpg,lower-body clothes,163,134,224,90,436,273
15611,img/img_00096455.jpg,lower-body clothes,352,267,267,0,352,0
15612,img/img_00096456.jpg,lower-body clothes,75,77,188,111,261,186
15613,img/img_00096459.jpg,lower-body clothes,235,217,217,0,235,0
15614,img/img_00096462.jpg,lower-body clothes,83,41,128,87,227,144
15615,img/img_00096466.jpg,upper-body clothes,308,431,431,0,308,0
15616,img/img_00096474.jpg,upper-body clothes,244,75,222,147,318,74
15617,img/img_00096480.jpg,upper-body clothes,150,211,211,0,150,0
15618,img/img_00096482.jpg,upper-body clothes,166,76,185,109,244,78
15619,img/img_00096485.jpg,upper-body clothes,108,64,188,124,202,94
15620,img/img_00096487.jpg,upper-body clothes,223,112,217,105,363,140
15621,img/img_00096493.jpg,full-body clothes,190,191,191,0,190,0
15622,img/img_00096507.jpg,full-body clothes,334,116,220,104,439,105
15623,img/img_00096514.jpg,upper-body clothes,77,307,307,0,77,0
15624,img/img_00096520.jpg,upper-body clothes,52,119,119,0,52,0
15625,img/img_00096525.jpg,full-body clothes,259,107,248,141,344,85
15626,img/img_00096528.jpg,full-body clothes,354,204,285,81,451,97
15627,img/img_00096529.jpg,full-body clothes,197,81,184,103,274,77
15628,img/img_00096531.jpg,full-body clothes,226,82,225,143,298,72
15629,img/img_00096533.jpg,full-body clothes,256,240,240,0,256,0
15630,img/img_00096534.jpg,full-body clothes,245,167,167,0,245,0
15631,img/img_00096547.jpg,full-body clothes,433,209,209,0,433,0
15632,img/img_00096557.jpg,upper-body clothes,61,317,317,0,61,0
15633,img/img_00096558.jpg,upper-body clothes,33,159,159,0,33,0
15634,img/img_00096560.jpg,upper-body clothes,30,159,159,0,30,0
15635,img/img_00096583.jpg,upper-body clothes,261,356,356,0,261,0
15636,img/img_00096584.jpg,upper-body clothes,357,318,318,0,357,0
15637,img/img_00096589.jpg,upper-body clothes,315,249,249,0,315,0
15638,img/img_00096591.jpg,upper-body clothes,98,95,142,47,169,71
15639,img/img_00096592.jpg,upper-body clothes,281,85,109,24,413,132
15640,img/img_00096599.jpg,upper-body clothes,140,100,141,41,205,65
15641,img/img_00096605.jpg,upper-body clothes,260,175,264,89,398,138
15642,img/img_00096616.jpg,upper-body clothes,427,208,208,0,427,0
15643,img/img_00096622.jpg,lower-body clothes,471,323,353,30,483,12
15644,img/img_00096625.jpg,lower-body clothes,52,65,133,68,62,10
15645,img/img_00096627.jpg,lower-body clothes,72,52,124,72,160,88
15646,img/img_00096641.jpg,upper-body clothes,307,217,326,109,461,154
15647,img/img_00096655.jpg,lower-body clothes,190,83,151,68,200,10
15648,img/img_00096664.jpg,lower-body clothes,184,93,147,54,197,13
15649,img/img_00096696.jpg,lower-body clothes,54,309,309,0,54,0
15650,img/img_00096709.jpg,upper-body clothes,198,151,151,0,198,0
15651,img/img_00096726.jpg,upper-body clothes,120,111,140,29,156,36
15652,img/img_00096743.jpg,lower-body clothes,193,82,130,48,198,5
15653,img/img_00096744.jpg,lower-body clothes,239,23,95,72,253,14
15654,img/img_00096747.jpg,lower-body clothes,111,37,118,81,217,106
15655,img/img_00096755.jpg,lower-body clothes,325,132,215,83,362,37
15656,img/img_00096762.jpg,upper-body clothes,82,47,273,226,189,107
15657,img/img_00096772.jpg,upper-body clothes,228,189,266,77,349,121
15658,img/img_00096773.jpg,upper-body clothes,310,207,266,59,364,54
15659,img/img_00096782.jpg,upper-body clothes,54,179,192,13,61,7
15660,img/img_00096793.jpg,upper-body clothes,179,135,182,47,309,130
15661,img/img_00096795.jpg,upper-body clothes,250,123,234,111,317,67
15662,img/img_00096800.jpg,upper-body clothes,160,154,169,15,210,50
15663,img/img_00096809.jpg,upper-body clothes,156,361,361,0,156,0
15664,img/img_00096815.jpg,upper-body clothes,240,95,188,93,414,174
15665,img/img_00096816.jpg,upper-body clothes,246,135,135,0,246,0
15666,img/img_00096826.jpg,upper-body clothes,271,364,364,0,271,0
15667,img/img_00096832.jpg,upper-body clothes,221,157,259,102,298,77
15668,img/img_00096833.jpg,upper-body clothes,66,59,162,103,125,59
15669,img/img_00096834.jpg,upper-body clothes,221,192,321,129,390,169
15670,img/img_00096835.jpg,upper-body clothes,255,71,217,146,395,140
15671,img/img_00096837.jpg,upper-body clothes,320,241,241,0,320,0
15672,img/img_00096843.jpg,upper-body clothes,462,324,409,85,502,40
15673,img/img_00096845.jpg,upper-body clothes,179,267,286,19,245,66
15674,img/img_00096856.jpg,upper-body clothes,141,85,221,136,279,138
15675,img/img_00096866.jpg,upper-body clothes,220,191,212,21,298,78
15676,img/img_00096875.jpg,full-body clothes,101,181,181,0,101,0
15677,img/img_00096877.jpg,full-body clothes,378,191,191,0,378,0
15678,img/img_00096879.jpg,full-body clothes,192,185,185,0,192,0
15679,img/img_00096891.jpg,upper-body clothes,244,39,232,193,395,151
15680,img/img_00096892.jpg,upper-body clothes,229,145,238,93,397,168
15681,img/img_00096893.jpg,upper-body clothes,239,134,255,121,384,145
15682,img/img_00096900.jpg,lower-body clothes,228,81,247,166,461,233
15683,img/img_00096903.jpg,lower-body clothes,414,167,284,117,430,16
15684,img/img_00096907.jpg,lower-body clothes,140,94,207,113,337,197
15685,img/img_00096913.jpg,upper-body clothes,299,230,304,74,464,165
15686,img/img_00096918.jpg,upper-body clothes,154,89,141,52,224,70
15687,img/img_00096935.jpg,lower-body clothes,237,127,235,108,457,220
15688,img/img_00096940.jpg,lower-body clothes,119,113,242,129,360,241
15689,img/img_00096941.jpg,lower-body clothes,168,113,260,147,390,222
15690,img/img_00096943.jpg,lower-body clothes,91,77,143,66,133,42
15691,img/img_00096945.jpg,lower-body clothes,95,96,143,47,101,6
15692,img/img_00096946.jpg,lower-body clothes,88,5,153,148,203,115
15693,img/img_00096956.jpg,lower-body clothes,59,207,329,122,376,317
15694,img/img_00096960.jpg,lower-body clothes,132,149,270,121,403,271
15695,img/img_00096967.jpg,lower-body clothes,199,63,213,150,436,237
15696,img/img_00096975.jpg,lower-body clothes,109,125,193,68,379,270
15697,img/img_00096981.jpg,lower-body clothes,184,194,274,80,204,20
15698,img/img_00096984.jpg,lower-body clothes,62,60,133,73,198,136
15699,img/img_00097001.jpg,upper-body clothes,395,325,325,0,395,0
15700,img/img_00097009.jpg,upper-body clothes,326,353,353,0,326,0
15701,img/img_00097019.jpg,upper-body clothes,166,110,165,55,251,85
15702,img/img_00097027.jpg,upper-body clothes,173,108,194,86,327,154
15703,img/img_00097029.jpg,upper-body clothes,164,102,225,123,316,152
15704,img/img_00097030.jpg,upper-body clothes,134,105,138,33,205,71
15705,img/img_00097039.jpg,full-body clothes,298,264,387,123,434,136
15706,img/img_00097049.jpg,full-body clothes,365,288,288,0,365,0
15707,img/img_00097053.jpg,lower-body clothes,400,99,238,139,435,35
15708,img/img_00097055.jpg,upper-body clothes,202,227,227,0,202,0
15709,img/img_00097057.jpg,upper-body clothes,283,90,212,122,432,149
15710,img/img_00097058.jpg,upper-body clothes,109,88,144,56,147,38
15711,img/img_00097071.jpg,full-body clothes,264,87,207,120,331,67
15712,img/img_00097077.jpg,full-body clothes,273,102,213,111,350,77
15713,img/img_00097084.jpg,upper-body clothes,430,400,400,0,430,0
15714,img/img_00097086.jpg,upper-body clothes,117,357,357,0,117,0
15715,img/img_00097092.jpg,full-body clothes,374,27,184,157,475,101
15716,img/img_00097096.jpg,full-body clothes,187,278,278,0,187,0
15717,img/img_00097097.jpg,full-body clothes,269,242,248,6,402,133
15718,img/img_00097102.jpg,full-body clothes,200,123,224,101,274,74
15719,img/img_00097107.jpg,full-body clothes,335,102,216,114,481,146
15720,img/img_00097111.jpg,full-body clothes,285,209,209,0,285,0
15721,img/img_00097116.jpg,full-body clothes,182,91,142,51,223,41
15722,img/img_00097119.jpg,full-body clothes,213,150,150,0,213,0
15723,img/img_00097136.jpg,full-body clothes,173,127,176,49,230,57
15724,img/img_00097154.jpg,full-body clothes,404,83,229,146,493,89
15725,img/img_00097157.jpg,full-body clothes,228,229,229,0,228,0
15726,img/img_00097162.jpg,full-body clothes,314,219,335,116,487,173
15727,img/img_00097164.jpg,full-body clothes,209,228,228,0,209,0
15728,img/img_00097179.jpg,full-body clothes,481,283,283,0,481,0
15729,img/img_00097184.jpg,full-body clothes,304,269,269,0,304,0
15730,img/img_00097185.jpg,full-body clothes,277,213,213,0,277,0
15731,img/img_00097188.jpg,full-body clothes,496,232,232,0,496,0
15732,img/img_00097207.jpg,full-body clothes,218,77,226,149,313,95
15733,img/img_00097208.jpg,full-body clothes,350,209,314,105,473,123
15734,img/img_00097218.jpg,full-body clothes,444,280,280,0,444,0
15735,img/img_00097224.jpg,full-body clothes,223,158,225,67,295,72
15736,img/img_00097231.jpg,full-body clothes,305,163,213,50,401,96
15737,img/img_00097236.jpg,full-body clothes,492,298,298,0,492,0
15738,img/img_00097237.jpg,full-body clothes,175,218,218,0,175,0
15739,img/img_00097238.jpg,full-body clothes,182,249,249,0,182,0
15740,img/img_00097250.jpg,full-body clothes,300,265,265,0,300,0
15741,img/img_00097253.jpg,full-body clothes,259,163,264,101,337,78
15742,img/img_00097265.jpg,full-body clothes,342,100,254,154,472,130
15743,img/img_00097266.jpg,full-body clothes,289,106,261,155,367,78
15744,img/img_00097281.jpg,full-body clothes,301,222,222,0,301,0
15745,img/img_00097282.jpg,full-body clothes,227,59,230,171,298,71
15746,img/img_00097285.jpg,full-body clothes,371,140,248,108,489,118
15747,img/img_00097291.jpg,full-body clothes,396,175,266,91,474,78
15748,img/img_00097295.jpg,full-body clothes,269,148,293,145,344,75
15749,img/img_00097309.jpg,upper-body clothes,210,178,340,162,393,183
15750,img/img_00097314.jpg,upper-body clothes,246,167,233,66,276,30
15751,img/img_00097317.jpg,upper-body clothes,434,339,374,35,480,46
15752,img/img_00097320.jpg,full-body clothes,269,167,322,155,415,146
15753,img/img_00097326.jpg,full-body clothes,310,180,320,140,438,128
15754,img/img_00097329.jpg,full-body clothes,220,95,209,114,294,74
15755,img/img_00097332.jpg,full-body clothes,326,58,190,132,428,102
15756,img/img_00097338.jpg,full-body clothes,199,107,200,93,279,80
15757,img/img_00097343.jpg,full-body clothes,189,108,203,95,261,72
15758,img/img_00097355.jpg,full-body clothes,286,212,212,0,286,0
15759,img/img_00097356.jpg,full-body clothes,371,110,233,123,490,119
15760,img/img_00097358.jpg,full-body clothes,287,97,163,66,389,102
15761,img/img_00097365.jpg,full-body clothes,380,144,237,93,502,122
15762,img/img_00097368.jpg,full-body clothes,385,129,238,109,476,91
15763,img/img_00097370.jpg,full-body clothes,392,168,296,128,474,82
15764,img/img_00097374.jpg,full-body clothes,416,129,227,98,495,79
15765,img/img_00097382.jpg,lower-body clothes,439,335,335,0,439,0
15766,img/img_00097404.jpg,full-body clothes,255,254,254,0,255,0
15767,img/img_00097411.jpg,full-body clothes,403,40,174,134,496,93
15768,img/img_00097418.jpg,full-body clothes,375,175,286,111,506,131
15769,img/img_00097423.jpg,full-body clothes,384,102,238,136,450,66
15770,img/img_00097428.jpg,lower-body clothes,79,100,215,115,283,204
15771,img/img_00097437.jpg,lower-body clothes,111,185,309,124,471,360
15772,img/img_00097438.jpg,lower-body clothes,84,136,191,55,150,66
15773,img/img_00097447.jpg,upper-body clothes,318,233,233,0,318,0
15774,img/img_00097453.jpg,upper-body clothes,257,194,267,73,415,158
15775,img/img_00097455.jpg,upper-body clothes,187,369,369,0,187,0
15776,img/img_00097461.jpg,upper-body clothes,115,184,184,0,115,0
15777,img/img_00097462.jpg,upper-body clothes,237,174,174,0,237,0
15778,img/img_00097470.jpg,upper-body clothes,182,214,214,0,182,0
15779,img/img_00097472.jpg,upper-body clothes,79,78,161,83,150,71
15780,img/img_00097476.jpg,upper-body clothes,413,282,282,0,413,0
15781,img/img_00097479.jpg,upper-body clothes,329,138,257,119,378,49
15782,img/img_00097482.jpg,upper-body clothes,288,133,251,118,423,135
15783,img/img_00097486.jpg,upper-body clothes,218,131,210,79,291,73
15784,img/img_00097496.jpg,upper-body clothes,158,151,221,70,271,113
15785,img/img_00097507.jpg,upper-body clothes,341,62,248,186,456,115
15786,img/img_00097511.jpg,full-body clothes,173,93,168,75,237,64
15787,img/img_00097524.jpg,upper-body clothes,230,115,186,71,384,154
15788,img/img_00097529.jpg,upper-body clothes,42,356,356,0,42,0
15789,img/img_00097530.jpg,upper-body clothes,208,227,291,64,472,264
15790,img/img_00097531.jpg,upper-body clothes,200,161,161,0,200,0
15791,img/img_00097534.jpg,upper-body clothes,145,174,174,0,145,0
15792,img/img_00097540.jpg,upper-body clothes,323,210,210,0,323,0
15793,img/img_00097549.jpg,upper-body clothes,375,63,189,126,455,80
15794,img/img_00097555.jpg,lower-body clothes,190,76,224,148,404,214
15795,img/img_00097557.jpg,lower-body clothes,158,28,80,52,342,184
15796,img/img_00097561.jpg,lower-body clothes,320,77,227,150,422,102
15797,img/img_00097567.jpg,full-body clothes,343,342,342,0,343,0
15798,img/img_00097575.jpg,full-body clothes,373,134,245,111,487,114
15799,img/img_00097581.jpg,full-body clothes,331,116,248,132,470,139
15800,img/img_00097586.jpg,full-body clothes,376,78,191,113,484,108
15801,img/img_00097588.jpg,full-body clothes,425,214,303,89,440,15
15802,img/img_00097596.jpg,upper-body clothes,316,405,405,0,316,0
15803,img/img_00097600.jpg,full-body clothes,404,128,153,25,410,6
15804,img/img_00097602.jpg,full-body clothes,189,233,233,0,189,0
15805,img/img_00097608.jpg,full-body clothes,252,80,229,149,331,79
15806,img/img_00097611.jpg,full-body clothes,129,257,257,0,129,0
15807,img/img_00097615.jpg,full-body clothes,403,188,242,54,423,20
15808,img/img_00097616.jpg,full-body clothes,255,329,329,0,255,0
15809,img/img_00097623.jpg,full-body clothes,201,96,219,123,276,75
15810,img/img_00097624.jpg,full-body clothes,209,150,273,123,294,85
15811,img/img_00097625.jpg,full-body clothes,353,123,272,149,476,123
15812,img/img_00097633.jpg,full-body clothes,212,177,311,134,296,84
15813,img/img_00097640.jpg,lower-body clothes,287,351,369,18,355,68
15814,img/img_00097644.jpg,lower-body clothes,308,205,310,105,360,52
15815,img/img_00097645.jpg,lower-body clothes,184,102,242,140,317,133
15816,img/img_00097648.jpg,full-body clothes,357,211,211,0,357,0
15817,img/img_00097659.jpg,full-body clothes,208,282,282,0,208,0
15818,img/img_00097677.jpg,full-body clothes,343,108,158,50,443,100
15819,img/img_00097680.jpg,full-body clothes,341,62,191,129,473,132
15820,img/img_00097682.jpg,full-body clothes,284,159,260,101,405,121
15821,img/img_00097684.jpg,full-body clothes,276,74,208,134,382,106
15822,img/img_00097692.jpg,full-body clothes,198,108,214,106,271,73
15823,img/img_00097693.jpg,full-body clothes,185,112,282,170,276,91
15824,img/img_00097699.jpg,full-body clothes,247,166,170,4,334,87
15825,img/img_00097700.jpg,full-body clothes,165,94,191,97,229,64
15826,img/img_00097704.jpg,full-body clothes,213,125,180,55,286,73
15827,img/img_00097713.jpg,full-body clothes,347,123,256,133,366,19
15828,img/img_00097724.jpg,upper-body clothes,330,454,454,0,330,0
15829,img/img_00097740.jpg,upper-body clothes,260,117,277,160,384,124
15830,img/img_00097747.jpg,full-body clothes,190,105,337,232,260,70
15831,img/img_00097749.jpg,full-body clothes,273,111,228,117,390,117
15832,img/img_00097754.jpg,full-body clothes,256,139,241,102,375,119
15833,img/img_00097756.jpg,full-body clothes,190,106,225,119,269,79
15834,img/img_00097766.jpg,full-body clothes,348,168,359,191,461,113
15835,img/img_00097771.jpg,upper-body clothes,164,70,227,157,236,72
15836,img/img_00097775.jpg,upper-body clothes,220,185,256,71,410,190
15837,img/img_00097789.jpg,upper-body clothes,324,157,228,71,498,174
15838,img/img_00097792.jpg,upper-body clothes,183,454,454,0,183,0
15839,img/img_00097808.jpg,full-body clothes,389,265,295,30,458,69
15840,img/img_00097815.jpg,full-body clothes,252,98,142,44,299,47
15841,img/img_00097818.jpg,full-body clothes,159,155,155,0,159,0
15842,img/img_00097822.jpg,upper-body clothes,204,135,275,140,338,134
15843,img/img_00097837.jpg,upper-body clothes,122,294,294,0,122,0
15844,img/img_00097842.jpg,full-body clothes,357,233,312,79,487,130
15845,img/img_00097844.jpg,full-body clothes,327,119,273,154,448,121
15846,img/img_00097848.jpg,full-body clothes,490,263,263,0,490,0
15847,img/img_00097865.jpg,full-body clothes,153,72,153,81,216,63
15848,img/img_00097869.jpg,full-body clothes,379,211,254,43,485,106
15849,img/img_00097884.jpg,lower-body clothes,105,171,260,89,449,344
15850,img/img_00097901.jpg,lower-body clothes,134,143,216,73,388,254
15851,img/img_00097902.jpg,lower-body clothes,235,349,398,49,362,127
15852,img/img_00097911.jpg,full-body clothes,175,123,220,97,257,82
15853,img/img_00097915.jpg,full-body clothes,268,264,264,0,268,0
15854,img/img_00097922.jpg,full-body clothes,255,65,218,153,386,131
15855,img/img_00097929.jpg,full-body clothes,170,71,137,66,232,62
15856,img/img_00097934.jpg,full-body clothes,342,163,244,81,469,127
15857,img/img_00097935.jpg,full-body clothes,164,100,146,46,222,58
15858,img/img_00097936.jpg,full-body clothes,347,131,242,111,464,117
15859,img/img_00097938.jpg,upper-body clothes,160,61,297,236,356,196
15860,img/img_00097947.jpg,upper-body clothes,137,59,289,230,320,183
15861,img/img_00097967.jpg,upper-body clothes,271,159,274,115,422,151
15862,img/img_00097968.jpg,full-body clothes,213,135,248,113,291,78
15863,img/img_00097987.jpg,upper-body clothes,147,77,175,98,227,80
15864,img/img_00097989.jpg,upper-body clothes,344,167,236,69,490,146
15865,img/img_00098010.jpg,full-body clothes,186,92,237,145,265,79
15866,img/img_00098016.jpg,upper-body clothes,332,82,227,145,389,57
15867,img/img_00098018.jpg,upper-body clothes,255,42,194,152,369,114
15868,img/img_00098024.jpg,upper-body clothes,307,328,328,0,307,0
15869,img/img_00098033.jpg,upper-body clothes,354,64,243,179,471,117
15870,img/img_00098042.jpg,full-body clothes,139,260,260,0,139,0
15871,img/img_00098053.jpg,full-body clothes,142,109,149,40,214,72
15872,img/img_00098055.jpg,full-body clothes,177,53,151,98,238,61
15873,img/img_00098059.jpg,full-body clothes,326,184,291,107,434,108
15874,img/img_00098071.jpg,full-body clothes,354,53,190,137,483,129
15875,img/img_00098077.jpg,full-body clothes,342,159,245,86,479,137
15876,img/img_00098081.jpg,full-body clothes,352,181,269,88,478,126
15877,img/img_00098085.jpg,full-body clothes,240,153,187,34,313,73
15878,img/img_00098092.jpg,full-body clothes,311,121,220,99,422,111
15879,img/img_00098097.jpg,upper-body clothes,219,87,318,231,325,106
15880,img/img_00098102.jpg,upper-body clothes,417,344,380,36,455,38
15881,img/img_00098105.jpg,upper-body clothes,227,102,194,92,337,110
15882,img/img_00098107.jpg,upper-body clothes,147,107,150,43,206,59
15883,img/img_00098117.jpg,full-body clothes,135,150,150,0,135,0
15884,img/img_00098139.jpg,full-body clothes,346,121,247,126,431,85
15885,img/img_00098144.jpg,full-body clothes,217,86,142,56,299,82
15886,img/img_00098147.jpg,upper-body clothes,127,118,221,103,212,85
15887,img/img_00098148.jpg,upper-body clothes,234,96,199,103,372,138
15888,img/img_00098149.jpg,upper-body clothes,142,104,144,40,196,54
15889,img/img_00098150.jpg,upper-body clothes,141,70,137,67,197,56
15890,img/img_00098151.jpg,upper-body clothes,189,119,274,155,286,97
15891,img/img_00098161.jpg,upper-body clothes,231,130,228,98,356,125
15892,img/img_00098167.jpg,upper-body clothes,177,98,146,48,247,70
15893,img/img_00098170.jpg,upper-body clothes,214,93,185,92,364,150
15894,img/img_00098177.jpg,full-body clothes,307,109,162,53,355,48
15895,img/img_00098210.jpg,full-body clothes,301,180,247,67,410,109
15896,img/img_00098212.jpg,full-body clothes,356,116,233,117,468,112
15897,img/img_00098217.jpg,lower-body clothes,56,88,145,57,194,138
15898,img/img_00098224.jpg,lower-body clothes,89,159,258,99,350,261
15899,img/img_00098236.jpg,upper-body clothes,162,27,158,131,223,61
15900,img/img_00098244.jpg,upper-body clothes,268,109,194,85,417,149
15901,img/img_00098253.jpg,upper-body clothes,266,241,241,0,266,0
15902,img/img_00098258.jpg,full-body clothes,413,317,329,12,443,30
15903,img/img_00098272.jpg,full-body clothes,378,180,256,76,492,114
15904,img/img_00098277.jpg,upper-body clothes,123,48,178,130,200,77
15905,img/img_00098279.jpg,full-body clothes,174,125,228,103,253,79
15906,img/img_00098288.jpg,full-body clothes,111,61,182,121,159,48
15907,img/img_00098291.jpg,full-body clothes,220,270,270,0,220,0
15908,img/img_00098296.jpg,full-body clothes,189,77,164,87,261,72
15909,img/img_00098297.jpg,full-body clothes,175,82,159,77,242,67
15910,img/img_00098299.jpg,full-body clothes,451,147,285,138,476,25
15911,img/img_00098305.jpg,full-body clothes,331,276,276,0,331,0
15912,img/img_00098308.jpg,full-body clothes,146,76,152,76,196,50
15913,img/img_00098309.jpg,full-body clothes,261,181,181,0,261,0
15914,img/img_00098320.jpg,full-body clothes,299,156,210,54,402,103
15915,img/img_00098330.jpg,full-body clothes,204,90,198,108,264,60
15916,img/img_00098331.jpg,full-body clothes,243,101,188,87,326,83
15917,img/img_00098334.jpg,full-body clothes,206,106,212,106,291,85
15918,img/img_00098343.jpg,upper-body clothes,271,59,192,133,391,120
15919,img/img_00098347.jpg,upper-body clothes,135,121,228,107,269,134
15920,img/img_00098355.jpg,full-body clothes,327,78,223,145,446,119
15921,img/img_00098356.jpg,full-body clothes,294,212,308,96,421,127
15922,img/img_00098374.jpg,upper-body clothes,206,78,311,233,330,124
15923,img/img_00098375.jpg,upper-body clothes,171,247,247,0,171,0
15924,img/img_00098379.jpg,upper-body clothes,155,139,255,116,248,93
15925,img/img_00098382.jpg,upper-body clothes,473,436,436,0,473,0
15926,img/img_00098387.jpg,upper-body clothes,310,185,258,73,432,122
15927,img/img_00098388.jpg,upper-body clothes,217,88,212,124,331,114
15928,img/img_00098396.jpg,upper-body clothes,314,280,386,106,358,44
15929,img/img_00098401.jpg,upper-body clothes,193,108,196,88,305,112
15930,img/img_00098406.jpg,upper-body clothes,102,53,124,71,227,125
15931,img/img_00098423.jpg,full-body clothes,199,133,133,0,199,0
15932,img/img_00098434.jpg,full-body clothes,200,105,178,73,276,76
15933,img/img_00098436.jpg,full-body clothes,134,55,129,74,211,77
15934,img/img_00098452.jpg,upper-body clothes,237,84,196,112,369,132
15935,img/img_00098456.jpg,upper-body clothes,291,110,220,110,404,113
15936,img/img_00098457.jpg,upper-body clothes,286,57,176,119,438,152
15937,img/img_00098464.jpg,full-body clothes,372,126,247,121,466,94
15938,img/img_00098465.jpg,full-body clothes,396,217,262,45,472,76
15939,img/img_00098466.jpg,full-body clothes,340,173,265,92,465,125
15940,img/img_00098472.jpg,full-body clothes,301,212,355,143,403,102
15941,img/img_00098477.jpg,full-body clothes,298,114,242,128,458,160
15942,img/img_00098485.jpg,upper-body clothes,251,149,298,149,403,152
15943,img/img_00098487.jpg,upper-body clothes,184,127,217,90,280,96
15944,img/img_00098491.jpg,upper-body clothes,230,108,246,138,235,5
15945,img/img_00098492.jpg,upper-body clothes,277,87,249,162,414,137
15946,img/img_00098493.jpg,upper-body clothes,322,341,341,0,322,0
15947,img/img_00098501.jpg,full-body clothes,316,165,240,75,450,134
15948,img/img_00098502.jpg,full-body clothes,316,175,277,102,451,135
15949,img/img_00098505.jpg,full-body clothes,254,132,323,191,374,120
15950,img/img_00098511.jpg,full-body clothes,258,182,182,0,258,0
15951,img/img_00098513.jpg,full-body clothes,163,186,186,0,163,0
15952,img/img_00098519.jpg,full-body clothes,175,295,295,0,175,0
15953,img/img_00098526.jpg,full-body clothes,360,172,266,94,494,134
15954,img/img_00098527.jpg,full-body clothes,357,100,227,127,473,116
15955,img/img_00098528.jpg,full-body clothes,390,65,227,162,497,107
15956,img/img_00098530.jpg,full-body clothes,375,109,219,110,496,121
15957,img/img_00098531.jpg,full-body clothes,301,90,258,168,392,91
15958,img/img_00098546.jpg,lower-body clothes,336,24,170,146,356,20
15959,img/img_00098548.jpg,lower-body clothes,228,65,214,149,435,207
15960,img/img_00098557.jpg,full-body clothes,184,73,154,81,254,70
15961,img/img_00098559.jpg,full-body clothes,231,125,187,62,323,92
15962,img/img_00098561.jpg,full-body clothes,222,113,265,152,300,78
15963,img/img_00098566.jpg,full-body clothes,365,207,246,39,453,88
15964,img/img_00098567.jpg,full-body clothes,356,59,165,106,490,134
15965,img/img_00098568.jpg,full-body clothes,410,57,164,107,485,75
15966,img/img_00098571.jpg,lower-body clothes,312,106,106,0,312,0
15967,img/img_00098575.jpg,lower-body clothes,207,217,217,0,207,0
15968,img/img_00098577.jpg,lower-body clothes,248,483,498,15,277,29
15969,img/img_00098592.jpg,full-body clothes,232,48,196,148,319,87
15970,img/img_00098593.jpg,full-body clothes,390,239,239,0,390,0
15971,img/img_00098605.jpg,full-body clothes,304,224,224,0,304,0
15972,img/img_00098615.jpg,lower-body clothes,131,50,128,78,152,21
15973,img/img_00098618.jpg,lower-body clothes,119,120,438,318,240,121
15974,img/img_00098619.jpg,lower-body clothes,101,127,254,127,293,192
15975,img/img_00098625.jpg,full-body clothes,376,153,219,66,455,79
15976,img/img_00098627.jpg,full-body clothes,183,64,179,115,230,47
15977,img/img_00098640.jpg,upper-body clothes,126,475,475,0,126,0
15978,img/img_00098644.jpg,upper-body clothes,308,145,277,132,471,163
15979,img/img_00098646.jpg,upper-body clothes,171,96,203,107,273,102
15980,img/img_00098647.jpg,upper-body clothes,88,276,276,0,88,0
15981,img/img_00098650.jpg,full-body clothes,172,99,152,53,232,60
15982,img/img_00098669.jpg,full-body clothes,355,69,212,143,474,119
15983,img/img_00098673.jpg,full-body clothes,206,121,208,87,287,81
15984,img/img_00098680.jpg,full-body clothes,327,213,352,139,454,127
15985,img/img_00098687.jpg,full-body clothes,347,102,212,110,474,127
15986,img/img_00098690.jpg,full-body clothes,205,129,129,0,205,0
15987,img/img_00098702.jpg,upper-body clothes,76,42,102,60,145,69
15988,img/img_00098705.jpg,upper-body clothes,103,46,161,115,193,90
15989,img/img_00098717.jpg,lower-body clothes,66,79,178,99,238,172
15990,img/img_00098725.jpg,lower-body clothes,157,196,299,103,207,50
15991,img/img_00098728.jpg,lower-body clothes,45,56,148,92,192,147
15992,img/img_00098729.jpg,full-body clothes,76,64,64,0,76,0
15993,img/img_00098730.jpg,full-body clothes,225,100,174,74,316,91
15994,img/img_00098738.jpg,full-body clothes,354,143,151,8,476,122
15995,img/img_00098740.jpg,full-body clothes,150,69,163,94,199,49
15996,img/img_00098741.jpg,full-body clothes,264,290,290,0,264,0
15997,img/img_00098750.jpg,full-body clothes,257,144,144,0,257,0
15998,img/img_00098752.jpg,full-body clothes,442,216,287,71,478,36
15999,img/img_00098756.jpg,full-body clothes,108,34,84,50,196,88
16000,img/img_00098760.jpg,full-body clothes,177,109,222,113,239,62
16001,img/img_00098765.jpg,full-body clothes,319,195,268,73,472,153
16002,img/img_00098769.jpg,full-body clothes,149,126,260,134,251,102
16003,img/img_00098784.jpg,full-body clothes,175,152,338,186,291,116
16004,img/img_00098789.jpg,upper-body clothes,194,29,193,164,271,77
16005,img/img_00098818.jpg,full-body clothes,371,88,229,141,465,94
16006,img/img_00098819.jpg,full-body clothes,162,47,178,131,210,48
16007,img/img_00098827.jpg,upper-body clothes,144,198,198,0,144,0
16008,img/img_00098828.jpg,upper-body clothes,194,170,170,0,194,0
16009,img/img_00098832.jpg,upper-body clothes,140,24,182,158,223,83
16010,img/img_00098841.jpg,full-body clothes,190,110,205,95,268,78
16011,img/img_00098843.jpg,full-body clothes,307,127,215,88,428,121
16012,img/img_00098844.jpg,full-body clothes,300,155,224,69,418,118
16013,img/img_00098847.jpg,full-body clothes,185,97,221,124,274,89
16014,img/img_00098857.jpg,full-body clothes,163,72,152,80,230,67
16015,img/img_00098859.jpg,full-body clothes,154,75,105,30,219,65
16016,img/img_00098865.jpg,lower-body clothes,100,127,201,74,367,267
16017,img/img_00098870.jpg,lower-body clothes,97,114,206,92,291,194
16018,img/img_00098871.jpg,lower-body clothes,50,100,125,25,220,170
16019,img/img_00098884.jpg,lower-body clothes,51,88,138,50,227,176
16020,img/img_00098885.jpg,lower-body clothes,136,184,267,83,478,342
16021,img/img_00098888.jpg,lower-body clothes,51,99,166,67,218,167
16022,img/img_00098891.jpg,lower-body clothes,63,79,136,57,215,152
16023,img/img_00098892.jpg,lower-body clothes,146,96,223,127,488,342
16024,img/img_00098908.jpg,lower-body clothes,92,92,107,15,294,202
16025,img/img_00098916.jpg,lower-body clothes,61,95,143,48,233,172
16026,img/img_00098925.jpg,upper-body clothes,101,73,212,139,203,102
16027,img/img_00098926.jpg,upper-body clothes,120,70,212,142,198,78
16028,img/img_00098966.jpg,upper-body clothes,154,53,181,128,291,137
16029,img/img_00098970.jpg,upper-body clothes,108,64,116,52,178,70
16030,img/img_00098975.jpg,upper-body clothes,308,97,229,132,439,131
16031,img/img_00098978.jpg,full-body clothes,397,103,287,184,490,93
16032,img/img_00098985.jpg,full-body clothes,235,125,246,121,318,83
16033,img/img_00098988.jpg,full-body clothes,374,61,218,157,455,81
16034,img/img_00099008.jpg,full-body clothes,402,32,114,82,475,73
16035,img/img_00099010.jpg,full-body clothes,412,124,294,170,487,75
16036,img/img_00099011.jpg,full-body clothes,189,63,166,103,234,45
16037,img/img_00099012.jpg,full-body clothes,214,68,128,60,258,44
16038,img/img_00099016.jpg,full-body clothes,354,158,238,80,451,97
16039,img/img_00099020.jpg,full-body clothes,342,183,252,69,472,130
16040,img/img_00099032.jpg,full-body clothes,387,164,314,150,486,99
16041,img/img_00099035.jpg,full-body clothes,289,74,222,148,376,87
16042,img/img_00099042.jpg,upper-body clothes,151,87,156,69,271,120
16043,img/img_00099048.jpg,upper-body clothes,303,66,232,166,426,123
16044,img/img_00099054.jpg,upper-body clothes,131,71,143,72,192,61
16045,img/img_00099055.jpg,upper-body clothes,195,87,157,70,290,95
16046,img/img_00099056.jpg,upper-body clothes,161,83,118,35,248,87
16047,img/img_00099060.jpg,upper-body clothes,245,134,203,69,365,120
16048,img/img_00099063.jpg,upper-body clothes,148,84,210,126,245,97
16049,img/img_00099089.jpg,full-body clothes,96,104,104,0,96,0
16050,img/img_00099091.jpg,full-body clothes,215,99,210,111,299,84
16051,img/img_00099103.jpg,lower-body clothes,180,144,251,107,452,272
16052,img/img_00099110.jpg,full-body clothes,304,184,253,69,485,181
16053,img/img_00099116.jpg,full-body clothes,280,189,243,54,406,126
16054,img/img_00099118.jpg,full-body clothes,297,145,245,100,396,99
16055,img/img_00099124.jpg,full-body clothes,476,316,316,0,476,0
16056,img/img_00099126.jpg,full-body clothes,345,375,439,64,470,125
16057,img/img_00099133.jpg,upper-body clothes,290,76,231,155,429,139
16058,img/img_00099134.jpg,upper-body clothes,174,60,168,108,300,126
16059,img/img_00099135.jpg,upper-body clothes,184,171,294,123,322,138
16060,img/img_00099137.jpg,upper-body clothes,153,64,223,159,267,114
16061,img/img_00099152.jpg,upper-body clothes,110,82,119,37,179,69
16062,img/img_00099153.jpg,upper-body clothes,292,146,146,0,292,0
16063,img/img_00099155.jpg,upper-body clothes,162,95,199,104,237,75
16064,img/img_00099177.jpg,upper-body clothes,186,193,208,15,274,88
16065,img/img_00099187.jpg,upper-body clothes,275,150,312,162,437,162
16066,img/img_00099197.jpg,upper-body clothes,125,69,138,69,188,63
16067,img/img_00099206.jpg,upper-body clothes,280,110,161,51,424,144
16068,img/img_00099209.jpg,upper-body clothes,241,188,188,0,241,0
16069,img/img_00099216.jpg,upper-body clothes,120,69,113,44,198,78
16070,img/img_00099219.jpg,upper-body clothes,147,79,193,114,226,79
16071,img/img_00099223.jpg,upper-body clothes,174,82,132,50,238,64
16072,img/img_00099229.jpg,upper-body clothes,107,54,123,69,167,60
16073,img/img_00099232.jpg,upper-body clothes,304,198,260,62,316,12
16074,img/img_00099242.jpg,upper-body clothes,254,154,261,107,384,130
16075,img/img_00099247.jpg,upper-body clothes,235,149,224,75,351,116
16076,img/img_00099248.jpg,upper-body clothes,83,162,162,0,83,0
16077,img/img_00099253.jpg,upper-body clothes,150,78,215,137,223,73
16078,img/img_00099283.jpg,upper-body clothes,94,58,130,72,161,67
16079,img/img_00099288.jpg,upper-body clothes,236,121,230,109,367,131
16080,img/img_00099299.jpg,full-body clothes,175,224,224,0,175,0
16081,img/img_00099315.jpg,full-body clothes,240,112,221,109,345,105
16082,img/img_00099323.jpg,full-body clothes,453,280,280,0,453,0
16083,img/img_00099329.jpg,full-body clothes,303,212,257,45,425,122
16084,img/img_00099335.jpg,upper-body clothes,158,87,216,129,253,95
16085,img/img_00099343.jpg,upper-body clothes,125,62,132,70,201,76
16086,img/img_00099346.jpg,upper-body clothes,112,70,135,65,180,68
16087,img/img_00099349.jpg,upper-body clothes,136,68,125,57,200,64
16088,img/img_00099353.jpg,full-body clothes,434,348,348,0,434,0
16089,img/img_00099357.jpg,full-body clothes,346,78,194,116,486,140
16090,img/img_00099362.jpg,full-body clothes,141,62,154,92,202,61
16091,img/img_00099365.jpg,full-body clothes,205,92,200,108,279,74
16092,img/img_00099368.jpg,full-body clothes,359,93,253,160,473,114
16093,img/img_00099380.jpg,upper-body clothes,428,223,290,67,486,58
16094,img/img_00099381.jpg,upper-body clothes,195,101,283,182,267,72
16095,img/img_00099386.jpg,upper-body clothes,127,115,115,0,127,0
16096,img/img_00099387.jpg,upper-body clothes,219,271,322,51,282,63
16097,img/img_00099397.jpg,upper-body clothes,237,131,448,317,361,124
16098,img/img_00099407.jpg,lower-body clothes,69,65,152,87,147,78
16099,img/img_00099423.jpg,upper-body clothes,164,102,253,151,217,53
16100,img/img_00099433.jpg,upper-body clothes,401,279,279,0,401,0
16101,img/img_00099440.jpg,upper-body clothes,230,122,240,118,347,117
16102,img/img_00099443.jpg,upper-body clothes,92,244,244,0,92,0
16103,img/img_00099445.jpg,upper-body clothes,231,130,243,113,367,136
16104,img/img_00099450.jpg,full-body clothes,199,80,229,149,271,72
16105,img/img_00099456.jpg,full-body clothes,300,45,203,158,392,92
16106,img/img_00099476.jpg,full-body clothes,256,119,227,108,349,93
16107,img/img_00099482.jpg,full-body clothes,458,295,295,0,458,0
16108,img/img_00099487.jpg,full-body clothes,293,130,272,142,420,127
16109,img/img_00099488.jpg,full-body clothes,269,110,234,124,469,200
16110,img/img_00099499.jpg,full-body clothes,304,196,262,66,450,146
16111,img/img_00099508.jpg,full-body clothes,172,67,168,101,244,72
16112,img/img_00099520.jpg,full-body clothes,254,265,265,0,254,0
16113,img/img_00099530.jpg,full-body clothes,320,162,211,49,431,111
16114,img/img_00099546.jpg,full-body clothes,185,94,197,103,270,85
16115,img/img_00099552.jpg,full-body clothes,278,70,190,120,335,57
16116,img/img_00099554.jpg,full-body clothes,372,136,253,117,461,89
16117,img/img_00099555.jpg,full-body clothes,197,101,209,108,283,86
16118,img/img_00099564.jpg,full-body clothes,151,85,132,47,220,69
16119,img/img_00099568.jpg,full-body clothes,215,132,205,73,307,92
16120,img/img_00099569.jpg,full-body clothes,213,108,179,71,294,81
16121,img/img_00099574.jpg,full-body clothes,339,171,215,44,468,129
16122,img/img_00099582.jpg,full-body clothes,155,102,151,49,206,51
16123,img/img_00099592.jpg,full-body clothes,214,246,246,0,214,0
16124,img/img_00099593.jpg,full-body clothes,372,90,229,139,437,65
16125,img/img_00099596.jpg,full-body clothes,407,93,222,129,493,86
16126,img/img_00099599.jpg,full-body clothes,222,79,182,103,259,37
16127,img/img_00099601.jpg,full-body clothes,374,76,191,115,466,92
16128,img/img_00099603.jpg,full-body clothes,317,65,185,120,376,59
16129,img/img_00099611.jpg,upper-body clothes,270,100,200,100,398,128
16130,img/img_00099616.jpg,upper-body clothes,255,186,186,0,255,0
16131,img/img_00099618.jpg,upper-body clothes,236,155,155,0,236,0
16132,img/img_00099619.jpg,upper-body clothes,194,150,150,0,194,0
16133,img/img_00099620.jpg,upper-body clothes,255,115,196,81,406,151
16134,img/img_00099624.jpg,upper-body clothes,219,203,203,0,219,0
16135,img/img_00099633.jpg,upper-body clothes,139,62,123,61,209,70
16136,img/img_00099638.jpg,full-body clothes,365,188,303,115,485,120
16137,img/img_00099640.jpg,full-body clothes,234,95,233,138,264,30
16138,img/img_00099646.jpg,full-body clothes,464,257,257,0,464,0
16139,img/img_00099648.jpg,full-body clothes,220,235,235,0,220,0
16140,img/img_00099655.jpg,full-body clothes,179,204,204,0,179,0
16141,img/img_00099667.jpg,full-body clothes,291,79,167,88,394,103
16142,img/img_00099678.jpg,full-body clothes,356,100,278,178,447,91
16143,img/img_00099685.jpg,full-body clothes,241,144,267,123,336,95
16144,img/img_00099688.jpg,full-body clothes,100,90,90,0,100,0
16145,img/img_00099690.jpg,full-body clothes,299,160,254,94,398,99
16146,img/img_00099694.jpg,full-body clothes,222,111,179,68,313,91
16147,img/img_00099706.jpg,upper-body clothes,140,85,159,74,232,92
16148,img/img_00099707.jpg,upper-body clothes,139,94,246,152,261,122
16149,img/img_00099714.jpg,upper-body clothes,109,63,137,74,175,66
16150,img/img_00099718.jpg,lower-body clothes,90,49,100,51,235,145
16151,img/img_00099721.jpg,lower-body clothes,72,74,99,25,198,126
16152,img/img_00099723.jpg,lower-body clothes,84,38,92,54,215,131
16153,img/img_00099726.jpg,lower-body clothes,142,160,250,90,438,296
16154,img/img_00099731.jpg,lower-body clothes,78,88,167,79,199,121
16155,img/img_00099732.jpg,lower-body clothes,174,243,263,20,176,2
16156,img/img_00099733.jpg,lower-body clothes,348,504,504,0,348,0
16157,img/img_00099742.jpg,lower-body clothes,56,77,136,59,73,17
16158,img/img_00099747.jpg,lower-body clothes,130,248,248,0,130,0
16159,img/img_00099748.jpg,lower-body clothes,300,167,261,94,333,33
16160,img/img_00099752.jpg,full-body clothes,233,107,251,144,307,74
16161,img/img_00099758.jpg,full-body clothes,393,162,270,108,502,109
16162,img/img_00099761.jpg,full-body clothes,386,182,268,86,477,91
16163,img/img_00099765.jpg,upper-body clothes,150,82,135,53,228,78
16164,img/img_00099774.jpg,upper-body clothes,197,141,183,42,299,102
16165,img/img_00099777.jpg,full-body clothes,451,143,285,142,474,23
16166,img/img_00099779.jpg,full-body clothes,338,206,285,79,474,136
16167,img/img_00099781.jpg,full-body clothes,188,108,211,103,261,73
16168,img/img_00099789.jpg,full-body clothes,251,86,278,192,329,78
16169,img/img_00099792.jpg,full-body clothes,256,99,194,95,351,95
16170,img/img_00099803.jpg,upper-body clothes,234,144,199,55,386,152
16171,img/img_00099809.jpg,upper-body clothes,189,94,156,62,278,89
16172,img/img_00099812.jpg,full-body clothes,78,46,151,105,133,55
16173,img/img_00099816.jpg,full-body clothes,303,63,177,114,478,175
16174,img/img_00099819.jpg,full-body clothes,188,95,204,109,274,86
16175,img/img_00099830.jpg,full-body clothes,87,45,129,84,132,45
16176,img/img_00099831.jpg,full-body clothes,78,46,151,105,133,55
16177,img/img_00099832.jpg,full-body clothes,311,169,261,92,440,129
16178,img/img_00099838.jpg,upper-body clothes,482,324,324,0,482,0
16179,img/img_00099846.jpg,upper-body clothes,218,292,292,0,218,0
16180,img/img_00099849.jpg,upper-body clothes,172,83,178,95,265,93
16181,img/img_00099851.jpg,upper-body clothes,253,126,312,186,321,68
16182,img/img_00099857.jpg,upper-body clothes,80,50,126,76,154,74
16183,img/img_00099867.jpg,upper-body clothes,129,86,149,63,205,76
16184,img/img_00099885.jpg,full-body clothes,194,20,170,150,273,79
16185,img/img_00099889.jpg,full-body clothes,122,52,176,124,171,49
16186,img/img_00099890.jpg,full-body clothes,194,108,201,93,270,76
16187,img/img_00099891.jpg,full-body clothes,243,165,223,58,438,195
16188,img/img_00099895.jpg,full-body clothes,268,152,249,97,384,116
16189,img/img_00099897.jpg,full-body clothes,91,68,108,40,134,43
16190,img/img_00099901.jpg,full-body clothes,181,174,249,75,255,74
16191,img/img_00099914.jpg,full-body clothes,129,167,167,0,129,0
16192,img/img_00099920.jpg,upper-body clothes,319,324,420,96,468,149
16193,img/img_00099923.jpg,upper-body clothes,464,323,323,0,464,0
16194,img/img_00099925.jpg,upper-body clothes,120,69,128,59,192,72
16195,img/img_00099929.jpg,upper-body clothes,398,313,313,0,398,0
16196,img/img_00099930.jpg,upper-body clothes,375,214,286,72,451,76
16197,img/img_00099932.jpg,upper-body clothes,449,226,226,0,449,0
16198,img/img_00099941.jpg,full-body clothes,307,219,219,0,307,0
16199,img/img_00099946.jpg,full-body clothes,247,242,242,0,247,0
16200,img/img_00099951.jpg,full-body clothes,183,94,94,0,183,0
16201,img/img_00099952.jpg,full-body clothes,240,285,342,57,416,176
16202,img/img_00099968.jpg,full-body clothes,422,493,493,0,422,0
16203,img/img_00099993.jpg,full-body clothes,366,120,397,277,473,107
16204,img/img_00100019.jpg,upper-body clothes,220,133,294,161,370,150
16205,img/img_00100021.jpg,upper-body clothes,134,297,297,0,134,0
16206,img/img_00100022.jpg,upper-body clothes,455,219,317,98,490,35
16207,img/img_00100023.jpg,upper-body clothes,250,235,307,72,391,141
16208,img/img_00100029.jpg,upper-body clothes,140,130,361,231,307,167
16209,img/img_00100034.jpg,full-body clothes,300,136,260,124,403,103
16210,img/img_00100051.jpg,upper-body clothes,334,228,275,47,399,65
16211,img/img_00100057.jpg,upper-body clothes,268,163,163,0,268,0
16212,img/img_00100064.jpg,upper-body clothes,264,123,222,99,421,157
16213,img/img_00100066.jpg,upper-body clothes,92,149,149,0,92,0
16214,img/img_00100070.jpg,upper-body clothes,164,125,200,75,267,103
16215,img/img_00100080.jpg,upper-body clothes,290,209,258,49,296,6
16216,img/img_00100085.jpg,upper-body clothes,136,77,149,72,206,70
16217,img/img_00100091.jpg,upper-body clothes,81,60,141,81,159,78
16218,img/img_00100096.jpg,lower-body clothes,75,48,179,131,290,215
16219,img/img_00100103.jpg,lower-body clothes,191,108,247,139,389,198
16220,img/img_00100116.jpg,lower-body clothes,157,217,252,35,496,339
16221,img/img_00100118.jpg,full-body clothes,214,92,235,143,290,76
16222,img/img_00100119.jpg,full-body clothes,335,148,276,128,435,100
16223,img/img_00100121.jpg,full-body clothes,343,133,236,103,448,105
16224,img/img_00100126.jpg,full-body clothes,231,89,240,151,314,83
16225,img/img_00100148.jpg,full-body clothes,124,64,177,113,218,94
16226,img/img_00100150.jpg,full-body clothes,443,413,413,0,443,0
16227,img/img_00100154.jpg,full-body clothes,253,119,225,106,374,121
16228,img/img_00100198.jpg,full-body clothes,158,88,303,215,267,109
16229,img/img_00100199.jpg,full-body clothes,276,255,255,0,276,0
16230,img/img_00100201.jpg,full-body clothes,232,99,189,90,262,30
16231,img/img_00100203.jpg,full-body clothes,260,131,318,187,346,86
16232,img/img_00100210.jpg,full-body clothes,171,34,129,95,238,67
16233,img/img_00100211.jpg,full-body clothes,204,90,235,145,286,82
16234,img/img_00100213.jpg,full-body clothes,339,241,241,0,339,0
16235,img/img_00100215.jpg,full-body clothes,360,86,220,134,470,110
16236,img/img_00100229.jpg,lower-body clothes,219,172,277,105,239,20
16237,img/img_00100233.jpg,lower-body clothes,179,141,245,104,253,74
16238,img/img_00100239.jpg,lower-body clothes,147,126,282,156,168,21
16239,img/img_00100241.jpg,lower-body clothes,56,87,178,91,262,206
16240,img/img_00100243.jpg,lower-body clothes,214,182,334,152,241,27
16241,img/img_00100246.jpg,lower-body clothes,240,148,280,132,281,41
16242,img/img_00100249.jpg,lower-body clothes,178,275,293,18,237,59
16243,img/img_00100251.jpg,lower-body clothes,435,149,297,148,437,2
16244,img/img_00100259.jpg,lower-body clothes,238,94,121,27,417,179
16245,img/img_00100262.jpg,lower-body clothes,387,145,216,71,412,25
16246,img/img_00100275.jpg,lower-body clothes,401,177,254,77,404,3
16247,img/img_00100283.jpg,lower-body clothes,28,45,95,50,120,92
16248,img/img_00100293.jpg,lower-body clothes,203,93,127,34,207,4
16249,img/img_00100305.jpg,upper-body clothes,300,98,265,167,457,157
16250,img/img_00100309.jpg,upper-body clothes,450,328,328,0,450,0
16251,img/img_00100311.jpg,upper-body clothes,277,332,332,0,277,0
16252,img/img_00100320.jpg,full-body clothes,397,123,258,135,506,109
16253,img/img_00100324.jpg,full-body clothes,291,132,220,88,299,8
16254,img/img_00100325.jpg,full-body clothes,350,146,233,87,455,105
16255,img/img_00100326.jpg,full-body clothes,347,128,293,165,475,128
16256,img/img_00100327.jpg,full-body clothes,366,211,280,69,469,103
16257,img/img_00100328.jpg,full-body clothes,293,91,248,157,352,59
16258,img/img_00100331.jpg,full-body clothes,148,377,433,56,239,91
16259,img/img_00100334.jpg,lower-body clothes,175,200,206,6,364,189
16260,img/img_00100338.jpg,lower-body clothes,102,124,177,53,300,198
16261,img/img_00100341.jpg,lower-body clothes,94,95,192,97,291,197
16262,img/img_00100343.jpg,lower-body clothes,109,125,460,335,302,193
16263,img/img_00100356.jpg,lower-body clothes,410,72,211,139,439,29
16264,img/img_00100367.jpg,lower-body clothes,243,84,457,373,448,205
16265,img/img_00100371.jpg,lower-body clothes,372,40,184,144,397,25
16266,img/img_00100409.jpg,upper-body clothes,146,64,137,73,226,80
16267,img/img_00100410.jpg,upper-body clothes,129,63,155,92,200,71
16268,img/img_00100415.jpg,upper-body clothes,328,75,162,87,457,129
16269,img/img_00100423.jpg,lower-body clothes,135,243,243,0,135,0
16270,img/img_00100424.jpg,lower-body clothes,307,184,184,0,307,0
16271,img/img_00100427.jpg,lower-body clothes,420,35,181,146,434,14
16272,img/img_00100430.jpg,lower-body clothes,90,110,157,47,274,184
16273,img/img_00100434.jpg,upper-body clothes,106,89,182,93,186,80
16274,img/img_00100436.jpg,upper-body clothes,120,70,139,69,203,83
16275,img/img_00100439.jpg,upper-body clothes,149,131,192,61,258,109
16276,img/img_00100452.jpg,upper-body clothes,205,275,275,0,205,0
16277,img/img_00100463.jpg,lower-body clothes,495,196,233,37,506,11
16278,img/img_00100485.jpg,lower-body clothes,329,185,185,0,329,0
16279,img/img_00100487.jpg,lower-body clothes,231,81,220,139,450,219
16280,img/img_00100488.jpg,lower-body clothes,31,49,115,66,134,103
16281,img/img_00100492.jpg,lower-body clothes,144,171,257,86,455,311
16282,img/img_00100493.jpg,lower-body clothes,78,86,124,38,238,160
16283,img/img_00100505.jpg,full-body clothes,175,109,219,110,260,85
16284,img/img_00100511.jpg,full-body clothes,257,168,200,32,345,88
16285,img/img_00100512.jpg,full-body clothes,157,78,153,75,210,53
16286,img/img_00100515.jpg,full-body clothes,335,138,233,95,467,132
16287,img/img_00100522.jpg,full-body clothes,156,63,129,66,221,65
16288,img/img_00100530.jpg,upper-body clothes,170,104,216,112,263,93
16289,img/img_00100541.jpg,full-body clothes,322,171,261,90,459,137
16290,img/img_00100545.jpg,full-body clothes,213,28,120,92,272,59
16291,img/img_00100551.jpg,lower-body clothes,102,104,170,66,314,212
16292,img/img_00100557.jpg,lower-body clothes,48,58,133,75,180,132
16293,img/img_00100558.jpg,lower-body clothes,167,204,269,65,456,289
16294,img/img_00100560.jpg,lower-body clothes,61,119,202,83,290,229
16295,img/img_00100561.jpg,lower-body clothes,211,162,162,0,211,0
16296,img/img_00100564.jpg,lower-body clothes,81,79,216,137,305,224
16297,img/img_00100577.jpg,upper-body clothes,248,168,260,92,397,149
16298,img/img_00100590.jpg,upper-body clothes,192,106,164,58,305,113
16299,img/img_00100591.jpg,upper-body clothes,213,47,160,113,326,113
16300,img/img_00100598.jpg,upper-body clothes,96,62,145,83,147,51
16301,img/img_00100601.jpg,upper-body clothes,117,36,123,87,191,74
16302,img/img_00100606.jpg,upper-body clothes,140,130,187,57,239,99
16303,img/img_00100607.jpg,upper-body clothes,238,166,260,94,374,136
16304,img/img_00100612.jpg,upper-body clothes,127,161,403,242,296,169
16305,img/img_00100613.jpg,upper-body clothes,173,94,130,36,456,283
16306,img/img_00100623.jpg,lower-body clothes,160,87,305,218,354,194
16307,img/img_00100624.jpg,lower-body clothes,44,21,151,130,154,110
16308,img/img_00100626.jpg,lower-body clothes,88,177,306,129,427,339
16309,img/img_00100638.jpg,lower-body clothes,116,110,173,63,323,207
16310,img/img_00100655.jpg,lower-body clothes,207,68,186,118,399,192
16311,img/img_00100661.jpg,lower-body clothes,250,81,105,24,448,198
16312,img/img_00100677.jpg,lower-body clothes,224,234,234,0,224,0
16313,img/img_00100682.jpg,full-body clothes,378,41,195,154,459,81
16314,img/img_00100686.jpg,full-body clothes,197,28,108,80,250,53
16315,img/img_00100687.jpg,full-body clothes,207,46,134,88,256,49
16316,img/img_00100691.jpg,full-body clothes,232,47,123,76,282,50
16317,img/img_00100695.jpg,full-body clothes,198,50,163,113,266,68
16318,img/img_00100697.jpg,full-body clothes,393,85,200,115,480,87
16319,img/img_00100701.jpg,lower-body clothes,176,84,177,93,310,134
16320,img/img_00100706.jpg,lower-body clothes,47,44,137,93,171,124
16321,img/img_00100713.jpg,upper-body clothes,206,78,156,78,315,109
16322,img/img_00100732.jpg,upper-body clothes,197,121,263,142,324,127
16323,img/img_00100733.jpg,upper-body clothes,288,58,235,177,419,131
16324,img/img_00100741.jpg,lower-body clothes,84,119,165,46,302,218
16325,img/img_00100754.jpg,lower-body clothes,214,77,172,95,399,185
16326,img/img_00100776.jpg,lower-body clothes,66,94,154,60,253,187
16327,img/img_00100782.jpg,lower-body clothes,56,38,162,124,239,183
16328,img/img_00100789.jpg,lower-body clothes,328,254,254,0,328,0
16329,img/img_00100793.jpg,full-body clothes,327,136,230,94,460,133
16330,img/img_00100794.jpg,full-body clothes,168,91,115,24,220,52
16331,img/img_00100797.jpg,full-body clothes,190,98,199,101,267,77
16332,img/img_00100803.jpg,full-body clothes,184,133,213,80,254,70
16333,img/img_00100807.jpg,lower-body clothes,110,142,226,84,389,279
16334,img/img_00100813.jpg,lower-body clothes,127,166,241,75,455,328
16335,img/img_00100816.jpg,lower-body clothes,153,180,250,70,480,327
16336,img/img_00100838.jpg,lower-body clothes,211,52,235,183,389,178
16337,img/img_00100840.jpg,lower-body clothes,266,80,200,120,456,190
16338,img/img_00100856.jpg,lower-body clothes,247,76,173,97,455,208
16339,img/img_00100859.jpg,lower-body clothes,244,132,289,157,438,194
16340,img/img_00100867.jpg,upper-body clothes,78,62,144,82,155,77
16341,img/img_00100871.jpg,upper-body clothes,348,259,285,26,499,151
16342,img/img_00100872.jpg,upper-body clothes,146,92,174,82,252,106
16343,img/img_00100879.jpg,upper-body clothes,246,179,281,102,417,171
16344,img/img_00100882.jpg,upper-body clothes,299,276,276,0,299,0
16345,img/img_00100885.jpg,upper-body clothes,132,99,99,0,132,0
16346,img/img_00100889.jpg,upper-body clothes,46,49,103,54,119,73
16347,img/img_00100897.jpg,full-body clothes,327,192,249,57,416,89
16348,img/img_00100902.jpg,full-body clothes,286,147,221,74,291,5
16349,img/img_00100907.jpg,full-body clothes,136,258,258,0,136,0
16350,img/img_00100918.jpg,lower-body clothes,80,97,156,59,269,189
16351,img/img_00100928.jpg,lower-body clothes,68,96,148,52,85,17
16352,img/img_00100941.jpg,full-body clothes,105,154,154,0,105,0
16353,img/img_00100945.jpg,full-body clothes,284,274,274,0,284,0
16354,img/img_00100951.jpg,full-body clothes,88,55,108,53,92,4
16355,img/img_00100955.jpg,full-body clothes,280,254,254,0,280,0
16356,img/img_00100959.jpg,lower-body clothes,220,50,249,199,422,202
16357,img/img_00100966.jpg,lower-body clothes,353,202,323,121,388,35
16358,img/img_00100970.jpg,lower-body clothes,161,59,151,92,313,152
16359,img/img_00100973.jpg,lower-body clothes,163,58,141,83,290,127
16360,img/img_00100974.jpg,lower-body clothes,91,66,98,32,191,100
16361,img/img_00100977.jpg,lower-body clothes,341,503,503,0,341,0
16362,img/img_00100987.jpg,lower-body clothes,47,81,81,0,47,0
16363,img/img_00100995.jpg,lower-body clothes,194,106,163,57,219,25
16364,img/img_00101003.jpg,upper-body clothes,357,206,297,91,491,134
16365,img/img_00101008.jpg,upper-body clothes,416,149,149,0,416,0
16366,img/img_00101015.jpg,upper-body clothes,221,175,344,169,395,174
16367,img/img_00101016.jpg,upper-body clothes,371,75,210,135,430,59
16368,img/img_00101026.jpg,upper-body clothes,237,289,289,0,237,0
16369,img/img_00101030.jpg,lower-body clothes,7,190,190,0,7,0
16370,img/img_00101052.jpg,lower-body clothes,45,33,60,27,300,255
16371,img/img_00101061.jpg,full-body clothes,347,76,207,131,447,100
16372,img/img_00101062.jpg,full-body clothes,310,145,276,131,412,102
16373,img/img_00101075.jpg,full-body clothes,252,112,132,20,306,54
16374,img/img_00101078.jpg,full-body clothes,257,89,220,131,332,75
16375,img/img_00101082.jpg,upper-body clothes,319,205,273,68,356,37
16376,img/img_00101084.jpg,upper-body clothes,348,390,390,0,348,0
16377,img/img_00101087.jpg,upper-body clothes,152,101,130,29,244,92
16378,img/img_00101091.jpg,upper-body clothes,407,436,436,0,407,0
16379,img/img_00101104.jpg,upper-body clothes,297,130,231,101,452,155
16380,img/img_00101111.jpg,full-body clothes,321,169,305,136,454,133
16381,img/img_00101122.jpg,lower-body clothes,81,74,74,0,81,0
16382,img/img_00101128.jpg,lower-body clothes,246,18,204,186,339,93
16383,img/img_00101131.jpg,lower-body clothes,423,264,399,135,453,30
16384,img/img_00101136.jpg,lower-body clothes,72,80,145,65,103,31
16385,img/img_00101149.jpg,lower-body clothes,113,148,341,193,159,46
16386,img/img_00101180.jpg,upper-body clothes,281,82,150,68,421,140
16387,img/img_00101188.jpg,upper-body clothes,295,145,239,94,427,132
16388,img/img_00101195.jpg,upper-body clothes,256,86,251,165,366,110
16389,img/img_00101198.jpg,upper-body clothes,228,242,242,0,228,0
16390,img/img_00101203.jpg,upper-body clothes,75,109,145,36,138,63
16391,img/img_00101206.jpg,upper-body clothes,99,34,80,46,156,57
16392,img/img_00101216.jpg,upper-body clothes,279,50,157,107,404,125
16393,img/img_00101217.jpg,upper-body clothes,99,86,267,181,222,123
16394,img/img_00101225.jpg,full-body clothes,215,120,214,94,314,99
16395,img/img_00101228.jpg,full-body clothes,307,188,247,59,442,135
16396,img/img_00101229.jpg,full-body clothes,297,150,228,78,407,110
16397,img/img_00101235.jpg,full-body clothes,364,180,246,66,470,106
16398,img/img_00101236.jpg,full-body clothes,165,69,172,103,215,50
16399,img/img_00101238.jpg,full-body clothes,337,182,274,92,459,122
16400,img/img_00101239.jpg,full-body clothes,323,218,218,0,323,0
16401,img/img_00101248.jpg,full-body clothes,201,236,236,0,201,0
16402,img/img_00101252.jpg,lower-body clothes,113,41,118,77,224,111
16403,img/img_00101253.jpg,lower-body clothes,209,92,246,154,382,173
16404,img/img_00101255.jpg,lower-body clothes,222,105,209,104,414,192
16405,img/img_00101257.jpg,lower-body clothes,104,42,95,53,202,98
16406,img/img_00101263.jpg,lower-body clothes,183,54,119,65,233,50
16407,img/img_00101275.jpg,upper-body clothes,432,241,241,0,432,0
16408,img/img_00101282.jpg,upper-body clothes,154,104,206,102,241,87
16409,img/img_00101284.jpg,upper-body clothes,271,422,422,0,271,0
16410,img/img_00101297.jpg,lower-body clothes,104,172,271,99,438,334
16411,img/img_00101298.jpg,lower-body clothes,126,164,260,96,434,308
16412,img/img_00101303.jpg,lower-body clothes,107,112,112,0,107,0
16413,img/img_00101311.jpg,upper-body clothes,454,432,432,0,454,0
16414,img/img_00101317.jpg,upper-body clothes,97,188,188,0,97,0
16415,img/img_00101322.jpg,upper-body clothes,187,181,473,292,354,167
16416,img/img_00101323.jpg,upper-body clothes,119,304,304,0,119,0
16417,img/img_00101329.jpg,upper-body clothes,117,326,326,0,117,0
16418,img/img_00101332.jpg,upper-body clothes,320,242,315,73,453,133
16419,img/img_00101336.jpg,upper-body clothes,251,161,253,92,417,166
16420,img/img_00101342.jpg,upper-body clothes,277,277,346,69,445,168
16421,img/img_00101356.jpg,upper-body clothes,104,81,208,127,176,72
16422,img/img_00101357.jpg,upper-body clothes,216,161,161,0,216,0
16423,img/img_00101370.jpg,full-body clothes,222,124,193,69,298,76
16424,img/img_00101378.jpg,full-body clothes,483,363,363,0,483,0
16425,img/img_00101386.jpg,upper-body clothes,209,140,289,149,377,168
16426,img/img_00101388.jpg,upper-body clothes,49,69,209,140,172,123
16427,img/img_00101395.jpg,upper-body clothes,333,350,350,0,333,0
16428,img/img_00101397.jpg,upper-body clothes,152,39,105,66,210,58
16429,img/img_00101419.jpg,upper-body clothes,230,92,304,212,317,87
16430,img/img_00101423.jpg,upper-body clothes,221,96,207,111,309,88
16431,img/img_00101430.jpg,upper-body clothes,314,192,273,81,459,145
16432,img/img_00101434.jpg,upper-body clothes,351,157,257,100,461,110
16433,img/img_00101436.jpg,upper-body clothes,244,66,228,162,317,73
16434,img/img_00101447.jpg,upper-body clothes,274,290,290,0,274,0
16435,img/img_00101448.jpg,upper-body clothes,193,109,256,147,268,75
16436,img/img_00101450.jpg,upper-body clothes,133,32,210,178,185,52
16437,img/img_00101457.jpg,upper-body clothes,465,295,320,25,489,24
16438,img/img_00101480.jpg,upper-body clothes,88,45,132,87,139,51
16439,img/img_00101506.jpg,full-body clothes,256,80,221,141,320,64
16440,img/img_00101520.jpg,upper-body clothes,311,127,254,127,461,150
16441,img/img_00101522.jpg,upper-body clothes,217,178,320,142,354,137
16442,img/img_00101523.jpg,upper-body clothes,179,269,269,0,179,0
16443,img/img_00101525.jpg,upper-body clothes,339,168,221,53,472,133
16444,img/img_00101526.jpg,upper-body clothes,243,136,241,105,329,86
16445,img/img_00101527.jpg,upper-body clothes,211,93,189,96,382,171
16446,img/img_00101529.jpg,upper-body clothes,294,184,249,65,426,132
16447,img/img_00101539.jpg,upper-body clothes,209,64,182,118,258,49
16448,img/img_00101544.jpg,upper-body clothes,230,87,245,158,302,72
16449,img/img_00101550.jpg,upper-body clothes,360,130,221,91,450,90
16450,img/img_00101555.jpg,upper-body clothes,210,109,230,121,296,86
16451,img/img_00101560.jpg,upper-body clothes,180,45,124,79,233,53
16452,img/img_00101564.jpg,upper-body clothes,156,41,132,91,209,53
16453,img/img_00101568.jpg,upper-body clothes,256,66,211,145,351,95
16454,img/img_00101588.jpg,upper-body clothes,271,125,137,12,348,77
16455,img/img_00101595.jpg,upper-body clothes,184,118,273,155,256,72
16456,img/img_00101598.jpg,upper-body clothes,193,164,202,38,285,92
16457,img/img_00101602.jpg,upper-body clothes,306,166,255,89,401,95
16458,img/img_00101611.jpg,upper-body clothes,260,39,221,182,353,93
16459,img/img_00101614.jpg,upper-body clothes,189,109,166,57,270,81
16460,img/img_00101616.jpg,upper-body clothes,290,137,185,48,353,63
16461,img/img_00101621.jpg,upper-body clothes,304,89,226,137,404,100
16462,img/img_00101628.jpg,upper-body clothes,293,103,166,63,368,75
16463,img/img_00101634.jpg,upper-body clothes,290,110,285,175,370,80
16464,img/img_00101637.jpg,upper-body clothes,257,68,257,189,366,109
16465,img/img_00101640.jpg,upper-body clothes,425,302,302,0,425,0
16466,img/img_00101642.jpg,upper-body clothes,462,218,218,0,462,0
16467,img/img_00101659.jpg,upper-body clothes,195,31,164,133,245,50
16468,img/img_00101665.jpg,upper-body clothes,356,89,193,104,439,83
16469,img/img_00101667.jpg,upper-body clothes,149,36,100,64,185,36
16470,img/img_00101668.jpg,upper-body clothes,288,125,193,68,407,119
16471,img/img_00101678.jpg,upper-body clothes,156,77,189,112,205,49
16472,img/img_00101679.jpg,upper-body clothes,167,42,162,120,218,51
16473,img/img_00101689.jpg,full-body clothes,213,62,206,144,299,86
16474,img/img_00101690.jpg,full-body clothes,310,100,240,140,380,70
16475,img/img_00101701.jpg,full-body clothes,304,157,226,69,407,103
16476,img/img_00101704.jpg,full-body clothes,371,160,307,147,463,92
16477,img/img_00101706.jpg,full-body clothes,273,65,205,140,344,71
16478,img/img_00101716.jpg,full-body clothes,143,70,157,87,181,38
16479,img/img_00101724.jpg,upper-body clothes,267,93,209,116,376,109
16480,img/img_00101730.jpg,upper-body clothes,194,61,228,167,292,98
16481,img/img_00101731.jpg,upper-body clothes,91,42,161,119,155,64
16482,img/img_00101753.jpg,upper-body clothes,315,167,242,75,456,141
16483,img/img_00101768.jpg,upper-body clothes,284,118,328,210,368,84
16484,img/img_00101784.jpg,upper-body clothes,205,192,192,0,205,0
16485,img/img_00101787.jpg,upper-body clothes,251,170,248,78,376,125
16486,img/img_00101791.jpg,upper-body clothes,163,136,229,93,302,139
16487,img/img_00101803.jpg,upper-body clothes,262,78,242,164,367,105
16488,img/img_00101811.jpg,upper-body clothes,358,134,236,102,469,111
16489,img/img_00101815.jpg,full-body clothes,339,143,293,150,458,119
16490,img/img_00101817.jpg,full-body clothes,267,92,283,191,339,72
16491,img/img_00101821.jpg,full-body clothes,213,99,270,171,309,96
16492,img/img_00101826.jpg,full-body clothes,360,195,273,78,480,120
16493,img/img_00101831.jpg,full-body clothes,248,97,186,89,326,78
16494,img/img_00101839.jpg,upper-body clothes,339,128,273,145,454,115
16495,img/img_00101844.jpg,upper-body clothes,347,141,239,98,474,127
16496,img/img_00101851.jpg,upper-body clothes,266,216,216,0,266,0
16497,img/img_00101852.jpg,upper-body clothes,273,153,277,124,289,16
16498,img/img_00101856.jpg,upper-body clothes,291,217,217,0,291,0
16499,img/img_00101881.jpg,upper-body clothes,219,70,200,130,305,86
16500,img/img_00101884.jpg,upper-body clothes,283,28,202,174,367,84
16501,img/img_00101885.jpg,upper-body clothes,135,82,240,158,226,91
16502,img/img_00101886.jpg,upper-body clothes,193,102,228,126,335,142
16503,img/img_00101891.jpg,upper-body clothes,227,83,198,115,359,132
16504,img/img_00101893.jpg,upper-body clothes,107,34,122,88,164,57
16505,img/img_00101904.jpg,upper-body clothes,165,24,94,70,204,39
16506,img/img_00101911.jpg,upper-body clothes,286,112,206,94,369,83
16507,img/img_00101918.jpg,upper-body clothes,264,90,202,112,326,62
16508,img/img_00101923.jpg,upper-body clothes,140,58,138,80,185,45
16509,img/img_00101930.jpg,full-body clothes,148,229,229,0,148,0
16510,img/img_00101933.jpg,full-body clothes,142,66,153,87,179,37
16511,img/img_00101949.jpg,full-body clothes,171,48,101,53,228,57
16512,img/img_00101951.jpg,full-body clothes,274,106,178,72,328,54
16513,img/img_00101957.jpg,full-body clothes,353,133,235,102,460,107
16514,img/img_00101966.jpg,upper-body clothes,227,242,242,0,227,0
16515,img/img_00101973.jpg,upper-body clothes,128,322,322,0,128,0
16516,img/img_00101990.jpg,upper-body clothes,333,142,379,237,451,118
16517,img/img_00101992.jpg,upper-body clothes,246,62,188,126,338,92
16518,img/img_00101997.jpg,upper-body clothes,264,152,297,145,350,86
16519,img/img_00102000.jpg,upper-body clothes,383,172,172,0,383,0
16520,img/img_00102009.jpg,upper-body clothes,212,134,230,96,308,96
16521,img/img_00102010.jpg,upper-body clothes,217,44,225,181,290,73
16522,img/img_00102014.jpg,upper-body clothes,319,81,248,167,409,90
16523,img/img_00102019.jpg,upper-body clothes,255,174,254,80,400,145
16524,img/img_00102036.jpg,upper-body clothes,201,171,171,0,201,0
16525,img/img_00102042.jpg,upper-body clothes,372,143,250,107,471,99
16526,img/img_00102053.jpg,upper-body clothes,274,150,313,163,361,87
16527,img/img_00102056.jpg,upper-body clothes,374,135,258,123,484,110
16528,img/img_00102068.jpg,upper-body clothes,380,206,258,52,423,43
16529,img/img_00102072.jpg,upper-body clothes,358,195,195,0,358,0
16530,img/img_00102075.jpg,upper-body clothes,343,77,203,126,466,123
16531,img/img_00102076.jpg,upper-body clothes,293,150,255,105,419,126
16532,img/img_00102078.jpg,upper-body clothes,117,31,121,90,169,52
16533,img/img_00102080.jpg,upper-body clothes,308,176,239,63,434,126
16534,img/img_00102081.jpg,upper-body clothes,368,57,174,117,500,132
16535,img/img_00102084.jpg,upper-body clothes,171,91,198,107,298,127
16536,img/img_00102089.jpg,upper-body clothes,267,81,212,131,403,136
16537,img/img_00102092.jpg,upper-body clothes,308,101,247,146,413,105
16538,img/img_00102094.jpg,upper-body clothes,173,78,213,135,254,81
16539,img/img_00102097.jpg,full-body clothes,148,41,196,155,209,61
16540,img/img_00102103.jpg,full-body clothes,303,105,235,130,384,81
16541,img/img_00102109.jpg,upper-body clothes,97,20,97,77,133,36
16542,img/img_00102111.jpg,upper-body clothes,261,142,210,68,356,95
16543,img/img_00102115.jpg,upper-body clothes,339,258,258,0,339,0
16544,img/img_00102117.jpg,upper-body clothes,193,125,174,49,276,83
16545,img/img_00102119.jpg,upper-body clothes,317,162,246,84,416,99
16546,img/img_00102120.jpg,upper-body clothes,361,94,211,117,458,97
16547,img/img_00102121.jpg,upper-body clothes,297,37,131,94,411,114
16548,img/img_00102122.jpg,upper-body clothes,324,154,263,109,421,97
16549,img/img_00102124.jpg,upper-body clothes,305,63,236,173,396,91
16550,img/img_00102130.jpg,upper-body clothes,139,55,127,72,185,46
16551,img/img_00102139.jpg,full-body clothes,364,109,344,235,466,102
16552,img/img_00102142.jpg,full-body clothes,350,100,223,123,425,75
16553,img/img_00102146.jpg,upper-body clothes,282,121,323,202,381,99
16554,img/img_00102149.jpg,upper-body clothes,226,99,280,181,365,139
16555,img/img_00102154.jpg,upper-body clothes,187,74,235,161,295,108
16556,img/img_00102163.jpg,upper-body clothes,137,59,159,100,228,91
16557,img/img_00102166.jpg,upper-body clothes,105,110,236,126,201,96
16558,img/img_00102173.jpg,upper-body clothes,448,285,441,156,491,43
16559,img/img_00102174.jpg,upper-body clothes,143,55,141,86,207,64
16560,img/img_00102190.jpg,upper-body clothes,82,66,141,75,137,55
16561,img/img_00102194.jpg,upper-body clothes,302,84,184,100,408,106
16562,img/img_00102195.jpg,upper-body clothes,303,96,293,197,441,138
16563,img/img_00102205.jpg,full-body clothes,333,27,191,164,417,84
16564,img/img_00102210.jpg,full-body clothes,279,87,199,112,356,77
16565,img/img_00102213.jpg,full-body clothes,221,96,158,62,286,65
16566,img/img_00102226.jpg,upper-body clothes,126,29,116,87,169,43
16567,img/img_00102237.jpg,upper-body clothes,204,41,187,146,273,69
16568,img/img_00102238.jpg,upper-body clothes,314,100,212,112,410,96
16569,img/img_00102243.jpg,upper-body clothes,300,18,174,156,403,103
16570,img/img_00102259.jpg,upper-body clothes,349,114,205,91,470,121
16571,img/img_00102266.jpg,upper-body clothes,245,110,229,119,336,91
16572,img/img_00102300.jpg,upper-body clothes,254,110,221,111,339,85
16573,img/img_00102301.jpg,upper-body clothes,225,61,174,113,307,82
16574,img/img_00102312.jpg,upper-body clothes,198,83,185,102,260,62
16575,img/img_00102324.jpg,upper-body clothes,234,131,225,94,341,107
16576,img/img_00102327.jpg,upper-body clothes,281,81,273,192,363,82
16577,img/img_00102337.jpg,upper-body clothes,155,47,136,89,209,54
16578,img/img_00102351.jpg,upper-body clothes,190,106,147,41,252,62
16579,img/img_00102375.jpg,upper-body clothes,200,106,253,147,270,70
16580,img/img_00102378.jpg,upper-body clothes,229,45,159,114,331,102
16581,img/img_00102379.jpg,upper-body clothes,260,71,196,125,351,91
16582,img/img_00102389.jpg,upper-body clothes,118,62,133,71,191,73
16583,img/img_00102399.jpg,upper-body clothes,121,69,128,59,196,75
16584,img/img_00102401.jpg,upper-body clothes,228,63,193,130,308,80
16585,img/img_00102407.jpg,upper-body clothes,72,56,194,138,167,95
16586,img/img_00102422.jpg,upper-body clothes,314,91,128,37,443,129
16587,img/img_00102438.jpg,upper-body clothes,149,82,160,78,239,90
16588,img/img_00102448.jpg,upper-body clothes,197,109,233,124,268,71
16589,img/img_00102451.jpg,upper-body clothes,287,200,258,58,441,154
16590,img/img_00102460.jpg,upper-body clothes,141,92,291,199,278,137
16591,img/img_00102463.jpg,upper-body clothes,193,150,287,137,270,77
16592,img/img_00102465.jpg,upper-body clothes,290,176,242,66,375,85
16593,img/img_00102478.jpg,upper-body clothes,365,308,320,12,399,34
16594,img/img_00102479.jpg,upper-body clothes,309,87,206,119,333,24
16595,img/img_00102483.jpg,upper-body clothes,275,198,248,50,288,13
16596,img/img_00102492.jpg,upper-body clothes,149,88,223,135,219,70
16597,img/img_00102498.jpg,upper-body clothes,207,57,174,117,305,98
16598,img/img_00102501.jpg,upper-body clothes,368,142,237,95,482,114
16599,img/img_00102512.jpg,upper-body clothes,198,62,165,103,276,78
16600,img/img_00102517.jpg,upper-body clothes,260,81,194,113,332,72
16601,img/img_00102525.jpg,upper-body clothes,234,227,227,0,234,0
16602,img/img_00102526.jpg,upper-body clothes,307,262,281,19,329,22
16603,img/img_00102530.jpg,upper-body clothes,297,254,254,0,297,0
16604,img/img_00102532.jpg,upper-body clothes,335,236,236,0,335,0
16605,img/img_00102546.jpg,upper-body clothes,52,247,247,0,52,0
16606,img/img_00102551.jpg,upper-body clothes,330,272,272,0,330,0
16607,img/img_00102554.jpg,upper-body clothes,246,126,245,119,375,129
16608,img/img_00102559.jpg,upper-body clothes,122,65,106,41,187,65
16609,img/img_00102571.jpg,upper-body clothes,169,143,188,45,217,48
16610,img/img_00102616.jpg,upper-body clothes,460,362,362,0,460,0
16611,img/img_00102625.jpg,upper-body clothes,356,79,210,131,411,55
16612,img/img_00102626.jpg,upper-body clothes,76,316,316,0,76,0
16613,img/img_00102628.jpg,upper-body clothes,436,270,317,47,466,30
16614,img/img_00102642.jpg,upper-body clothes,266,175,245,70,382,116
16615,img/img_00102659.jpg,lower-body clothes,457,23,193,170,471,14
16616,img/img_00102666.jpg,lower-body clothes,135,47,144,97,254,119
16617,img/img_00102677.jpg,lower-body clothes,132,51,146,95,254,122
16618,img/img_00102678.jpg,lower-body clothes,117,42,131,89,226,109
16619,img/img_00102680.jpg,lower-body clothes,210,69,174,105,395,185
16620,img/img_00102682.jpg,lower-body clothes,158,81,180,99,269,111
16621,img/img_00102697.jpg,upper-body clothes,135,92,226,134,236,101
16622,img/img_00102708.jpg,upper-body clothes,213,230,230,0,213,0
16623,img/img_00102716.jpg,upper-body clothes,337,225,290,65,462,125
16624,img/img_00102727.jpg,upper-body clothes,257,62,203,141,393,136
16625,img/img_00102732.jpg,upper-body clothes,199,346,346,0,199,0
16626,img/img_00102735.jpg,upper-body clothes,174,102,206,104,249,75
16627,img/img_00102736.jpg,upper-body clothes,97,78,147,69,160,63
16628,img/img_00102740.jpg,upper-body clothes,107,86,138,52,172,65
16629,img/img_00102749.jpg,upper-body clothes,126,58,191,133,204,78
16630,img/img_00102755.jpg,upper-body clothes,327,294,355,61,363,36
16631,img/img_00102756.jpg,upper-body clothes,268,138,268,130,317,49
16632,img/img_00102760.jpg,upper-body clothes,263,257,314,57,402,139
16633,img/img_00102763.jpg,upper-body clothes,73,326,326,0,73,0
16634,img/img_00102765.jpg,upper-body clothes,170,249,249,0,170,0
16635,img/img_00102770.jpg,upper-body clothes,117,124,171,47,180,63
16636,img/img_00102794.jpg,full-body clothes,256,319,319,0,256,0
16637,img/img_00102797.jpg,full-body clothes,104,152,152,0,104,0
16638,img/img_00102802.jpg,upper-body clothes,484,287,287,0,484,0
16639,img/img_00102806.jpg,full-body clothes,324,219,337,118,459,135
16640,img/img_00102810.jpg,full-body clothes,385,227,355,128,505,120
16641,img/img_00102819.jpg,full-body clothes,210,126,292,166,290,80
16642,img/img_00102826.jpg,full-body clothes,194,78,146,68,266,72
16643,img/img_00102834.jpg,upper-body clothes,144,83,136,53,216,72
16644,img/img_00102838.jpg,upper-body clothes,195,134,268,134,312,117
16645,img/img_00102845.jpg,full-body clothes,197,96,163,67,317,120
16646,img/img_00102852.jpg,full-body clothes,222,136,136,0,222,0
16647,img/img_00102861.jpg,full-body clothes,217,124,168,44,333,116
16648,img/img_00102884.jpg,lower-body clothes,251,96,168,72,301,50
16649,img/img_00102885.jpg,lower-body clothes,420,138,320,182,441,21
16650,img/img_00102898.jpg,full-body clothes,303,49,185,136,442,139
16651,img/img_00102903.jpg,full-body clothes,355,133,318,185,486,131
16652,img/img_00102904.jpg,full-body clothes,200,135,241,106,319,119
16653,img/img_00102910.jpg,full-body clothes,403,119,213,94,485,82
16654,img/img_00102912.jpg,full-body clothes,388,97,222,125,481,93
16655,img/img_00102919.jpg,full-body clothes,404,79,249,170,496,92
16656,img/img_00102921.jpg,full-body clothes,360,128,215,87,440,80
16657,img/img_00102934.jpg,lower-body clothes,414,17,203,186,424,10
16658,img/img_00102942.jpg,lower-body clothes,191,28,176,148,261,70
16659,img/img_00102950.jpg,lower-body clothes,242,137,299,162,417,175
16660,img/img_00102960.jpg,lower-body clothes,193,59,116,57,195,2
16661,img/img_00102979.jpg,lower-body clothes,258,85,208,123,452,194
16662,img/img_00102984.jpg,lower-body clothes,195,75,180,105,383,188
16663,img/img_00102988.jpg,lower-body clothes,369,165,224,59,392,23
16664,img/img_00102999.jpg,lower-body clothes,165,88,159,71,329,164
16665,img/img_00103000.jpg,lower-body clothes,340,118,242,124,382,42
16666,img/img_00103002.jpg,lower-body clothes,325,119,310,191,371,46
16667,img/img_00103010.jpg,lower-body clothes,352,113,246,133,434,82
16668,img/img_00103014.jpg,lower-body clothes,377,122,242,120,441,64
16669,img/img_00103015.jpg,lower-body clothes,368,126,221,95,407,39
16670,img/img_00103016.jpg,lower-body clothes,256,124,258,134,456,200
16671,img/img_00103021.jpg,lower-body clothes,65,97,266,169,273,208
16672,img/img_00103043.jpg,lower-body clothes,237,75,188,113,257,20
16673,img/img_00103044.jpg,lower-body clothes,304,314,314,0,304,0
16674,img/img_00103066.jpg,upper-body clothes,308,34,179,145,415,107
16675,img/img_00103068.jpg,upper-body clothes,283,276,286,10,289,6
16676,img/img_00103077.jpg,full-body clothes,428,504,504,0,428,0
16677,img/img_00103081.jpg,full-body clothes,181,155,194,39,363,182
16678,img/img_00103086.jpg,full-body clothes,348,49,182,133,415,67
16679,img/img_00103090.jpg,full-body clothes,179,120,218,98,261,82
16680,img/img_00103093.jpg,lower-body clothes,86,171,254,83,420,334
16681,img/img_00103097.jpg,lower-body clothes,253,121,228,107,347,94
16682,img/img_00103104.jpg,lower-body clothes,261,80,128,48,462,201
16683,img/img_00103108.jpg,lower-body clothes,171,327,448,121,311,140
16684,img/img_00103114.jpg,lower-body clothes,429,114,314,200,439,10
16685,img/img_00103118.jpg,lower-body clothes,266,70,164,94,471,205
16686,img/img_00103124.jpg,lower-body clothes,167,61,181,120,170,3
16687,img/img_00103126.jpg,lower-body clothes,50,101,227,126,326,276
16688,img/img_00103127.jpg,lower-body clothes,246,77,232,155,451,205
16689,img/img_00103137.jpg,upper-body clothes,220,181,208,27,289,69
16690,img/img_00103138.jpg,upper-body clothes,12,144,144,0,12,0
16691,img/img_00103140.jpg,upper-body clothes,229,331,331,0,229,0
16692,img/img_00103148.jpg,lower-body clothes,485,51,203,152,497,12
16693,img/img_00103162.jpg,full-body clothes,263,76,194,118,284,21
16694,img/img_00103170.jpg,full-body clothes,409,53,215,162,499,90
16695,img/img_00103176.jpg,full-body clothes,242,168,168,0,242,0
16696,img/img_00103183.jpg,lower-body clothes,166,68,389,321,172,6
16697,img/img_00103184.jpg,lower-body clothes,451,267,267,0,451,0
16698,img/img_00103189.jpg,lower-body clothes,41,354,354,0,41,0
16699,img/img_00103192.jpg,lower-body clothes,468,363,363,0,468,0
16700,img/img_00103206.jpg,lower-body clothes,201,127,314,187,327,126
16701,img/img_00103215.jpg,full-body clothes,215,112,239,127,297,82
16702,img/img_00103219.jpg,full-body clothes,134,51,152,101,194,60
16703,img/img_00103220.jpg,full-body clothes,423,139,250,111,505,82
16704,img/img_00103226.jpg,full-body clothes,357,110,228,118,467,110
16705,img/img_00103232.jpg,full-body clothes,171,51,141,90,230,59
16706,img/img_00103247.jpg,full-body clothes,177,45,90,45,214,37
16707,img/img_00103255.jpg,upper-body clothes,299,206,206,0,299,0
16708,img/img_00103273.jpg,upper-body clothes,106,72,145,73,175,69
16709,img/img_00103275.jpg,upper-body clothes,139,59,130,71,210,71
16710,img/img_00103276.jpg,upper-body clothes,66,35,145,110,112,46
16711,img/img_00103277.jpg,upper-body clothes,273,117,169,52,402,129
16712,img/img_00103279.jpg,upper-body clothes,125,57,129,72,194,69
16713,img/img_00103286.jpg,upper-body clothes,263,135,199,64,403,140
16714,img/img_00103295.jpg,lower-body clothes,204,134,170,36,209,5
16715,img/img_00103296.jpg,lower-body clothes,3,290,290,0,3,0
16716,img/img_00103297.jpg,lower-body clothes,44,59,106,47,56,12
16717,img/img_00103308.jpg,upper-body clothes,265,140,236,96,399,134
16718,img/img_00103310.jpg,upper-body clothes,134,73,220,147,220,86
16719,img/img_00103317.jpg,lower-body clothes,79,105,190,85,257,178
16720,img/img_00103321.jpg,lower-body clothes,168,92,189,97,328,160
16721,img/img_00103324.jpg,lower-body clothes,70,104,194,90,268,198
16722,img/img_00103329.jpg,full-body clothes,318,200,323,123,460,142
16723,img/img_00103340.jpg,full-body clothes,74,124,124,0,74,0
16724,img/img_00103341.jpg,full-body clothes,359,28,209,181,434,75
16725,img/img_00103352.jpg,full-body clothes,171,135,135,0,171,0
16726,img/img_00103353.jpg,full-body clothes,169,53,106,53,210,41
16727,img/img_00103378.jpg,lower-body clothes,168,80,251,171,462,294
16728,img/img_00103382.jpg,lower-body clothes,115,122,191,69,347,232
16729,img/img_00103383.jpg,lower-body clothes,142,100,165,65,351,209
16730,img/img_00103386.jpg,lower-body clothes,406,107,242,135,436,30
16731,img/img_00103389.jpg,lower-body clothes,190,65,251,186,382,192
16732,img/img_00103396.jpg,full-body clothes,348,272,272,0,348,0
16733,img/img_00103410.jpg,full-body clothes,150,101,101,0,150,0
16734,img/img_00103413.jpg,full-body clothes,330,145,261,116,458,128
16735,img/img_00103414.jpg,full-body clothes,154,157,200,43,234,80
16736,img/img_00103418.jpg,full-body clothes,260,70,146,76,322,62
16737,img/img_00103424.jpg,full-body clothes,197,104,150,46,258,61
16738,img/img_00103436.jpg,upper-body clothes,277,173,354,181,414,137
16739,img/img_00103446.jpg,upper-body clothes,276,132,205,73,422,146
16740,img/img_00103452.jpg,upper-body clothes,318,222,285,63,458,140
16741,img/img_00103453.jpg,upper-body clothes,428,302,302,0,428,0
16742,img/img_00103454.jpg,upper-body clothes,118,72,105,33,171,53
16743,img/img_00103458.jpg,upper-body clothes,173,105,257,152,272,99
16744,img/img_00103462.jpg,upper-body clothes,250,159,272,113,369,119
16745,img/img_00103463.jpg,upper-body clothes,157,48,86,38,219,62
16746,img/img_00103464.jpg,upper-body clothes,365,216,306,90,404,39
16747,img/img_00103467.jpg,upper-body clothes,301,118,205,87,430,129
16748,img/img_00103479.jpg,upper-body clothes,210,69,172,103,290,80
16749,img/img_00103490.jpg,upper-body clothes,209,78,123,45,287,78
16750,img/img_00103495.jpg,upper-body clothes,86,84,141,57,149,63
16751,img/img_00103506.jpg,upper-body clothes,436,363,363,0,436,0
16752,img/img_00103509.jpg,upper-body clothes,128,133,187,54,249,121
16753,img/img_00103514.jpg,upper-body clothes,358,319,319,0,358,0
16754,img/img_00103527.jpg,upper-body clothes,250,222,384,162,298,48
16755,img/img_00103533.jpg,full-body clothes,372,124,254,130,462,90
16756,img/img_00103539.jpg,lower-body clothes,128,109,263,154,138,10
16757,img/img_00103540.jpg,lower-body clothes,134,68,271,203,477,343
16758,img/img_00103546.jpg,lower-body clothes,62,83,271,188,282,220
16759,img/img_00103550.jpg,upper-body clothes,90,215,215,0,90,0
16760,img/img_00103552.jpg,upper-body clothes,1,1,1,0,1,0
16761,img/img_00103553.jpg,upper-body clothes,290,229,304,75,362,72
16762,img/img_00103555.jpg,upper-body clothes,287,246,246,0,287,0
16763,img/img_00103590.jpg,upper-body clothes,177,92,199,107,272,95
16764,img/img_00103599.jpg,upper-body clothes,130,57,120,63,202,72
16765,img/img_00103603.jpg,upper-body clothes,334,172,266,94,456,122
16766,img/img_00103605.jpg,upper-body clothes,240,123,158,35,343,103
16767,img/img_00103619.jpg,upper-body clothes,224,155,461,306,278,54
16768,img/img_00103621.jpg,upper-body clothes,468,203,203,0,468,0
16769,img/img_00103622.jpg,upper-body clothes,123,104,202,98,203,80
16770,img/img_00103624.jpg,upper-body clothes,306,247,247,0,306,0
16771,img/img_00103629.jpg,lower-body clothes,448,66,203,137,456,8
16772,img/img_00103632.jpg,lower-body clothes,144,73,145,72,280,136
16773,img/img_00103633.jpg,lower-body clothes,92,41,101,60,197,105
16774,img/img_00103640.jpg,lower-body clothes,116,42,110,68,210,94
16775,img/img_00103649.jpg,upper-body clothes,499,220,220,0,499,0
16776,img/img_00103663.jpg,upper-body clothes,405,345,430,85,458,53
16777,img/img_00103669.jpg,full-body clothes,205,213,213,0,205,0
16778,img/img_00103672.jpg,full-body clothes,166,38,130,92,223,57
16779,img/img_00103677.jpg,full-body clothes,205,31,175,144,286,81
16780,img/img_00103682.jpg,lower-body clothes,74,99,155,56,268,194
16781,img/img_00103683.jpg,lower-body clothes,316,260,260,0,316,0
16782,img/img_00103686.jpg,lower-body clothes,25,33,53,20,86,61
16783,img/img_00103701.jpg,upper-body clothes,242,183,248,65,380,138
16784,img/img_00103713.jpg,upper-body clothes,212,169,253,84,381,169
16785,img/img_00103714.jpg,upper-body clothes,204,163,245,82,323,119
16786,img/img_00103719.jpg,upper-body clothes,212,131,207,76,330,118
16787,img/img_00103721.jpg,upper-body clothes,207,195,258,63,375,168
16788,img/img_00103728.jpg,upper-body clothes,73,109,153,44,172,99
16789,img/img_00103734.jpg,lower-body clothes,231,91,241,150,443,212
16790,img/img_00103736.jpg,lower-body clothes,174,86,149,63,443,269
16791,img/img_00103737.jpg,lower-body clothes,253,89,206,117,455,202
16792,img/img_00103746.jpg,full-body clothes,268,245,245,0,268,0
16793,img/img_00103747.jpg,full-body clothes,224,76,149,73,290,66
16794,img/img_00103750.jpg,full-body clothes,165,39,129,90,222,57
16795,img/img_00103772.jpg,upper-body clothes,291,168,286,118,471,180
16796,img/img_00103780.jpg,lower-body clothes,237,152,276,124,285,48
16797,img/img_00103781.jpg,lower-body clothes,41,46,131,85,141,100
16798,img/img_00103784.jpg,lower-body clothes,178,54,149,95,321,143
16799,img/img_00103790.jpg,upper-body clothes,372,260,260,0,372,0
16800,img/img_00103793.jpg,upper-body clothes,193,288,288,0,193,0
16801,img/img_00103803.jpg,full-body clothes,165,21,121,100,201,36
16802,img/img_00103805.jpg,full-body clothes,187,66,143,77,226,39
16803,img/img_00103812.jpg,full-body clothes,230,159,201,42,341,111
16804,img/img_00103817.jpg,full-body clothes,405,161,334,173,472,67
16805,img/img_00103820.jpg,lower-body clothes,64,101,209,108,233,169
16806,img/img_00103866.jpg,upper-body clothes,333,244,244,0,333,0
16807,img/img_00103871.jpg,upper-body clothes,168,142,279,137,270,102
16808,img/img_00103880.jpg,lower-body clothes,210,78,197,119,404,194
16809,img/img_00103884.jpg,lower-body clothes,218,64,222,158,450,232
16810,img/img_00103894.jpg,lower-body clothes,65,95,225,130,276,211
16811,img/img_00103901.jpg,upper-body clothes,397,272,272,0,397,0
16812,img/img_00103907.jpg,upper-body clothes,270,126,235,109,446,176
16813,img/img_00103908.jpg,upper-body clothes,92,51,203,152,175,83
16814,img/img_00103913.jpg,upper-body clothes,111,78,260,182,243,132
16815,img/img_00103918.jpg,upper-body clothes,484,295,295,0,484,0
16816,img/img_00103930.jpg,upper-body clothes,92,57,203,146,179,87
16817,img/img_00103944.jpg,upper-body clothes,292,53,187,134,438,146
16818,img/img_00103955.jpg,upper-body clothes,178,89,176,87,271,93
16819,img/img_00103958.jpg,upper-body clothes,313,205,266,61,446,133
16820,img/img_00103961.jpg,upper-body clothes,223,108,176,68,313,90
16821,img/img_00103964.jpg,upper-body clothes,278,203,283,80,415,137
16822,img/img_00103966.jpg,upper-body clothes,221,53,153,100,334,113
16823,img/img_00103970.jpg,lower-body clothes,275,75,229,154,479,204
16824,img/img_00103977.jpg,lower-body clothes,168,112,274,162,404,236
16825,img/img_00103981.jpg,lower-body clothes,233,84,202,118,244,11
16826,img/img_00103988.jpg,lower-body clothes,99,161,234,73,348,249
16827,img/img_00103993.jpg,lower-body clothes,46,56,161,105,168,122
16828,img/img_00103998.jpg,lower-body clothes,61,86,120,34,216,155
16829,img/img_00104006.jpg,lower-body clothes,106,160,214,54,398,292
16830,img/img_00104007.jpg,lower-body clothes,35,51,110,59,140,105
16831,img/img_00104008.jpg,lower-body clothes,115,177,255,78,433,318
16832,img/img_00104009.jpg,lower-body clothes,331,232,232,0,331,0
16833,img/img_00104011.jpg,lower-body clothes,74,95,185,90,246,172
16834,img/img_00104016.jpg,lower-body clothes,144,54,176,122,266,122
16835,img/img_00104033.jpg,full-body clothes,369,78,217,139,497,128
16836,img/img_00104035.jpg,full-body clothes,296,90,168,78,370,74
16837,img/img_00104059.jpg,lower-body clothes,183,53,126,73,208,25
16838,img/img_00104075.jpg,upper-body clothes,319,67,233,166,464,145
16839,img/img_00104079.jpg,upper-body clothes,330,200,269,69,482,152
16840,img/img_00104086.jpg,upper-body clothes,187,51,162,111,274,87
16841,img/img_00104091.jpg,upper-body clothes,303,235,342,107,485,182
16842,img/img_00104098.jpg,lower-body clothes,116,8,100,92,126,10
16843,img/img_00104106.jpg,lower-body clothes,178,31,113,82,215,37
16844,img/img_00104126.jpg,full-body clothes,220,232,232,0,220,0
16845,img/img_00104135.jpg,full-body clothes,259,101,220,119,341,82
16846,img/img_00104143.jpg,upper-body clothes,102,53,117,64,168,66
16847,img/img_00104149.jpg,upper-body clothes,127,207,207,0,127,0
16848,img/img_00104158.jpg,full-body clothes,227,76,225,149,318,91
16849,img/img_00104159.jpg,full-body clothes,369,55,149,94,473,104
16850,img/img_00104169.jpg,full-body clothes,200,58,147,89,273,73
16851,img/img_00104192.jpg,upper-body clothes,290,209,304,95,448,158
16852,img/img_00104193.jpg,upper-body clothes,196,177,254,77,375,179
16853,img/img_00104199.jpg,full-body clothes,323,32,179,147,409,86
16854,img/img_00104202.jpg,full-body clothes,333,172,260,88,482,149
16855,img/img_00104203.jpg,full-body clothes,202,131,237,106,286,84
16856,img/img_00104206.jpg,full-body clothes,341,137,233,96,471,130
16857,img/img_00104209.jpg,lower-body clothes,257,81,175,94,457,200
16858,img/img_00104215.jpg,lower-body clothes,426,51,207,156,444,18
16859,img/img_00104217.jpg,lower-body clothes,247,256,256,0,247,0
16860,img/img_00104245.jpg,full-body clothes,323,70,206,136,431,108
16861,img/img_00104256.jpg,upper-body clothes,115,87,147,60,221,106
16862,img/img_00104258.jpg,upper-body clothes,324,153,285,132,455,131
16863,img/img_00104267.jpg,upper-body clothes,487,286,286,0,487,0
16864,img/img_00104276.jpg,upper-body clothes,164,96,237,141,248,84
16865,img/img_00104279.jpg,upper-body clothes,115,101,124,23,183,68
16866,img/img_00104281.jpg,upper-body clothes,262,193,256,63,396,134
16867,img/img_00104285.jpg,upper-body clothes,333,55,234,179,426,93
16868,img/img_00104303.jpg,upper-body clothes,92,62,112,50,140,48
16869,img/img_00104304.jpg,upper-body clothes,127,54,194,140,214,87
16870,img/img_00104306.jpg,upper-body clothes,229,152,152,0,229,0
16871,img/img_00104311.jpg,upper-body clothes,301,159,217,58,465,164
16872,img/img_00104341.jpg,upper-body clothes,76,66,130,64,141,65
16873,img/img_00104348.jpg,upper-body clothes,122,234,287,53,275,153
16874,img/img_00104354.jpg,upper-body clothes,137,98,147,49,211,74
16875,img/img_00104360.jpg,upper-body clothes,191,99,186,87,285,94
16876,img/img_00104361.jpg,upper-body clothes,322,100,216,116,422,100
16877,img/img_00104363.jpg,upper-body clothes,160,36,101,65,239,79
16878,img/img_00104367.jpg,upper-body clothes,67,54,125,71,119,52
16879,img/img_00104368.jpg,upper-body clothes,132,102,208,106,223,91
16880,img/img_00104383.jpg,upper-body clothes,127,51,193,142,209,82
16881,img/img_00104391.jpg,full-body clothes,269,91,196,105,347,78
16882,img/img_00104397.jpg,full-body clothes,259,55,162,107,331,72
16883,img/img_00104401.jpg,full-body clothes,301,124,192,68,392,91
16884,img/img_00104409.jpg,upper-body clothes,121,48,145,97,191,70
16885,img/img_00104421.jpg,upper-body clothes,493,398,398,0,493,0
16886,img/img_00104431.jpg,lower-body clothes,156,29,119,90,175,19
16887,img/img_00104432.jpg,lower-body clothes,187,68,206,138,396,209
16888,img/img_00104434.jpg,lower-body clothes,111,34,121,87,203,92
16889,img/img_00104457.jpg,upper-body clothes,508,297,297,0,508,0
16890,img/img_00104460.jpg,full-body clothes,184,61,179,118,251,67
16891,img/img_00104466.jpg,full-body clothes,310,86,216,130,403,93
16892,img/img_00104470.jpg,upper-body clothes,293,75,240,165,467,174
16893,img/img_00104471.jpg,upper-body clothes,286,184,265,81,436,150
16894,img/img_00104481.jpg,upper-body clothes,319,94,221,127,437,118
16895,img/img_00104487.jpg,upper-body clothes,190,236,236,0,190,0
16896,img/img_00104493.jpg,full-body clothes,218,92,145,53,314,96
16897,img/img_00104495.jpg,full-body clothes,280,150,243,93,399,119
16898,img/img_00104499.jpg,full-body clothes,263,151,277,126,369,106
16899,img/img_00104505.jpg,full-body clothes,333,161,275,114,452,119
16900,img/img_00104515.jpg,upper-body clothes,201,187,234,47,375,174
16901,img/img_00104517.jpg,upper-body clothes,251,97,172,75,393,142
16902,img/img_00104519.jpg,full-body clothes,233,77,130,53,309,76
16903,img/img_00104525.jpg,full-body clothes,321,165,263,98,461,140
16904,img/img_00104528.jpg,full-body clothes,319,55,184,129,406,87
16905,img/img_00104535.jpg,full-body clothes,166,66,188,122,213,47
16906,img/img_00104536.jpg,upper-body clothes,478,316,316,0,478,0
16907,img/img_00104537.jpg,upper-body clothes,140,172,288,116,235,95
16908,img/img_00104541.jpg,upper-body clothes,129,105,158,53,203,74
16909,img/img_00104542.jpg,upper-body clothes,297,123,198,75,440,143
16910,img/img_00104543.jpg,upper-body clothes,196,64,116,52,316,120
16911,img/img_00104545.jpg,upper-body clothes,99,58,164,106,156,57
16912,img/img_00104547.jpg,upper-body clothes,272,111,248,137,448,176
16913,img/img_00104550.jpg,upper-body clothes,489,302,302,0,489,0
16914,img/img_00104552.jpg,full-body clothes,275,60,222,162,353,78
16915,img/img_00104562.jpg,full-body clothes,347,70,213,143,425,78
16916,img/img_00104575.jpg,full-body clothes,304,180,267,87,417,113
16917,img/img_00104597.jpg,upper-body clothes,379,355,355,0,379,0
16918,img/img_00104598.jpg,upper-body clothes,299,211,312,101,474,175
16919,img/img_00104603.jpg,upper-body clothes,245,148,249,101,371,126
16920,img/img_00104612.jpg,full-body clothes,372,118,255,137,448,76
16921,img/img_00104621.jpg,full-body clothes,223,56,180,124,308,85
16922,img/img_00104627.jpg,full-body clothes,288,49,184,135,373,85
16923,img/img_00104644.jpg,full-body clothes,195,40,135,95,244,49
16924,img/img_00104646.jpg,full-body clothes,378,111,278,167,465,87
16925,img/img_00104676.jpg,upper-body clothes,163,67,223,156,281,118
16926,img/img_00104677.jpg,upper-body clothes,191,176,176,0,191,0
16927,img/img_00104680.jpg,upper-body clothes,467,177,177,0,467,0
16928,img/img_00104692.jpg,upper-body clothes,189,127,246,119,388,199
16929,img/img_00104693.jpg,upper-body clothes,178,240,240,0,178,0
16930,img/img_00104711.jpg,upper-body clothes,273,195,253,58,418,145
16931,img/img_00104713.jpg,upper-body clothes,254,317,317,0,254,0
16932,img/img_00104723.jpg,full-body clothes,278,251,251,0,278,0
16933,img/img_00104725.jpg,lower-body clothes,299,192,192,0,299,0
16934,img/img_00104736.jpg,lower-body clothes,124,30,90,60,220,96
16935,img/img_00104741.jpg,lower-body clothes,112,70,124,54,221,109
16936,img/img_00104743.jpg,lower-body clothes,187,123,123,0,187,0
16937,img/img_00104764.jpg,lower-body clothes,191,177,318,141,342,151
16938,img/img_00104765.jpg,lower-body clothes,294,243,243,0,294,0
16939,img/img_00104768.jpg,lower-body clothes,252,72,214,142,456,204
16940,img/img_00104773.jpg,lower-body clothes,156,55,139,84,190,34
16941,img/img_00104777.jpg,lower-body clothes,166,60,214,154,448,282
16942,img/img_00104778.jpg,lower-body clothes,123,274,274,0,123,0
16943,img/img_00104790.jpg,upper-body clothes,301,132,223,91,409,108
16944,img/img_00104794.jpg,upper-body clothes,157,98,149,51,251,94
16945,img/img_00104798.jpg,upper-body clothes,141,64,198,134,231,90
16946,img/img_00104801.jpg,upper-body clothes,284,70,179,109,431,147
16947,img/img_00104803.jpg,upper-body clothes,243,80,223,143,406,163
16948,img/img_00104832.jpg,upper-body clothes,89,84,142,58,170,81
16949,img/img_00104836.jpg,upper-body clothes,110,179,179,0,110,0
16950,img/img_00104850.jpg,full-body clothes,341,207,261,54,459,118
16951,img/img_00104852.jpg,full-body clothes,230,95,190,95,277,47
16952,img/img_00104863.jpg,full-body clothes,285,96,231,135,381,96
16953,img/img_00104875.jpg,upper-body clothes,168,119,119,0,168,0
16954,img/img_00104884.jpg,upper-body clothes,338,428,428,0,338,0
16955,img/img_00104888.jpg,upper-body clothes,159,111,238,127,320,161
16956,img/img_00104890.jpg,upper-body clothes,137,133,337,204,279,142
16957,img/img_00104902.jpg,upper-body clothes,119,110,259,149,263,144
16958,img/img_00104910.jpg,upper-body clothes,270,242,242,0,270,0
16959,img/img_00104913.jpg,upper-body clothes,244,120,274,154,318,74
16960,img/img_00104916.jpg,upper-body clothes,94,190,190,0,94,0
16961,img/img_00104934.jpg,upper-body clothes,48,117,256,139,161,113
16962,img/img_00104937.jpg,upper-body clothes,278,179,298,119,346,68
16963,img/img_00104942.jpg,upper-body clothes,260,401,401,0,260,0
16964,img/img_00104951.jpg,upper-body clothes,214,55,134,79,302,88
16965,img/img_00104952.jpg,upper-body clothes,93,51,130,79,190,97
16966,img/img_00104954.jpg,upper-body clothes,318,113,274,161,406,88
16967,img/img_00104961.jpg,upper-body clothes,192,76,169,93,313,121
16968,img/img_00104965.jpg,upper-body clothes,147,64,148,84,269,122
16969,img/img_00104969.jpg,upper-body clothes,178,148,287,139,268,90
16970,img/img_00104971.jpg,upper-body clothes,98,53,131,78,171,73
16971,img/img_00104972.jpg,upper-body clothes,228,183,336,153,412,184
16972,img/img_00104975.jpg,upper-body clothes,121,59,141,82,198,77
16973,img/img_00104985.jpg,upper-body clothes,392,174,174,0,392,0
16974,img/img_00104991.jpg,upper-body clothes,232,127,243,116,374,142
16975,img/img_00105000.jpg,upper-body clothes,342,427,427,0,342,0
16976,img/img_00105002.jpg,upper-body clothes,179,130,246,116,337,158
16977,img/img_00105010.jpg,full-body clothes,232,144,269,125,314,82
16978,img/img_00105013.jpg,full-body clothes,341,327,416,89,447,106
16979,img/img_00105041.jpg,upper-body clothes,238,120,172,52,357,119
16980,img/img_00105042.jpg,upper-body clothes,227,135,247,112,374,147
16981,img/img_00105043.jpg,upper-body clothes,160,106,228,122,334,174
16982,img/img_00105050.jpg,upper-body clothes,105,36,84,48,169,64
16983,img/img_00105065.jpg,full-body clothes,199,112,210,98,271,72
16984,img/img_00105070.jpg,full-body clothes,234,140,191,51,329,95
16985,img/img_00105071.jpg,full-body clothes,278,138,217,79,397,119
16986,img/img_00105078.jpg,full-body clothes,188,212,212,0,188,0
16987,img/img_00105084.jpg,full-body clothes,157,79,167,88,218,61
16988,img/img_00105089.jpg,full-body clothes,262,151,187,36,320,58
16989,img/img_00105090.jpg,full-body clothes,350,36,130,94,450,100
16990,img/img_00105099.jpg,lower-body clothes,177,110,207,97,187,10
16991,img/img_00105104.jpg,lower-body clothes,115,100,310,210,314,199
16992,img/img_00105114.jpg,lower-body clothes,100,57,130,73,109,9
16993,img/img_00105116.jpg,lower-body clothes,165,102,242,140,327,162
16994,img/img_00105120.jpg,full-body clothes,341,78,195,117,457,116
16995,img/img_00105124.jpg,full-body clothes,146,80,163,83,204,58
16996,img/img_00105126.jpg,full-body clothes,211,138,138,0,211,0
16997,img/img_00105138.jpg,full-body clothes,208,119,157,38,280,72
16998,img/img_00105141.jpg,upper-body clothes,94,77,239,162,208,114
16999,img/img_00105142.jpg,upper-body clothes,173,107,204,97,290,117
17000,img/img_00105145.jpg,upper-body clothes,211,197,288,91,403,192
17001,img/img_00105150.jpg,upper-body clothes,82,65,172,107,171,89
17002,img/img_00105154.jpg,lower-body clothes,168,156,263,107,348,180
17003,img/img_00105155.jpg,lower-body clothes,347,255,255,0,347,0
17004,img/img_00105172.jpg,upper-body clothes,146,76,121,45,204,58
17005,img/img_00105186.jpg,full-body clothes,382,94,225,131,492,110
17006,img/img_00105188.jpg,full-body clothes,297,91,202,111,338,41
17007,img/img_00105190.jpg,full-body clothes,289,110,201,91,383,94
17008,img/img_00105192.jpg,full-body clothes,364,119,221,102,451,87
17009,img/img_00105194.jpg,full-body clothes,157,30,123,93,197,40
17010,img/img_00105195.jpg,full-body clothes,401,147,246,99,491,90
17011,img/img_00105198.jpg,full-body clothes,408,121,238,117,496,88
17012,img/img_00105210.jpg,lower-body clothes,61,62,127,65,71,10
17013,img/img_00105215.jpg,lower-body clothes,115,134,295,161,361,246
17014,img/img_00105216.jpg,lower-body clothes,69,95,183,88,257,188
17015,img/img_00105217.jpg,lower-body clothes,59,14,105,91,182,123
17016,img/img_00105227.jpg,upper-body clothes,317,140,254,114,469,152
17017,img/img_00105229.jpg,upper-body clothes,312,71,234,163,436,124
17018,img/img_00105232.jpg,upper-body clothes,202,160,160,0,202,0
17019,img/img_00105238.jpg,upper-body clothes,175,102,122,20,246,71
17020,img/img_00105242.jpg,upper-body clothes,246,186,186,0,246,0
17021,img/img_00105243.jpg,upper-body clothes,120,93,175,82,200,80
17022,img/img_00105248.jpg,full-body clothes,277,123,219,96,370,93
17023,img/img_00105257.jpg,full-body clothes,309,173,264,91,439,130
17024,img/img_00105262.jpg,upper-body clothes,105,93,202,109,230,125
17025,img/img_00105268.jpg,upper-body clothes,263,191,360,169,383,120
17026,img/img_00105282.jpg,full-body clothes,176,78,106,28,237,61
17027,img/img_00105284.jpg,full-body clothes,274,94,269,175,346,72
17028,img/img_00105299.jpg,full-body clothes,221,79,185,106,278,57
17029,img/img_00105303.jpg,full-body clothes,356,62,172,110,434,78
17030,img/img_00105319.jpg,full-body clothes,342,221,258,37,477,135
17031,img/img_00105321.jpg,full-body clothes,370,153,465,312,500,130
17032,img/img_00105327.jpg,full-body clothes,370,225,274,49,473,103
17033,img/img_00105339.jpg,full-body clothes,351,88,231,143,475,124
17034,img/img_00105341.jpg,full-body clothes,296,192,281,89,435,139
17035,img/img_00105343.jpg,full-body clothes,254,122,223,101,369,115
17036,img/img_00105344.jpg,full-body clothes,189,142,191,49,297,108
17037,img/img_00105347.jpg,full-body clothes,284,158,289,131,402,118
17038,img/img_00105350.jpg,full-body clothes,190,111,195,84,270,80
17039,img/img_00105352.jpg,full-body clothes,185,236,236,0,185,0
17040,img/img_00105353.jpg,full-body clothes,286,152,219,67,421,135
17041,img/img_00105366.jpg,full-body clothes,239,82,157,75,325,86
17042,img/img_00105367.jpg,full-body clothes,231,144,246,102,316,85
17043,img/img_00105372.jpg,full-body clothes,213,283,283,0,213,0
17044,img/img_00105374.jpg,full-body clothes,119,62,184,122,174,55
17045,img/img_00105378.jpg,lower-body clothes,270,335,387,52,282,12
17046,img/img_00105381.jpg,lower-body clothes,123,131,257,126,361,238
17047,img/img_00105383.jpg,lower-body clothes,126,138,299,161,405,279
17048,img/img_00105396.jpg,full-body clothes,124,145,262,117,177,53
17049,img/img_00105397.jpg,full-body clothes,205,116,207,91,240,35
17050,img/img_00105419.jpg,lower-body clothes,302,406,467,61,309,7
17051,img/img_00105422.jpg,lower-body clothes,211,317,317,0,211,0
17052,img/img_00105423.jpg,lower-body clothes,135,156,264,108,283,148
17053,img/img_00105428.jpg,lower-body clothes,198,73,165,92,226,28
17054,img/img_00105430.jpg,lower-body clothes,276,109,168,59,280,4
17055,img/img_00105435.jpg,lower-body clothes,362,123,223,100,383,21
17056,img/img_00105437.jpg,lower-body clothes,329,135,214,79,354,25
17057,img/img_00105443.jpg,lower-body clothes,400,132,375,243,414,14
17058,img/img_00105454.jpg,lower-body clothes,427,192,300,108,440,13
17059,img/img_00105474.jpg,lower-body clothes,150,188,264,76,489,339
17060,img/img_00105478.jpg,lower-body clothes,78,78,136,58,238,160
17061,img/img_00105495.jpg,full-body clothes,179,239,239,0,179,0
17062,img/img_00105500.jpg,full-body clothes,301,150,241,91,347,46
17063,img/img_00105502.jpg,upper-body clothes,188,267,267,0,188,0
17064,img/img_00105512.jpg,upper-body clothes,31,145,145,0,31,0
17065,img/img_00105514.jpg,upper-body clothes,129,219,219,0,129,0
17066,img/img_00105517.jpg,upper-body clothes,105,60,136,76,171,66
17067,img/img_00105528.jpg,upper-body clothes,160,110,217,107,345,185
17068,img/img_00105530.jpg,upper-body clothes,149,210,210,0,149,0
17069,img/img_00105533.jpg,upper-body clothes,189,335,335,0,189,0
17070,img/img_00105544.jpg,lower-body clothes,60,102,234,132,275,215
17071,img/img_00105546.jpg,lower-body clothes,116,150,223,73,422,306
17072,img/img_00105547.jpg,lower-body clothes,137,155,252,97,438,301
17073,img/img_00105548.jpg,lower-body clothes,256,233,233,0,256,0
17074,img/img_00105553.jpg,lower-body clothes,107,159,247,88,449,342
17075,img/img_00105556.jpg,lower-body clothes,112,146,234,88,404,292
17076,img/img_00105557.jpg,lower-body clothes,47,48,140,92,158,111
17077,img/img_00105564.jpg,lower-body clothes,74,80,153,73,214,140
17078,img/img_00105570.jpg,lower-body clothes,112,132,138,6,171,59
17079,img/img_00105579.jpg,upper-body clothes,141,48,222,174,246,105
17080,img/img_00105591.jpg,full-body clothes,279,103,172,69,340,61
17081,img/img_00105598.jpg,full-body clothes,310,55,172,117,366,56
17082,img/img_00105602.jpg,full-body clothes,278,131,275,144,369,91
17083,img/img_00105610.jpg,lower-body clothes,213,176,262,86,251,38
17084,img/img_00105614.jpg,lower-body clothes,180,164,254,90,465,285
17085,img/img_00105616.jpg,lower-body clothes,476,498,502,4,484,8
17086,img/img_00105630.jpg,full-body clothes,227,90,223,133,303,76
17087,img/img_00105632.jpg,full-body clothes,202,108,222,114,282,80
17088,img/img_00105639.jpg,lower-body clothes,150,117,243,126,386,236
17089,img/img_00105653.jpg,upper-body clothes,122,131,248,117,266,144
17090,img/img_00105664.jpg,full-body clothes,348,81,207,126,485,137
17091,img/img_00105665.jpg,full-body clothes,105,60,115,55,150,45
17092,img/img_00105667.jpg,lower-body clothes,70,105,216,111,287,217
17093,img/img_00105670.jpg,lower-body clothes,330,226,226,0,330,0
17094,img/img_00105672.jpg,upper-body clothes,273,154,271,117,425,152
17095,img/img_00105678.jpg,upper-body clothes,278,110,219,109,426,148
17096,img/img_00105687.jpg,upper-body clothes,182,112,239,127,316,134
17097,img/img_00105689.jpg,full-body clothes,197,238,238,0,197,0
17098,img/img_00105710.jpg,lower-body clothes,410,160,272,112,434,24
17099,img/img_00105726.jpg,upper-body clothes,107,96,125,29,285,178
17100,img/img_00105731.jpg,upper-body clothes,336,163,237,74,403,67
17101,img/img_00105740.jpg,upper-body clothes,349,143,225,82,490,141
17102,img/img_00105743.jpg,upper-body clothes,241,80,180,100,367,126
17103,img/img_00105748.jpg,full-body clothes,201,90,145,55,273,72
17104,img/img_00105753.jpg,full-body clothes,359,172,172,0,359,0
17105,img/img_00105768.jpg,full-body clothes,252,175,248,73,332,80
17106,img/img_00105769.jpg,full-body clothes,327,141,235,94,472,145
17107,img/img_00105783.jpg,upper-body clothes,189,76,195,119,280,91
17108,img/img_00105784.jpg,upper-body clothes,167,89,229,140,294,127
17109,img/img_00105786.jpg,upper-body clothes,217,76,186,110,331,114
17110,img/img_00105791.jpg,upper-body clothes,227,121,247,126,375,148
17111,img/img_00105801.jpg,full-body clothes,380,83,202,119,490,110
17112,img/img_00105802.jpg,full-body clothes,359,133,259,126,462,103
17113,img/img_00105811.jpg,full-body clothes,385,111,272,161,447,62
17114,img/img_00105815.jpg,lower-body clothes,76,94,135,41,234,158
17115,img/img_00105823.jpg,lower-body clothes,182,185,192,7,215,33
17116,img/img_00105842.jpg,full-body clothes,345,171,337,166,474,129
17117,img/img_00105850.jpg,lower-body clothes,409,146,326,180,438,29
17118,img/img_00105857.jpg,lower-body clothes,431,150,242,92,460,29
17119,img/img_00105862.jpg,lower-body clothes,1,1,1,0,1,0
17120,img/img_00105871.jpg,lower-body clothes,192,146,199,53,421,229
17121,img/img_00105879.jpg,upper-body clothes,183,61,239,178,225,42
17122,img/img_00105890.jpg,full-body clothes,357,145,273,128,498,141
17123,img/img_00105900.jpg,full-body clothes,150,54,139,85,212,62
17124,img/img_00105903.jpg,full-body clothes,378,151,254,103,499,121
17125,img/img_00105910.jpg,upper-body clothes,369,189,319,130,418,49
17126,img/img_00105912.jpg,upper-body clothes,323,167,346,179,464,141
17127,img/img_00105916.jpg,upper-body clothes,421,132,132,0,421,0
17128,img/img_00105923.jpg,full-body clothes,266,115,203,88,340,74
17129,img/img_00105924.jpg,full-body clothes,284,98,269,171,364,80
17130,img/img_00105925.jpg,full-body clothes,256,95,230,135,344,88
17131,img/img_00105930.jpg,full-body clothes,233,54,234,180,321,88
17132,img/img_00105932.jpg,full-body clothes,412,105,288,183,486,74
17133,img/img_00105935.jpg,full-body clothes,118,40,84,44,153,35
17134,img/img_00105941.jpg,lower-body clothes,206,138,138,0,206,0
17135,img/img_00105943.jpg,lower-body clothes,371,87,193,106,379,8
17136,img/img_00105945.jpg,lower-body clothes,240,171,249,78,267,27
17137,img/img_00105948.jpg,lower-body clothes,404,84,202,118,428,24
17138,img/img_00105957.jpg,lower-body clothes,279,66,252,186,293,14
17139,img/img_00105962.jpg,lower-body clothes,229,75,201,126,232,3
17140,img/img_00105972.jpg,upper-body clothes,288,177,277,100,434,146
17141,img/img_00105973.jpg,upper-body clothes,356,76,243,167,470,114
17142,img/img_00105989.jpg,full-body clothes,321,159,229,70,418,97
17143,img/img_00106003.jpg,full-body clothes,205,132,234,102,277,72
17144,img/img_00106016.jpg,full-body clothes,222,126,236,110,301,79
17145,img/img_00106020.jpg,full-body clothes,278,116,223,107,361,83
17146,img/img_00106030.jpg,full-body clothes,303,74,215,141,425,122
17147,img/img_00106031.jpg,full-body clothes,265,145,237,92,411,146
17148,img/img_00106032.jpg,full-body clothes,335,192,369,177,480,145
17149,img/img_00106035.jpg,full-body clothes,282,142,238,96,427,145
17150,img/img_00106043.jpg,upper-body clothes,315,228,228,0,315,0
17151,img/img_00106057.jpg,full-body clothes,328,178,293,115,457,129
17152,img/img_00106069.jpg,lower-body clothes,149,192,214,22,499,350
17153,img/img_00106075.jpg,lower-body clothes,11,68,131,63,184,173
17154,img/img_00106083.jpg,upper-body clothes,257,343,343,0,257,0
17155,img/img_00106085.jpg,full-body clothes,272,112,217,105,362,90
17156,img/img_00106092.jpg,full-body clothes,285,66,182,116,360,75
17157,img/img_00106098.jpg,full-body clothes,280,72,212,140,358,78
17158,img/img_00106110.jpg,full-body clothes,171,110,150,40,229,58
17159,img/img_00106114.jpg,full-body clothes,257,85,146,61,339,82
17160,img/img_00106125.jpg,full-body clothes,261,84,220,136,354,93
17161,img/img_00106126.jpg,full-body clothes,280,189,244,55,287,7
17162,img/img_00106137.jpg,full-body clothes,165,94,128,34,234,69
17163,img/img_00106140.jpg,upper-body clothes,233,111,166,55,247,14
17164,img/img_00106143.jpg,upper-body clothes,495,434,434,0,495,0
17165,img/img_00106150.jpg,full-body clothes,347,143,215,72,460,113
17166,img/img_00106154.jpg,lower-body clothes,258,72,243,171,464,206
17167,img/img_00106166.jpg,lower-body clothes,267,21,156,135,276,9
17168,img/img_00106177.jpg,full-body clothes,203,91,199,108,280,77
17169,img/img_00106181.jpg,full-body clothes,262,125,198,73,349,87
17170,img/img_00106186.jpg,full-body clothes,418,125,230,105,500,82
17171,img/img_00106187.jpg,full-body clothes,235,108,169,61,331,96
17172,img/img_00106219.jpg,full-body clothes,133,116,116,0,133,0
17173,img/img_00106220.jpg,full-body clothes,132,78,116,38,184,52
17174,img/img_00106235.jpg,lower-body clothes,203,303,303,0,203,0
17175,img/img_00106240.jpg,lower-body clothes,94,74,113,39,140,46
17176,img/img_00106241.jpg,lower-body clothes,71,68,132,64,87,16
17177,img/img_00106242.jpg,lower-body clothes,109,89,127,38,114,5
17178,img/img_00106245.jpg,lower-body clothes,346,230,307,77,453,107
17179,img/img_00106248.jpg,lower-body clothes,337,122,286,164,459,122
17180,img/img_00106258.jpg,lower-body clothes,188,200,298,98,193,5
17181,img/img_00106261.jpg,lower-body clothes,174,181,294,113,197,23
17182,img/img_00106265.jpg,lower-body clothes,163,185,278,93,433,270
17183,img/img_00106273.jpg,lower-body clothes,60,55,130,75,232,172
17184,img/img_00106276.jpg,lower-body clothes,479,181,181,0,479,0
17185,img/img_00106291.jpg,upper-body clothes,209,161,195,34,329,120
17186,img/img_00106303.jpg,full-body clothes,272,116,184,68,371,99
17187,img/img_00106304.jpg,full-body clothes,206,88,188,100,272,66
17188,img/img_00106305.jpg,full-body clothes,210,104,198,94,285,75
17189,img/img_00106306.jpg,full-body clothes,347,95,218,123,462,115
17190,img/img_00106317.jpg,full-body clothes,337,102,203,101,473,136
17191,img/img_00106318.jpg,full-body clothes,170,108,167,59,226,56
17192,img/img_00106332.jpg,full-body clothes,101,59,99,40,136,35
17193,img/img_00106334.jpg,full-body clothes,251,102,172,70,318,67
17194,img/img_00106342.jpg,full-body clothes,346,80,172,92,457,111
17195,img/img_00106345.jpg,full-body clothes,241,112,236,124,360,119
17196,img/img_00106347.jpg,full-body clothes,314,173,254,81,416,102
17197,img/img_00106354.jpg,full-body clothes,330,157,175,18,439,109
17198,img/img_00106358.jpg,full-body clothes,312,233,352,119,443,131
17199,img/img_00106375.jpg,lower-body clothes,427,56,247,191,462,35
17200,img/img_00106384.jpg,lower-body clothes,180,67,174,107,428,248
17201,img/img_00106387.jpg,full-body clothes,130,65,104,39,172,42
17202,img/img_00106392.jpg,full-body clothes,149,29,156,127,206,57
17203,img/img_00106397.jpg,full-body clothes,304,87,212,125,335,31
17204,img/img_00106411.jpg,full-body clothes,379,242,242,0,379,0
17205,img/img_00106414.jpg,full-body clothes,204,120,238,118,298,94
17206,img/img_00106415.jpg,full-body clothes,383,154,368,214,494,111
17207,img/img_00106427.jpg,upper-body clothes,122,59,133,74,196,74
17208,img/img_00106442.jpg,upper-body clothes,90,63,150,87,162,72
17209,img/img_00106443.jpg,upper-body clothes,262,108,230,122,410,148
17210,img/img_00106445.jpg,full-body clothes,260,273,273,0,260,0
17211,img/img_00106449.jpg,full-body clothes,326,157,241,84,445,119
17212,img/img_00106450.jpg,full-body clothes,490,173,173,0,490,0
17213,img/img_00106451.jpg,full-body clothes,235,162,194,32,323,88
17214,img/img_00106461.jpg,lower-body clothes,119,165,271,106,425,306
17215,img/img_00106462.jpg,lower-body clothes,116,141,298,157,407,291
17216,img/img_00106469.jpg,lower-body clothes,224,323,330,7,282,58
17217,img/img_00106473.jpg,full-body clothes,273,70,174,104,358,85
17218,img/img_00106474.jpg,full-body clothes,246,46,221,175,323,77
17219,img/img_00106476.jpg,full-body clothes,175,33,188,155,237,62
17220,img/img_00106490.jpg,full-body clothes,229,46,169,123,284,55
17221,img/img_00106492.jpg,full-body clothes,144,61,173,112,191,47
17222,img/img_00106497.jpg,full-body clothes,395,363,438,75,426,31
17223,img/img_00106499.jpg,full-body clothes,350,154,289,135,485,135
17224,img/img_00106504.jpg,full-body clothes,305,155,275,120,412,107
17225,img/img_00106520.jpg,full-body clothes,199,71,131,60,260,61
17226,img/img_00106523.jpg,full-body clothes,341,151,191,40,475,134
17227,img/img_00106527.jpg,full-body clothes,196,88,223,135,274,78
17228,img/img_00106529.jpg,full-body clothes,215,91,278,187,304,89
17229,img/img_00106534.jpg,full-body clothes,386,84,254,170,461,75
17230,img/img_00106539.jpg,full-body clothes,321,111,220,109,438,117
17231,img/img_00106540.jpg,full-body clothes,181,113,153,40,240,59
17232,img/img_00106551.jpg,lower-body clothes,147,175,187,12,181,34
17233,img/img_00106560.jpg,lower-body clothes,162,108,260,152,330,168
17234,img/img_00106564.jpg,lower-body clothes,131,132,261,129,305,174
17235,img/img_00106567.jpg,lower-body clothes,130,119,166,47,335,205
17236,img/img_00106571.jpg,lower-body clothes,66,78,199,121,253,187
17237,img/img_00106573.jpg,lower-body clothes,228,310,310,0,228,0
17238,img/img_00106576.jpg,lower-body clothes,184,193,297,104,479,295
17239,img/img_00106580.jpg,upper-body clothes,217,172,255,83,369,152
17240,img/img_00106596.jpg,upper-body clothes,247,226,226,0,247,0
17241,img/img_00106604.jpg,full-body clothes,383,114,245,131,454,71
17242,img/img_00106607.jpg,full-body clothes,399,95,112,17,423,24
17243,img/img_00106609.jpg,full-body clothes,344,120,214,94,453,109
17244,img/img_00106621.jpg,upper-body clothes,253,153,304,151,407,154
17245,img/img_00106628.jpg,lower-body clothes,248,159,245,86,480,232
17246,img/img_00106633.jpg,lower-body clothes,276,286,449,163,437,161
17247,img/img_00106642.jpg,upper-body clothes,189,173,248,75,318,129
17248,img/img_00106656.jpg,upper-body clothes,278,151,255,104,422,144
17249,img/img_00106679.jpg,full-body clothes,331,82,216,134,443,112
17250,img/img_00106702.jpg,lower-body clothes,84,99,153,54,257,173
17251,img/img_00106704.jpg,lower-body clothes,61,65,100,35,190,129
17252,img/img_00106710.jpg,lower-body clothes,78,117,182,65,292,214
17253,img/img_00106712.jpg,lower-body clothes,94,97,220,123,304,210
17254,img/img_00106714.jpg,lower-body clothes,250,150,150,0,250,0
17255,img/img_00106715.jpg,lower-body clothes,52,83,209,126,251,199
17256,img/img_00106727.jpg,full-body clothes,279,154,246,92,393,114
17257,img/img_00106729.jpg,full-body clothes,159,67,161,94,222,63
17258,img/img_00106736.jpg,upper-body clothes,141,131,214,83,249,108
17259,img/img_00106739.jpg,upper-body clothes,287,162,279,117,437,150
17260,img/img_00106740.jpg,upper-body clothes,413,286,286,0,413,0
17261,img/img_00106741.jpg,upper-body clothes,387,175,286,111,453,66
17262,img/img_00106752.jpg,upper-body clothes,86,294,294,0,86,0
17263,img/img_00106753.jpg,upper-body clothes,108,75,164,89,189,81
17264,img/img_00106755.jpg,upper-body clothes,257,238,238,0,257,0
17265,img/img_00106757.jpg,upper-body clothes,251,136,257,121,385,134
17266,img/img_00106763.jpg,full-body clothes,317,300,300,0,317,0
17267,img/img_00106775.jpg,lower-body clothes,119,139,217,78,451,332
17268,img/img_00106776.jpg,lower-body clothes,405,370,370,0,405,0
17269,img/img_00106784.jpg,upper-body clothes,269,170,202,32,288,19
17270,img/img_00106794.jpg,upper-body clothes,292,128,237,109,456,164
17271,img/img_00106801.jpg,upper-body clothes,276,131,245,114,432,156
17272,img/img_00106811.jpg,full-body clothes,289,121,202,81,411,122
17273,img/img_00106812.jpg,full-body clothes,164,85,209,124,273,109
17274,img/img_00106813.jpg,full-body clothes,346,68,227,159,451,105
17275,img/img_00106814.jpg,full-body clothes,156,71,204,133,271,115
17276,img/img_00106823.jpg,full-body clothes,351,117,191,74,472,121
17277,img/img_00106824.jpg,full-body clothes,325,45,178,133,436,111
17278,img/img_00106836.jpg,upper-body clothes,502,478,478,0,502,0
17279,img/img_00106837.jpg,upper-body clothes,422,358,406,48,493,71
17280,img/img_00106838.jpg,upper-body clothes,341,190,330,140,361,20
17281,img/img_00106839.jpg,upper-body clothes,502,296,296,0,502,0
17282,img/img_00106841.jpg,upper-body clothes,345,224,347,123,380,35
17283,img/img_00106847.jpg,upper-body clothes,268,310,310,0,268,0
17284,img/img_00106870.jpg,upper-body clothes,320,31,244,213,443,123
17285,img/img_00106871.jpg,upper-body clothes,215,124,222,98,330,115
17286,img/img_00106875.jpg,lower-body clothes,69,91,165,74,238,169
17287,img/img_00106879.jpg,lower-body clothes,61,103,173,70,276,215
17288,img/img_00106888.jpg,lower-body clothes,90,122,149,27,206,116
17289,img/img_00106891.jpg,lower-body clothes,122,137,207,70,437,315
17290,img/img_00106908.jpg,upper-body clothes,154,156,286,130,301,147
17291,img/img_00106917.jpg,upper-body clothes,341,225,293,68,395,54
17292,img/img_00106922.jpg,upper-body clothes,235,444,444,0,235,0
17293,img/img_00106929.jpg,upper-body clothes,223,208,267,59,317,94
17294,img/img_00106935.jpg,upper-body clothes,142,88,135,47,209,67
17295,img/img_00106937.jpg,upper-body clothes,291,133,227,94,430,139
17296,img/img_00106940.jpg,full-body clothes,336,327,341,14,456,120
17297,img/img_00106943.jpg,full-body clothes,309,204,268,64,441,132
17298,img/img_00106950.jpg,full-body clothes,189,135,265,130,281,92
17299,img/img_00106953.jpg,full-body clothes,207,148,148,0,207,0
17300,img/img_00106956.jpg,full-body clothes,377,94,198,104,498,121
17301,img/img_00106973.jpg,upper-body clothes,256,96,226,130,370,114
17302,img/img_00106977.jpg,upper-body clothes,129,57,139,82,204,75
17303,img/img_00106979.jpg,upper-body clothes,115,57,131,74,183,68
17304,img/img_00106981.jpg,upper-body clothes,110,72,228,156,290,180
17305,img/img_00107000.jpg,lower-body clothes,386,115,255,140,478,92
17306,img/img_00107006.jpg,lower-body clothes,425,119,317,198,438,13
17307,img/img_00107007.jpg,lower-body clothes,424,133,252,119,466,42
17308,img/img_00107009.jpg,lower-body clothes,392,113,285,172,437,45
17309,img/img_00107013.jpg,lower-body clothes,133,45,154,109,263,130
17310,img/img_00107017.jpg,lower-body clothes,261,82,223,141,434,173
17311,img/img_00107020.jpg,lower-body clothes,361,82,178,96,390,29
17312,img/img_00107022.jpg,lower-body clothes,202,54,167,113,313,111
17313,img/img_00107031.jpg,lower-body clothes,240,92,246,154,417,177
17314,img/img_00107037.jpg,lower-body clothes,338,157,239,82,360,22
17315,img/img_00107044.jpg,lower-body clothes,355,134,225,91,374,19
17316,img/img_00107048.jpg,lower-body clothes,154,60,127,67,213,59
17317,img/img_00107054.jpg,lower-body clothes,337,117,305,188,398,61
17318,img/img_00107061.jpg,lower-body clothes,178,68,104,36,200,22
17319,img/img_00107081.jpg,full-body clothes,159,98,147,49,229,70
17320,img/img_00107088.jpg,lower-body clothes,306,141,159,18,465,159
17321,img/img_00107090.jpg,lower-body clothes,384,120,226,106,413,29
17322,img/img_00107102.jpg,lower-body clothes,416,103,249,146,433,17
17323,img/img_00107106.jpg,lower-body clothes,399,189,260,71,409,10
17324,img/img_00107107.jpg,lower-body clothes,321,191,282,91,364,43
17325,img/img_00107139.jpg,lower-body clothes,272,104,209,105,449,177
17326,img/img_00107150.jpg,lower-body clothes,227,78,163,85,237,10
17327,img/img_00107164.jpg,lower-body clothes,234,51,185,134,438,204
17328,img/img_00107180.jpg,lower-body clothes,279,57,297,240,443,164
17329,img/img_00107184.jpg,lower-body clothes,279,83,171,88,299,20
17330,img/img_00107185.jpg,lower-body clothes,257,81,298,217,481,224
17331,img/img_00107187.jpg,lower-body clothes,214,74,186,112,228,14
17332,img/img_00107196.jpg,lower-body clothes,178,101,222,121,229,51
17333,img/img_00107197.jpg,lower-body clothes,60,69,183,114,215,155
17334,img/img_00107201.jpg,lower-body clothes,69,91,202,111,95,26
17335,img/img_00107207.jpg,lower-body clothes,128,143,238,95,139,11
17336,img/img_00107209.jpg,lower-body clothes,110,171,306,135,135,25
17337,img/img_00107212.jpg,lower-body clothes,52,65,149,84,87,35
17338,img/img_00107214.jpg,lower-body clothes,151,152,253,101,163,12
17339,img/img_00107217.jpg,lower-body clothes,123,158,236,78,422,299
17340,img/img_00107220.jpg,lower-body clothes,55,58,101,43,59,4
17341,img/img_00107231.jpg,lower-body clothes,173,314,361,47,200,27
17342,img/img_00107248.jpg,lower-body clothes,507,242,242,0,507,0
17343,img/img_00107254.jpg,lower-body clothes,241,80,208,128,461,220
17344,img/img_00107264.jpg,full-body clothes,238,83,231,148,369,131
17345,img/img_00107283.jpg,upper-body clothes,172,20,103,83,230,58
17346,img/img_00107291.jpg,upper-body clothes,469,275,275,0,469,0
17347,img/img_00107294.jpg,lower-body clothes,113,38,121,83,218,105
17348,img/img_00107298.jpg,lower-body clothes,99,49,119,70,202,103
17349,img/img_00107304.jpg,upper-body clothes,167,58,187,129,290,123
17350,img/img_00107306.jpg,upper-body clothes,111,92,157,65,168,57
17351,img/img_00107312.jpg,lower-body clothes,137,70,317,247,310,173
17352,img/img_00107318.jpg,lower-body clothes,265,77,194,117,461,196
17353,img/img_00107319.jpg,lower-body clothes,188,72,214,142,401,213
17354,img/img_00107321.jpg,lower-body clothes,136,54,176,122,255,119
17355,img/img_00107337.jpg,lower-body clothes,221,234,234,0,221,0
17356,img/img_00107356.jpg,lower-body clothes,114,131,210,79,401,287
17357,img/img_00107360.jpg,lower-body clothes,62,70,108,38,222,160
17358,img/img_00107375.jpg,lower-body clothes,102,152,283,131,376,274
17359,img/img_00107379.jpg,lower-body clothes,58,56,144,88,268,210
17360,img/img_00107382.jpg,lower-body clothes,106,171,259,88,416,310
17361,img/img_00107387.jpg,lower-body clothes,69,101,235,134,278,209
17362,img/img_00107397.jpg,full-body clothes,94,95,95,0,94,0
17363,img/img_00107412.jpg,lower-body clothes,179,131,168,37,191,12
17364,img/img_00107415.jpg,lower-body clothes,236,129,194,65,252,16
17365,img/img_00107421.jpg,full-body clothes,142,81,172,91,184,42
17366,img/img_00107429.jpg,upper-body clothes,162,132,259,127,263,101
17367,img/img_00107430.jpg,upper-body clothes,134,124,241,117,275,141
17368,img/img_00107436.jpg,lower-body clothes,363,104,256,152,430,67
17369,img/img_00107441.jpg,lower-body clothes,233,46,181,135,237,4
17370,img/img_00107442.jpg,full-body clothes,345,71,231,160,479,134
17371,img/img_00107453.jpg,full-body clothes,233,32,182,150,306,73
17372,img/img_00107456.jpg,full-body clothes,311,70,153,83,393,82
17373,img/img_00107457.jpg,full-body clothes,368,144,333,189,447,79
17374,img/img_00107464.jpg,lower-body clothes,124,98,333,235,447,323
17375,img/img_00107465.jpg,lower-body clothes,99,131,218,87,393,294
17376,img/img_00107468.jpg,lower-body clothes,108,59,164,105,269,161
17377,img/img_00107469.jpg,lower-body clothes,81,44,150,106,415,334
17378,img/img_00107470.jpg,lower-body clothes,102,139,221,82,401,299
17379,img/img_00107480.jpg,lower-body clothes,169,200,250,50,214,45
17380,img/img_00107484.jpg,lower-body clothes,262,118,212,94,390,128
17381,img/img_00107497.jpg,lower-body clothes,140,148,368,220,412,272
17382,img/img_00107498.jpg,lower-body clothes,92,49,91,42,104,12
17383,img/img_00107501.jpg,lower-body clothes,105,74,237,163,338,233
17384,img/img_00107508.jpg,lower-body clothes,62,86,157,71,259,197
17385,img/img_00107523.jpg,lower-body clothes,257,90,208,118,456,199
17386,img/img_00107539.jpg,full-body clothes,393,109,243,134,487,94
17387,img/img_00107542.jpg,full-body clothes,261,92,242,150,357,96
17388,img/img_00107545.jpg,full-body clothes,342,102,229,127,462,120
17389,img/img_00107567.jpg,lower-body clothes,437,126,225,99,447,10
17390,img/img_00107573.jpg,full-body clothes,308,110,239,129,408,100
17391,img/img_00107581.jpg,full-body clothes,169,75,120,45,230,61
17392,img/img_00107603.jpg,lower-body clothes,467,354,354,0,467,0
17393,img/img_00107620.jpg,lower-body clothes,268,83,223,140,470,202
17394,img/img_00107622.jpg,lower-body clothes,69,118,256,138,241,172
17395,img/img_00107631.jpg,lower-body clothes,123,60,184,124,256,133
17396,img/img_00107633.jpg,lower-body clothes,174,73,145,72,196,22
17397,img/img_00107634.jpg,full-body clothes,374,55,196,141,462,88
17398,img/img_00107635.jpg,full-body clothes,349,105,233,128,437,88
17399,img/img_00107643.jpg,full-body clothes,213,115,179,64,310,97
17400,img/img_00107649.jpg,lower-body clothes,75,66,180,114,261,186
17401,img/img_00107661.jpg,upper-body clothes,125,66,147,81,181,56
17402,img/img_00107664.jpg,upper-body clothes,109,73,139,66,180,71
17403,img/img_00107672.jpg,lower-body clothes,242,189,189,0,242,0
17404,img/img_00107681.jpg,lower-body clothes,91,64,130,66,100,9
17405,img/img_00107687.jpg,upper-body clothes,83,62,132,70,159,76
17406,img/img_00107692.jpg,upper-body clothes,156,64,188,124,241,85
17407,img/img_00107694.jpg,upper-body clothes,107,98,193,95,241,134
17408,img/img_00107696.jpg,full-body clothes,332,167,260,93,476,144
17409,img/img_00107697.jpg,full-body clothes,307,208,296,88,432,125
17410,img/img_00107701.jpg,full-body clothes,160,84,140,56,227,67
17411,img/img_00107703.jpg,full-body clothes,253,88,208,120,379,126
17412,img/img_00107705.jpg,full-body clothes,483,422,422,0,483,0
17413,img/img_00107707.jpg,lower-body clothes,169,68,138,70,213,44
17414,img/img_00107708.jpg,lower-body clothes,415,104,186,82,435,20
17415,img/img_00107718.jpg,lower-body clothes,244,95,223,128,450,206
17416,img/img_00107724.jpg,lower-body clothes,194,99,143,44,204,10
17417,img/img_00107733.jpg,lower-body clothes,256,99,166,67,269,13
17418,img/img_00107735.jpg,full-body clothes,304,209,297,88,431,127
17419,img/img_00107746.jpg,full-body clothes,301,85,251,166,409,108
17420,img/img_00107750.jpg,upper-body clothes,178,180,236,56,246,68
17421,img/img_00107754.jpg,upper-body clothes,324,222,274,52,385,61
17422,img/img_00107762.jpg,upper-body clothes,74,64,136,72,98,24
17423,img/img_00107773.jpg,full-body clothes,242,65,174,109,292,50
17424,img/img_00107778.jpg,full-body clothes,198,18,98,80,235,37
17425,img/img_00107780.jpg,upper-body clothes,317,133,290,157,440,123
17426,img/img_00107787.jpg,upper-body clothes,255,94,182,88,401,146
17427,img/img_00107788.jpg,upper-body clothes,140,56,116,60,196,56
17428,img/img_00107793.jpg,lower-body clothes,65,79,114,35,220,155
17429,img/img_00107810.jpg,lower-body clothes,204,321,333,12,205,1
17430,img/img_00107811.jpg,lower-body clothes,93,136,220,84,409,316
17431,img/img_00107813.jpg,lower-body clothes,98,174,260,86,486,388
17432,img/img_00107820.jpg,upper-body clothes,134,121,171,50,224,90
17433,img/img_00107832.jpg,upper-body clothes,202,295,295,0,202,0
17434,img/img_00107848.jpg,lower-body clothes,116,171,265,94,447,331
17435,img/img_00107851.jpg,lower-body clothes,53,51,68,17,132,79
17436,img/img_00107853.jpg,lower-body clothes,102,88,229,141,325,223
17437,img/img_00107857.jpg,lower-body clothes,83,64,235,171,299,216
17438,img/img_00107862.jpg,lower-body clothes,136,130,215,85,170,34
17439,img/img_00107867.jpg,lower-body clothes,85,89,217,128,296,211
17440,img/img_00107873.jpg,lower-body clothes,80,97,201,104,99,19
17441,img/img_00107878.jpg,full-body clothes,340,266,266,0,340,0
17442,img/img_00107879.jpg,full-body clothes,316,152,234,82,444,128
17443,img/img_00107880.jpg,full-body clothes,200,81,186,105,279,79
17444,img/img_00107881.jpg,full-body clothes,182,41,102,61,225,43
17445,img/img_00107888.jpg,full-body clothes,291,175,367,192,426,135
17446,img/img_00107892.jpg,full-body clothes,151,78,152,74,216,65
17447,img/img_00107905.jpg,full-body clothes,369,125,303,178,460,91
17448,img/img_00107913.jpg,full-body clothes,198,174,174,0,198,0
17449,img/img_00107920.jpg,full-body clothes,142,214,214,0,142,0
17450,img/img_00107927.jpg,full-body clothes,236,74,108,34,281,45
17451,img/img_00107931.jpg,full-body clothes,248,270,270,0,248,0
17452,img/img_00107932.jpg,full-body clothes,226,56,241,185,292,66
17453,img/img_00107948.jpg,upper-body clothes,160,93,352,259,172,12
17454,img/img_00107961.jpg,full-body clothes,309,195,236,41,452,143
17455,img/img_00107974.jpg,upper-body clothes,194,118,185,67,233,39
17456,img/img_00107979.jpg,upper-body clothes,134,130,177,47,228,94
17457,img/img_00107985.jpg,upper-body clothes,270,190,258,68,291,21
17458,img/img_00107990.jpg,upper-body clothes,276,153,246,93,396,120
17459,img/img_00107993.jpg,upper-body clothes,319,332,332,0,319,0
17460,img/img_00108015.jpg,upper-body clothes,130,58,129,71,200,70
17461,img/img_00108016.jpg,upper-body clothes,121,87,146,59,193,72
17462,img/img_00108020.jpg,upper-body clothes,118,47,149,102,204,86
17463,img/img_00108029.jpg,upper-body clothes,143,139,139,0,143,0
17464,img/img_00108030.jpg,upper-body clothes,146,102,156,54,224,78
17465,img/img_00108033.jpg,lower-body clothes,272,163,287,124,466,194
17466,img/img_00108034.jpg,lower-body clothes,244,108,204,96,406,162
17467,img/img_00108038.jpg,lower-body clothes,147,88,207,119,267,120
17468,img/img_00108041.jpg,lower-body clothes,202,73,152,79,338,136
17469,img/img_00108044.jpg,lower-body clothes,159,72,135,63,246,87
17470,img/img_00108046.jpg,lower-body clothes,95,108,176,68,278,183
17471,img/img_00108050.jpg,full-body clothes,234,90,154,64,326,92
17472,img/img_00108056.jpg,full-body clothes,412,215,219,4,422,10
17473,img/img_00108065.jpg,full-body clothes,415,177,270,93,489,74
17474,img/img_00108066.jpg,full-body clothes,389,85,217,132,470,81
17475,img/img_00108071.jpg,lower-body clothes,377,38,192,154,406,29
17476,img/img_00108072.jpg,lower-body clothes,294,117,188,71,500,206
17477,img/img_00108073.jpg,lower-body clothes,221,95,180,85,461,240
17478,img/img_00108083.jpg,lower-body clothes,446,157,258,101,450,4
17479,img/img_00108084.jpg,lower-body clothes,310,362,362,0,310,0
17480,img/img_00108085.jpg,lower-body clothes,295,134,271,137,467,172
17481,img/img_00108096.jpg,lower-body clothes,174,58,151,93,322,148
17482,img/img_00108108.jpg,upper-body clothes,110,63,205,142,209,99
17483,img/img_00108109.jpg,upper-body clothes,243,170,258,88,413,170
17484,img/img_00108124.jpg,full-body clothes,395,81,241,160,496,101
17485,img/img_00108128.jpg,full-body clothes,337,146,164,18,417,80
17486,img/img_00108134.jpg,lower-body clothes,223,125,196,71,427,204
17487,img/img_00108143.jpg,full-body clothes,140,182,182,0,140,0
17488,img/img_00108150.jpg,full-body clothes,266,318,318,0,266,0
17489,img/img_00108155.jpg,full-body clothes,485,314,314,0,485,0
17490,img/img_00108158.jpg,lower-body clothes,94,101,180,79,327,233
17491,img/img_00108164.jpg,lower-body clothes,73,75,201,126,314,241
17492,img/img_00108167.jpg,lower-body clothes,55,96,423,327,270,215
17493,img/img_00108169.jpg,lower-body clothes,68,90,148,58,293,225
17494,img/img_00108171.jpg,lower-body clothes,70,38,175,137,356,286
17495,img/img_00108175.jpg,lower-body clothes,70,18,176,158,337,267
17496,img/img_00108182.jpg,lower-body clothes,114,106,307,201,143,29
17497,img/img_00108187.jpg,lower-body clothes,160,184,319,135,475,315
17498,img/img_00108189.jpg,lower-body clothes,79,74,256,182,277,198
17499,img/img_00108190.jpg,lower-body clothes,453,38,261,223,482,29
17500,img/img_00108196.jpg,lower-body clothes,146,157,228,71,205,59
17501,img/img_00108201.jpg,full-body clothes,358,70,223,153,447,89
17502,img/img_00108209.jpg,full-body clothes,264,62,155,93,342,78
17503,img/img_00108210.jpg,full-body clothes,145,25,122,97,185,40
17504,img/img_00108211.jpg,full-body clothes,316,192,263,71,479,163
17505,img/img_00108216.jpg,full-body clothes,197,123,144,21,329,132
17506,img/img_00108219.jpg,full-body clothes,336,239,239,0,336,0
17507,img/img_00108226.jpg,full-body clothes,291,94,282,188,366,75
17508,img/img_00108242.jpg,full-body clothes,170,136,231,95,179,9
17509,img/img_00108251.jpg,upper-body clothes,319,139,197,58,415,96
17510,img/img_00108256.jpg,upper-body clothes,125,20,142,122,192,67
17511,img/img_00108269.jpg,full-body clothes,371,70,159,89,476,105
17512,img/img_00108270.jpg,full-body clothes,450,149,317,168,454,4
17513,img/img_00108277.jpg,full-body clothes,367,217,273,56,409,42
17514,img/img_00108280.jpg,full-body clothes,267,147,205,58,338,71
17515,img/img_00108283.jpg,upper-body clothes,496,276,276,0,496,0
17516,img/img_00108294.jpg,upper-body clothes,466,386,386,0,466,0
17517,img/img_00108298.jpg,full-body clothes,248,96,163,67,310,62
17518,img/img_00108320.jpg,full-body clothes,192,95,135,40,258,66
17519,img/img_00108323.jpg,full-body clothes,201,258,258,0,201,0
17520,img/img_00108325.jpg,full-body clothes,370,146,438,292,476,106
17521,img/img_00108326.jpg,full-body clothes,164,51,112,61,227,63
17522,img/img_00108331.jpg,full-body clothes,276,160,237,77,408,132
17523,img/img_00108348.jpg,full-body clothes,296,156,277,121,413,117
17524,img/img_00108360.jpg,full-body clothes,234,132,195,63,314,80
17525,img/img_00108361.jpg,full-body clothes,198,84,275,191,258,60
17526,img/img_00108372.jpg,upper-body clothes,175,119,210,91,245,70
17527,img/img_00108376.jpg,full-body clothes,179,92,197,105,252,73
17528,img/img_00108384.jpg,full-body clothes,221,133,203,70,312,91
17529,img/img_00108388.jpg,full-body clothes,334,124,149,25,441,107
17530,img/img_00108389.jpg,lower-body clothes,223,64,237,173,437,214
17531,img/img_00108399.jpg,lower-body clothes,245,113,227,114,464,219
17532,img/img_00108402.jpg,lower-body clothes,109,99,175,76,272,163
17533,img/img_00108407.jpg,lower-body clothes,229,111,193,82,422,193
17534,img/img_00108417.jpg,upper-body clothes,240,189,247,58,389,149
17535,img/img_00108424.jpg,upper-body clothes,189,123,201,78,326,137
17536,img/img_00108432.jpg,upper-body clothes,120,99,99,0,120,0
17537,img/img_00108438.jpg,upper-body clothes,239,140,236,96,378,139
17538,img/img_00108451.jpg,upper-body clothes,278,149,226,77,471,193
17539,img/img_00108452.jpg,upper-body clothes,285,122,221,99,420,135
17540,img/img_00108457.jpg,upper-body clothes,131,104,104,0,131,0
17541,img/img_00108466.jpg,upper-body clothes,166,86,146,60,252,86
17542,img/img_00108471.jpg,upper-body clothes,219,169,295,126,358,139
17543,img/img_00108473.jpg,upper-body clothes,67,75,296,221,110,43
17544,img/img_00108508.jpg,full-body clothes,282,122,226,104,407,125
17545,img/img_00108510.jpg,full-body clothes,305,101,197,96,434,129
17546,img/img_00108511.jpg,full-body clothes,255,145,216,71,345,90
17547,img/img_00108512.jpg,full-body clothes,175,122,219,97,253,78
17548,img/img_00108521.jpg,full-body clothes,432,241,241,0,432,0
17549,img/img_00108526.jpg,full-body clothes,182,120,226,106,233,51
17550,img/img_00108529.jpg,full-body clothes,171,89,128,39,232,61
17551,img/img_00108530.jpg,full-body clothes,226,116,175,59,312,86
17552,img/img_00108535.jpg,upper-body clothes,335,214,318,104,469,134
17553,img/img_00108537.jpg,upper-body clothes,112,214,214,0,112,0
17554,img/img_00108545.jpg,upper-body clothes,183,63,197,134,277,94
17555,img/img_00108550.jpg,upper-body clothes,249,125,234,109,378,129
17556,img/img_00108553.jpg,upper-body clothes,187,117,209,92,340,153
17557,img/img_00108554.jpg,upper-body clothes,67,31,84,53,70,3
17558,img/img_00108562.jpg,upper-body clothes,240,277,277,0,240,0
17559,img/img_00108566.jpg,upper-body clothes,88,59,141,82,159,71
17560,img/img_00108582.jpg,upper-body clothes,327,194,295,101,445,118
17561,img/img_00108583.jpg,upper-body clothes,306,98,225,127,425,119
17562,img/img_00108587.jpg,upper-body clothes,96,81,173,92,211,115
17563,img/img_00108588.jpg,upper-body clothes,201,131,275,144,238,37
17564,img/img_00108591.jpg,upper-body clothes,187,120,280,160,291,104
17565,img/img_00108593.jpg,upper-body clothes,340,290,320,30,401,61
17566,img/img_00108595.jpg,upper-body clothes,309,383,383,0,309,0
17567,img/img_00108597.jpg,upper-body clothes,328,308,308,0,328,0
17568,img/img_00108602.jpg,full-body clothes,330,240,240,0,330,0
17569,img/img_00108607.jpg,full-body clothes,354,237,331,94,426,72
17570,img/img_00108619.jpg,upper-body clothes,315,175,294,119,463,148
17571,img/img_00108624.jpg,upper-body clothes,136,70,122,52,215,79
17572,img/img_00108626.jpg,upper-body clothes,145,78,218,140,221,76
17573,img/img_00108636.jpg,upper-body clothes,143,80,221,141,221,78
17574,img/img_00108638.jpg,upper-body clothes,355,177,278,101,487,132
17575,img/img_00108642.jpg,upper-body clothes,339,286,286,0,339,0
17576,img/img_00108644.jpg,upper-body clothes,181,130,212,82,287,106
17577,img/img_00108646.jpg,upper-body clothes,190,113,277,164,308,118
17578,img/img_00108651.jpg,upper-body clothes,303,55,176,121,453,150
17579,img/img_00108654.jpg,upper-body clothes,314,182,272,90,439,125
17580,img/img_00108661.jpg,upper-body clothes,188,86,180,94,281,93
17581,img/img_00108671.jpg,full-body clothes,412,108,221,113,500,88
17582,img/img_00108680.jpg,full-body clothes,352,85,214,129,458,106
17583,img/img_00108692.jpg,full-body clothes,348,93,226,133,429,81
17584,img/img_00108695.jpg,upper-body clothes,267,195,256,61,430,163
17585,img/img_00108699.jpg,upper-body clothes,292,166,247,81,426,134
17586,img/img_00108710.jpg,upper-body clothes,168,111,207,96,241,73
17587,img/img_00108717.jpg,upper-body clothes,141,70,147,77,217,76
17588,img/img_00108718.jpg,upper-body clothes,100,71,139,68,168,68
17589,img/img_00108721.jpg,upper-body clothes,166,119,144,25,196,30
17590,img/img_00108724.jpg,upper-body clothes,273,116,316,200,397,124
17591,img/img_00108729.jpg,full-body clothes,343,199,296,97,490,147
17592,img/img_00108733.jpg,full-body clothes,200,62,142,80,270,70
17593,img/img_00108735.jpg,full-body clothes,331,109,235,126,459,128
17594,img/img_00108737.jpg,full-body clothes,353,192,238,46,456,103
17595,img/img_00108753.jpg,full-body clothes,371,262,328,66,492,121
17596,img/img_00108759.jpg,upper-body clothes,307,202,279,77,429,122
17597,img/img_00108767.jpg,upper-body clothes,304,460,460,0,304,0
17598,img/img_00108768.jpg,lower-body clothes,79,282,282,0,79,0
17599,img/img_00108776.jpg,lower-body clothes,222,157,157,0,222,0
17600,img/img_00108781.jpg,lower-body clothes,383,110,351,241,471,88
17601,img/img_00108782.jpg,lower-body clothes,401,126,313,187,437,36
17602,img/img_00108785.jpg,upper-body clothes,144,151,199,48,228,84
17603,img/img_00108786.jpg,upper-body clothes,103,83,138,55,165,62
17604,img/img_00108802.jpg,upper-body clothes,251,97,187,90,377,126
17605,img/img_00108804.jpg,upper-body clothes,116,62,133,71,191,75
17606,img/img_00108810.jpg,upper-body clothes,183,50,176,126,322,139
17607,img/img_00108817.jpg,upper-body clothes,1,1,1,0,1,0
17608,img/img_00108823.jpg,upper-body clothes,146,83,133,50,230,84
17609,img/img_00108833.jpg,upper-body clothes,184,147,233,86,271,87
17610,img/img_00108835.jpg,upper-body clothes,200,127,260,133,291,91
17611,img/img_00108844.jpg,upper-body clothes,476,259,259,0,476,0
17612,img/img_00108846.jpg,upper-body clothes,124,82,159,77,188,64
17613,img/img_00108861.jpg,upper-body clothes,208,180,245,65,344,136
17614,img/img_00108863.jpg,upper-body clothes,177,144,230,86,276,99
17615,img/img_00108865.jpg,lower-body clothes,175,130,130,0,175,0
17616,img/img_00108866.jpg,lower-body clothes,59,121,192,71,288,229
17617,img/img_00108872.jpg,lower-body clothes,106,145,345,200,390,284
17618,img/img_00108873.jpg,lower-body clothes,263,234,294,60,272,9
17619,img/img_00108886.jpg,upper-body clothes,215,144,219,75,279,64
17620,img/img_00108888.jpg,upper-body clothes,181,325,325,0,181,0
17621,img/img_00108898.jpg,upper-body clothes,68,171,171,0,68,0
17622,img/img_00108900.jpg,upper-body clothes,265,334,334,0,265,0
17623,img/img_00108920.jpg,upper-body clothes,133,248,248,0,133,0
17624,img/img_00108924.jpg,upper-body clothes,277,173,276,103,458,181
17625,img/img_00108925.jpg,upper-body clothes,315,192,192,0,315,0
17626,img/img_00108928.jpg,upper-body clothes,393,256,440,184,443,50
17627,img/img_00108929.jpg,upper-body clothes,297,192,258,66,309,12
17628,img/img_00108938.jpg,upper-body clothes,249,196,365,169,385,136
17629,img/img_00108945.jpg,lower-body clothes,458,325,325,0,458,0
17630,img/img_00108952.jpg,lower-body clothes,372,272,328,56,398,26
17631,img/img_00108968.jpg,upper-body clothes,280,152,207,55,397,117
17632,img/img_00108971.jpg,upper-body clothes,497,332,394,62,507,10
17633,img/img_00108972.jpg,upper-body clothes,299,178,245,67,454,155
17634,img/img_00108978.jpg,upper-body clothes,122,91,322,231,196,74
17635,img/img_00108983.jpg,upper-body clothes,123,120,246,126,252,129
17636,img/img_00108990.jpg,upper-body clothes,302,120,238,118,463,161
17637,img/img_00108992.jpg,upper-body clothes,233,165,225,60,369,136
17638,img/img_00108996.jpg,upper-body clothes,246,175,256,81,380,134
17639,img/img_00109010.jpg,upper-body clothes,264,172,242,70,348,84
17640,img/img_00109011.jpg,upper-body clothes,277,329,329,0,277,0
17641,img/img_00109016.jpg,upper-body clothes,304,206,266,60,317,13
17642,img/img_00109023.jpg,upper-body clothes,143,174,174,0,143,0
17643,img/img_00109024.jpg,upper-body clothes,235,140,261,121,387,152
17644,img/img_00109028.jpg,upper-body clothes,263,166,262,96,385,122
17645,img/img_00109040.jpg,lower-body clothes,188,200,257,57,474,286
17646,img/img_00109041.jpg,lower-body clothes,182,164,265,101,473,291
17647,img/img_00109071.jpg,upper-body clothes,276,154,225,71,372,96
17648,img/img_00109073.jpg,upper-body clothes,325,182,272,90,471,146
17649,img/img_00109074.jpg,upper-body clothes,334,277,398,121,492,158
17650,img/img_00109076.jpg,upper-body clothes,398,246,246,0,398,0
17651,img/img_00109080.jpg,upper-body clothes,245,151,228,77,373,128
17652,img/img_00109093.jpg,upper-body clothes,225,284,284,0,225,0
17653,img/img_00109103.jpg,upper-body clothes,226,332,332,0,226,0
17654,img/img_00109106.jpg,upper-body clothes,231,256,256,0,231,0
17655,img/img_00109112.jpg,upper-body clothes,83,71,135,64,169,86
17656,img/img_00109121.jpg,upper-body clothes,313,491,491,0,313,0
17657,img/img_00109132.jpg,upper-body clothes,281,141,246,105,439,158
17658,img/img_00109134.jpg,upper-body clothes,198,156,252,96,356,158
17659,img/img_00109141.jpg,upper-body clothes,387,342,342,0,387,0
17660,img/img_00109144.jpg,upper-body clothes,156,186,489,303,237,81
17661,img/img_00109147.jpg,upper-body clothes,157,236,343,107,349,192
17662,img/img_00109150.jpg,upper-body clothes,167,305,305,0,167,0
17663,img/img_00109153.jpg,full-body clothes,360,148,236,88,459,99
17664,img/img_00109155.jpg,full-body clothes,366,167,225,58,463,97
17665,img/img_00109158.jpg,full-body clothes,339,162,253,91,461,122
17666,img/img_00109162.jpg,full-body clothes,215,79,207,128,274,59
17667,img/img_00109165.jpg,full-body clothes,253,68,167,99,328,75
17668,img/img_00109169.jpg,full-body clothes,233,89,89,0,233,0
17669,img/img_00109170.jpg,full-body clothes,241,227,227,0,241,0
17670,img/img_00109174.jpg,full-body clothes,224,239,239,0,224,0
17671,img/img_00109184.jpg,full-body clothes,298,130,266,136,406,108
17672,img/img_00109187.jpg,upper-body clothes,363,141,233,92,368,5
17673,img/img_00109190.jpg,upper-body clothes,440,246,246,0,440,0
17674,img/img_00109209.jpg,upper-body clothes,413,361,436,75,432,19
17675,img/img_00109215.jpg,upper-body clothes,185,40,71,31,287,102
17676,img/img_00109221.jpg,upper-body clothes,412,244,244,0,412,0
17677,img/img_00109227.jpg,upper-body clothes,249,268,268,0,249,0
17678,img/img_00109232.jpg,upper-body clothes,485,220,220,0,485,0
17679,img/img_00109236.jpg,upper-body clothes,173,137,242,105,305,132
17680,img/img_00109237.jpg,upper-body clothes,346,259,259,0,346,0
17681,img/img_00109239.jpg,upper-body clothes,197,288,288,0,197,0
17682,img/img_00109247.jpg,upper-body clothes,161,70,151,81,222,61
17683,img/img_00109263.jpg,lower-body clothes,265,462,462,0,265,0
17684,img/img_00109269.jpg,lower-body clothes,55,99,176,77,247,192
17685,img/img_00109271.jpg,lower-body clothes,66,86,145,59,80,14
17686,img/img_00109287.jpg,full-body clothes,350,151,312,161,413,63
17687,img/img_00109297.jpg,upper-body clothes,218,197,197,0,218,0
17688,img/img_00109307.jpg,upper-body clothes,326,220,289,69,464,138
17689,img/img_00109313.jpg,upper-body clothes,302,57,225,168,419,117
17690,img/img_00109318.jpg,upper-body clothes,294,193,308,115,427,133
17691,img/img_00109331.jpg,upper-body clothes,151,123,210,87,218,67
17692,img/img_00109337.jpg,upper-body clothes,148,78,162,84,227,79
17693,img/img_00109348.jpg,full-body clothes,239,154,276,122,422,183
17694,img/img_00109350.jpg,full-body clothes,127,62,233,171,227,100
17695,img/img_00109353.jpg,full-body clothes,177,89,147,58,282,105
17696,img/img_00109362.jpg,full-body clothes,228,82,165,83,310,82
17697,img/img_00109365.jpg,full-body clothes,213,108,218,110,332,119
17698,img/img_00109370.jpg,upper-body clothes,96,91,147,56,163,67
17699,img/img_00109377.jpg,upper-body clothes,23,28,28,0,23,0
17700,img/img_00109391.jpg,full-body clothes,348,226,308,82,461,113
17701,img/img_00109399.jpg,upper-body clothes,163,71,292,221,247,84
17702,img/img_00109400.jpg,upper-body clothes,162,196,196,0,162,0
17703,img/img_00109403.jpg,upper-body clothes,159,187,262,75,239,80
17704,img/img_00109404.jpg,upper-body clothes,153,107,161,54,235,82
17705,img/img_00109420.jpg,upper-body clothes,197,139,213,74,237,40
17706,img/img_00109422.jpg,upper-body clothes,185,157,157,0,185,0
17707,img/img_00109424.jpg,upper-body clothes,303,206,369,163,449,146
17708,img/img_00109426.jpg,upper-body clothes,246,295,295,0,246,0
17709,img/img_00109445.jpg,upper-body clothes,202,115,194,79,320,118
17710,img/img_00109458.jpg,upper-body clothes,135,99,229,130,240,105
17711,img/img_00109462.jpg,full-body clothes,417,331,331,0,417,0
17712,img/img_00109471.jpg,upper-body clothes,324,337,337,0,324,0
17713,img/img_00109476.jpg,upper-body clothes,188,172,265,93,387,199
17714,img/img_00109481.jpg,upper-body clothes,186,130,242,112,314,128
17715,img/img_00109484.jpg,upper-body clothes,298,209,490,281,488,190
17716,img/img_00109485.jpg,upper-body clothes,271,276,393,117,477,206
17717,img/img_00109499.jpg,full-body clothes,336,154,293,139,488,152
17718,img/img_00109500.jpg,full-body clothes,310,136,231,95,472,162
17719,img/img_00109508.jpg,full-body clothes,200,133,242,109,307,107
17720,img/img_00109514.jpg,full-body clothes,312,116,289,173,487,175
17721,img/img_00109518.jpg,full-body clothes,494,245,245,0,494,0
17722,img/img_00109520.jpg,full-body clothes,337,272,272,0,337,0
17723,img/img_00109524.jpg,full-body clothes,244,243,243,0,244,0
17724,img/img_00109534.jpg,full-body clothes,155,224,224,0,155,0
17725,img/img_00109539.jpg,full-body clothes,392,138,252,114,489,97
17726,img/img_00109542.jpg,full-body clothes,397,167,308,141,486,89
17727,img/img_00109548.jpg,full-body clothes,334,326,326,0,334,0
17728,img/img_00109565.jpg,upper-body clothes,55,199,199,0,55,0
17729,img/img_00109572.jpg,upper-body clothes,136,124,231,107,190,54
17730,img/img_00109574.jpg,upper-body clothes,181,98,243,145,332,151
17731,img/img_00109576.jpg,upper-body clothes,50,161,161,0,50,0
17732,img/img_00109582.jpg,upper-body clothes,213,123,253,130,343,130
17733,img/img_00109584.jpg,full-body clothes,122,53,93,40,177,55
17734,img/img_00109596.jpg,full-body clothes,130,57,122,65,182,52
17735,img/img_00109601.jpg,full-body clothes,174,95,120,25,224,50
17736,img/img_00109605.jpg,upper-body clothes,165,127,254,127,267,102
17737,img/img_00109607.jpg,upper-body clothes,168,81,219,138,262,94
17738,img/img_00109613.jpg,upper-body clothes,265,138,242,104,400,135
17739,img/img_00109619.jpg,lower-body clothes,148,50,140,90,307,159
17740,img/img_00109621.jpg,lower-body clothes,481,148,220,72,491,10
17741,img/img_00109624.jpg,lower-body clothes,222,70,213,143,344,122
17742,img/img_00109625.jpg,lower-body clothes,311,201,201,0,311,0
17743,img/img_00109630.jpg,lower-body clothes,158,73,123,50,186,28
17744,img/img_00109632.jpg,lower-body clothes,107,169,287,118,130,23
17745,img/img_00109633.jpg,lower-body clothes,110,143,227,84,387,277
17746,img/img_00109636.jpg,lower-body clothes,73,74,229,155,289,216
17747,img/img_00109639.jpg,upper-body clothes,197,203,203,0,197,0
17748,img/img_00109652.jpg,upper-body clothes,169,110,215,105,251,82
17749,img/img_00109653.jpg,upper-body clothes,491,313,313,0,491,0
17750,img/img_00109656.jpg,upper-body clothes,471,207,207,0,471,0
17751,img/img_00109657.jpg,upper-body clothes,109,109,219,110,181,72
17752,img/img_00109660.jpg,upper-body clothes,333,213,213,0,333,0
17753,img/img_00109663.jpg,upper-body clothes,310,184,248,64,442,132
17754,img/img_00109678.jpg,upper-body clothes,108,70,184,114,188,80
17755,img/img_00109689.jpg,upper-body clothes,179,68,138,70,283,104
17756,img/img_00109692.jpg,upper-body clothes,111,29,160,131,161,50
17757,img/img_00109706.jpg,upper-body clothes,250,110,215,105,452,202
17758,img/img_00109714.jpg,lower-body clothes,304,413,413,0,304,0
17759,img/img_00109715.jpg,lower-body clothes,118,186,427,241,220,102
17760,img/img_00109719.jpg,lower-body clothes,184,62,195,133,260,76
17761,img/img_00109720.jpg,lower-body clothes,228,25,109,84,259,31
17762,img/img_00109740.jpg,upper-body clothes,30,130,130,0,30,0
17763,img/img_00109743.jpg,upper-body clothes,123,93,93,0,123,0
17764,img/img_00109749.jpg,upper-body clothes,193,116,238,122,330,137
17765,img/img_00109751.jpg,upper-body clothes,105,142,142,0,105,0
17766,img/img_00109753.jpg,upper-body clothes,99,50,109,59,158,59
17767,img/img_00109755.jpg,full-body clothes,261,158,200,42,347,86
17768,img/img_00109765.jpg,full-body clothes,167,96,162,66,228,61
17769,img/img_00109768.jpg,full-body clothes,237,150,185,35,325,88
17770,img/img_00109786.jpg,upper-body clothes,283,123,232,109,431,148
17771,img/img_00109787.jpg,upper-body clothes,95,89,173,84,184,89
17772,img/img_00109788.jpg,upper-body clothes,169,96,423,327,328,159
17773,img/img_00109791.jpg,upper-body clothes,180,107,180,73,304,124
17774,img/img_00109793.jpg,upper-body clothes,201,129,200,71,282,81
17775,img/img_00109797.jpg,upper-body clothes,156,111,303,192,280,124
17776,img/img_00109798.jpg,upper-body clothes,158,108,198,90,336,178
17777,img/img_00109805.jpg,upper-body clothes,107,60,207,147,213,106
17778,img/img_00109808.jpg,upper-body clothes,238,61,183,122,341,103
17779,img/img_00109810.jpg,upper-body clothes,136,61,133,72,202,66
17780,img/img_00109817.jpg,upper-body clothes,188,50,166,116,330,142
17781,img/img_00109827.jpg,upper-body clothes,343,123,206,83,469,126
17782,img/img_00109834.jpg,upper-body clothes,269,184,273,89,394,125
17783,img/img_00109835.jpg,upper-body clothes,166,38,123,85,245,79
17784,img/img_00109846.jpg,upper-body clothes,305,195,317,122,449,144
17785,img/img_00109848.jpg,upper-body clothes,287,230,296,66,431,144
17786,img/img_00109849.jpg,upper-body clothes,261,89,207,118,371,110
17787,img/img_00109852.jpg,upper-body clothes,216,140,228,88,370,154
17788,img/img_00109858.jpg,upper-body clothes,305,178,227,49,486,181
17789,img/img_00109864.jpg,upper-body clothes,200,34,160,126,301,101
17790,img/img_00109870.jpg,upper-body clothes,120,459,459,0,120,0
17791,img/img_00109887.jpg,upper-body clothes,196,69,184,115,319,123
17792,img/img_00109892.jpg,upper-body clothes,264,159,197,38,383,119
17793,img/img_00109894.jpg,upper-body clothes,219,157,229,72,364,145
17794,img/img_00109896.jpg,upper-body clothes,303,178,220,42,430,127
17795,img/img_00109918.jpg,upper-body clothes,208,111,134,23,302,94
17796,img/img_00109922.jpg,upper-body clothes,123,78,150,72,204,81
17797,img/img_00109924.jpg,upper-body clothes,470,291,291,0,470,0
17798,img/img_00109925.jpg,upper-body clothes,511,335,335,0,511,0
17799,img/img_00109936.jpg,upper-body clothes,302,106,245,139,397,95
17800,img/img_00109942.jpg,upper-body clothes,486,298,298,0,486,0
17801,img/img_00109964.jpg,upper-body clothes,327,118,233,115,423,96
17802,img/img_00109966.jpg,upper-body clothes,169,75,158,83,223,54
17803,img/img_00109972.jpg,upper-body clothes,243,288,288,0,243,0
17804,img/img_00109975.jpg,upper-body clothes,431,382,382,0,431,0
17805,img/img_00109981.jpg,upper-body clothes,292,152,278,126,435,143
17806,img/img_00109985.jpg,upper-body clothes,151,468,468,0,151,0
17807,img/img_00109987.jpg,upper-body clothes,302,145,256,111,453,151
17808,img/img_00109991.jpg,upper-body clothes,335,128,210,82,439,104
17809,img/img_00109995.jpg,upper-body clothes,279,182,182,0,279,0
17810,img/img_00110005.jpg,full-body clothes,467,71,230,159,487,20
17811,img/img_00110006.jpg,full-body clothes,425,109,242,133,499,74
17812,img/img_00110010.jpg,full-body clothes,497,264,264,0,497,0
17813,img/img_00110017.jpg,full-body clothes,240,310,310,0,240,0
17814,img/img_00110019.jpg,full-body clothes,388,64,248,184,444,56
17815,img/img_00110026.jpg,full-body clothes,303,341,341,0,303,0
17816,img/img_00110027.jpg,full-body clothes,128,279,279,0,128,0
17817,img/img_00110033.jpg,full-body clothes,344,89,284,195,430,86
17818,img/img_00110037.jpg,upper-body clothes,441,281,281,0,441,0
17819,img/img_00110048.jpg,upper-body clothes,74,58,219,161,187,113
17820,img/img_00110052.jpg,upper-body clothes,62,173,173,0,62,0
17821,img/img_00110064.jpg,upper-body clothes,443,174,174,0,443,0
17822,img/img_00110067.jpg,upper-body clothes,113,71,215,144,245,132
17823,img/img_00110068.jpg,upper-body clothes,202,212,212,0,202,0
17824,img/img_00110072.jpg,upper-body clothes,273,68,220,152,401,128
17825,img/img_00110091.jpg,full-body clothes,201,88,190,102,288,87
17826,img/img_00110092.jpg,full-body clothes,235,93,187,94,313,78
17827,img/img_00110101.jpg,full-body clothes,314,179,284,105,445,131
17828,img/img_00110102.jpg,full-body clothes,294,156,286,130,431,137
17829,img/img_00110106.jpg,full-body clothes,187,90,203,113,268,81
17830,img/img_00110115.jpg,full-body clothes,315,139,214,75,440,125
17831,img/img_00110120.jpg,full-body clothes,163,89,143,54,223,60
17832,img/img_00110144.jpg,full-body clothes,378,179,278,99,453,75
17833,img/img_00110145.jpg,full-body clothes,142,61,97,36,170,28
17834,img/img_00110151.jpg,full-body clothes,202,106,247,141,240,38
17835,img/img_00110152.jpg,full-body clothes,123,321,321,0,123,0
17836,img/img_00110153.jpg,full-body clothes,263,98,203,105,347,84
17837,img/img_00110160.jpg,full-body clothes,408,100,225,125,487,79
17838,img/img_00110167.jpg,full-body clothes,328,101,230,129,425,97
17839,img/img_00110171.jpg,upper-body clothes,322,187,280,93,460,138
17840,img/img_00110174.jpg,upper-body clothes,194,142,298,156,331,137
17841,img/img_00110175.jpg,upper-body clothes,128,162,162,0,128,0
17842,img/img_00110188.jpg,upper-body clothes,214,152,232,80,338,124
17843,img/img_00110190.jpg,upper-body clothes,408,162,308,146,453,45
17844,img/img_00110205.jpg,full-body clothes,275,113,257,144,363,88
17845,img/img_00110206.jpg,full-body clothes,204,93,154,61,259,55
17846,img/img_00110207.jpg,full-body clothes,327,125,417,292,431,104
17847,img/img_00110218.jpg,upper-body clothes,261,170,251,81,442,181
17848,img/img_00110220.jpg,upper-body clothes,263,159,216,57,421,158
17849,img/img_00110232.jpg,upper-body clothes,128,87,145,58,191,63
17850,img/img_00110243.jpg,upper-body clothes,134,123,290,167,274,140
17851,img/img_00110249.jpg,upper-body clothes,208,153,200,47,316,108
17852,img/img_00110252.jpg,upper-body clothes,269,173,173,0,269,0
17853,img/img_00110255.jpg,upper-body clothes,227,195,195,0,227,0
17854,img/img_00110269.jpg,full-body clothes,327,124,414,290,431,104
17855,img/img_00110271.jpg,full-body clothes,241,141,288,147,321,80
17856,img/img_00110276.jpg,full-body clothes,280,127,235,108,353,73
17857,img/img_00110280.jpg,full-body clothes,275,125,238,113,372,97
17858,img/img_00110294.jpg,full-body clothes,231,66,137,71,325,94
17859,img/img_00110299.jpg,upper-body clothes,289,104,283,179,430,141
17860,img/img_00110300.jpg,upper-body clothes,296,29,190,161,382,86
17861,img/img_00110311.jpg,full-body clothes,239,59,149,90,322,83
17862,img/img_00110314.jpg,full-body clothes,123,72,163,91,176,53
17863,img/img_00110318.jpg,full-body clothes,149,80,189,109,197,48
17864,img/img_00110329.jpg,full-body clothes,322,294,294,0,322,0
17865,img/img_00110340.jpg,upper-body clothes,249,157,227,70,289,40
17866,img/img_00110341.jpg,upper-body clothes,83,102,102,0,83,0
17867,img/img_00110348.jpg,upper-body clothes,381,181,305,124,418,37
17868,img/img_00110350.jpg,upper-body clothes,154,78,149,71,180,26
17869,img/img_00110352.jpg,upper-body clothes,298,176,343,167,450,152
17870,img/img_00110357.jpg,upper-body clothes,263,174,234,60,384,121
17871,img/img_00110359.jpg,upper-body clothes,249,140,280,140,335,86
17872,img/img_00110366.jpg,upper-body clothes,419,205,226,21,498,79
17873,img/img_00110367.jpg,upper-body clothes,487,310,310,0,487,0
17874,img/img_00110374.jpg,upper-body clothes,388,168,282,114,494,106
17875,img/img_00110383.jpg,upper-body clothes,214,218,218,0,214,0
17876,img/img_00110387.jpg,upper-body clothes,360,74,190,116,469,109
17877,img/img_00110393.jpg,upper-body clothes,349,164,229,65,457,108
17878,img/img_00110395.jpg,upper-body clothes,194,109,241,132,286,92
17879,img/img_00110397.jpg,upper-body clothes,301,72,218,146,384,83
17880,img/img_00110403.jpg,upper-body clothes,89,60,138,78,136,47
17881,img/img_00110404.jpg,upper-body clothes,221,88,187,99,304,83
17882,img/img_00110413.jpg,upper-body clothes,165,109,152,43,250,85
17883,img/img_00110415.jpg,upper-body clothes,295,184,299,115,343,48
17884,img/img_00110420.jpg,upper-body clothes,312,239,268,29,450,138
17885,img/img_00110427.jpg,full-body clothes,246,172,249,77,375,129
17886,img/img_00110428.jpg,full-body clothes,354,188,188,0,354,0
17887,img/img_00110429.jpg,full-body clothes,205,115,231,116,268,63
17888,img/img_00110435.jpg,full-body clothes,272,158,264,106,353,81
17889,img/img_00110439.jpg,full-body clothes,389,161,264,103,471,82
17890,img/img_00110442.jpg,full-body clothes,156,100,174,74,220,64
17891,img/img_00110453.jpg,full-body clothes,240,90,198,108,331,91
17892,img/img_00110455.jpg,upper-body clothes,378,275,328,53,420,42
17893,img/img_00110463.jpg,upper-body clothes,141,91,129,38,202,61
17894,img/img_00110480.jpg,upper-body clothes,305,230,373,143,453,148
17895,img/img_00110503.jpg,upper-body clothes,358,97,265,168,482,124
17896,img/img_00110507.jpg,upper-body clothes,314,132,160,28,450,136
17897,img/img_00110508.jpg,upper-body clothes,203,131,131,0,203,0
17898,img/img_00110516.jpg,upper-body clothes,338,213,468,255,395,57
17899,img/img_00110518.jpg,upper-body clothes,265,77,152,75,351,86
17900,img/img_00110536.jpg,upper-body clothes,492,258,258,0,492,0
17901,img/img_00110543.jpg,upper-body clothes,220,144,223,79,281,61
17902,img/img_00110548.jpg,upper-body clothes,335,276,308,32,423,88
17903,img/img_00110551.jpg,upper-body clothes,214,121,275,154,360,146
17904,img/img_00110563.jpg,upper-body clothes,231,76,222,146,366,135
17905,img/img_00110568.jpg,upper-body clothes,212,87,220,133,341,129
17906,img/img_00110570.jpg,upper-body clothes,133,112,153,41,203,70
17907,img/img_00110575.jpg,upper-body clothes,284,258,324,66,421,137
17908,img/img_00110584.jpg,upper-body clothes,192,49,195,146,258,66
17909,img/img_00110585.jpg,upper-body clothes,292,179,256,77,446,154
17910,img/img_00110589.jpg,upper-body clothes,184,87,160,73,282,98
17911,img/img_00110594.jpg,upper-body clothes,177,86,197,111,245,68
17912,img/img_00110601.jpg,upper-body clothes,175,124,223,99,333,158
17913,img/img_00110614.jpg,upper-body clothes,140,76,141,65,213,73
17914,img/img_00110615.jpg,upper-body clothes,115,44,169,125,172,57
17915,img/img_00110644.jpg,full-body clothes,291,102,188,86,377,86
17916,img/img_00110648.jpg,full-body clothes,221,57,186,129,269,48
17917,img/img_00110656.jpg,full-body clothes,285,103,227,124,365,80
17918,img/img_00110670.jpg,upper-body clothes,355,128,210,82,471,116
17919,img/img_00110674.jpg,upper-body clothes,150,36,189,153,203,53
17920,img/img_00110675.jpg,upper-body clothes,362,162,281,119,488,126
17921,img/img_00110680.jpg,upper-body clothes,375,306,306,0,375,0
17922,img/img_00110683.jpg,upper-body clothes,136,88,106,18,242,106
17923,img/img_00110687.jpg,upper-body clothes,266,101,204,103,399,133
17924,img/img_00110689.jpg,upper-body clothes,297,103,233,130,388,91
17925,img/img_00110705.jpg,upper-body clothes,250,134,199,65,392,142
17926,img/img_00110712.jpg,upper-body clothes,404,261,387,126,442,38
17927,img/img_00110718.jpg,upper-body clothes,238,173,249,76,334,96
17928,img/img_00110730.jpg,upper-body clothes,197,87,441,354,249,52
17929,img/img_00110736.jpg,upper-body clothes,129,81,202,121,228,99
17930,img/img_00110744.jpg,upper-body clothes,218,193,313,120,361,143
17931,img/img_00110746.jpg,upper-body clothes,241,110,191,81,369,128
17932,img/img_00110752.jpg,upper-body clothes,380,172,286,114,499,119
17933,img/img_00110755.jpg,upper-body clothes,340,235,235,0,340,0
17934,img/img_00110764.jpg,upper-body clothes,238,104,305,201,352,114
17935,img/img_00110772.jpg,upper-body clothes,135,101,205,104,178,43
17936,img/img_00110774.jpg,full-body clothes,257,136,253,117,349,92
17937,img/img_00110775.jpg,full-body clothes,244,114,235,121,337,93
17938,img/img_00110777.jpg,full-body clothes,445,368,368,0,445,0
17939,img/img_00110778.jpg,full-body clothes,479,271,271,0,479,0
17940,img/img_00110783.jpg,full-body clothes,332,120,223,103,441,109
17941,img/img_00110784.jpg,full-body clothes,289,81,219,138,369,80
17942,img/img_00110789.jpg,full-body clothes,288,243,243,0,288,0
17943,img/img_00110795.jpg,full-body clothes,222,106,175,69,333,111
17944,img/img_00110798.jpg,full-body clothes,255,111,200,89,324,69
17945,img/img_00110800.jpg,full-body clothes,342,223,305,82,469,127
17946,img/img_00110802.jpg,full-body clothes,226,129,211,82,320,94
17947,img/img_00110803.jpg,full-body clothes,220,82,270,188,301,81
17948,img/img_00110808.jpg,full-body clothes,219,187,258,71,313,94
17949,img/img_00110835.jpg,upper-body clothes,342,100,275,175,472,130
17950,img/img_00110840.jpg,upper-body clothes,114,68,148,80,160,46
17951,img/img_00110846.jpg,full-body clothes,270,123,229,106,305,35
17952,img/img_00110867.jpg,full-body clothes,211,156,156,0,211,0
17953,img/img_00110871.jpg,full-body clothes,288,309,309,0,288,0
17954,img/img_00110872.jpg,full-body clothes,292,301,301,0,292,0
17955,img/img_00110874.jpg,full-body clothes,268,121,225,104,353,85
17956,img/img_00110877.jpg,full-body clothes,205,257,257,0,205,0
17957,img/img_00110881.jpg,upper-body clothes,133,79,130,51,227,94
17958,img/img_00110884.jpg,upper-body clothes,179,124,244,120,269,90
17959,img/img_00110885.jpg,upper-body clothes,105,84,256,172,184,79
17960,img/img_00110896.jpg,upper-body clothes,188,239,239,0,188,0
17961,img/img_00110904.jpg,upper-body clothes,19,125,125,0,19,0
17962,img/img_00110912.jpg,upper-body clothes,79,53,90,37,124,45
17963,img/img_00110919.jpg,full-body clothes,165,72,138,66,206,41
17964,img/img_00110922.jpg,full-body clothes,111,54,127,73,158,47
17965,img/img_00110927.jpg,full-body clothes,325,151,288,137,475,150
17966,img/img_00110929.jpg,full-body clothes,149,60,149,89,210,61
17967,img/img_00110931.jpg,full-body clothes,253,164,184,20,346,93
17968,img/img_00110933.jpg,full-body clothes,309,119,260,141,428,119
17969,img/img_00110942.jpg,full-body clothes,353,94,252,158,482,129
17970,img/img_00110952.jpg,lower-body clothes,109,240,252,12,122,13
17971,img/img_00110954.jpg,lower-body clothes,450,451,451,0,450,0
17972,img/img_00110955.jpg,lower-body clothes,108,171,261,90,398,290
17973,img/img_00110957.jpg,full-body clothes,209,61,171,110,276,67
17974,img/img_00110958.jpg,full-body clothes,412,153,208,55,496,84
17975,img/img_00110963.jpg,full-body clothes,163,84,140,56,228,65
17976,img/img_00110965.jpg,full-body clothes,233,108,172,64,317,84
17977,img/img_00110976.jpg,upper-body clothes,239,55,193,138,394,155
17978,img/img_00110984.jpg,upper-body clothes,223,39,128,89,378,155
17979,img/img_00110988.jpg,upper-body clothes,147,68,114,46,221,74
17980,img/img_00110989.jpg,upper-body clothes,150,30,204,174,222,72
17981,img/img_00110992.jpg,full-body clothes,360,62,256,194,481,121
17982,img/img_00111002.jpg,full-body clothes,361,86,199,113,502,141
17983,img/img_00111007.jpg,full-body clothes,168,128,211,83,277,109
17984,img/img_00111011.jpg,upper-body clothes,372,463,463,0,372,0
17985,img/img_00111018.jpg,upper-body clothes,246,240,240,0,246,0
17986,img/img_00111019.jpg,upper-body clothes,234,288,288,0,234,0
17987,img/img_00111029.jpg,full-body clothes,210,33,172,139,282,72
17988,img/img_00111036.jpg,lower-body clothes,141,148,238,90,411,270
17989,img/img_00111037.jpg,lower-body clothes,75,121,159,38,299,224
17990,img/img_00111042.jpg,lower-body clothes,67,101,207,106,283,216
17991,img/img_00111043.jpg,lower-body clothes,47,73,114,41,198,151
17992,img/img_00111049.jpg,upper-body clothes,225,113,226,113,319,94
17993,img/img_00111051.jpg,upper-body clothes,354,146,226,80,484,130
17994,img/img_00111052.jpg,upper-body clothes,110,75,135,60,176,66
17995,img/img_00111054.jpg,upper-body clothes,271,75,182,107,361,90
17996,img/img_00111057.jpg,full-body clothes,243,93,171,78,316,73
17997,img/img_00111064.jpg,full-body clothes,302,79,243,164,398,96
17998,img/img_00111068.jpg,full-body clothes,374,66,131,65,491,117
17999,img/img_00111078.jpg,full-body clothes,197,82,174,92,262,65
18000,img/img_00111079.jpg,full-body clothes,294,162,266,104,430,136
18001,img/img_00111081.jpg,full-body clothes,220,186,186,0,220,0
18002,img/img_00111083.jpg,full-body clothes,332,161,246,85,455,123
18003,img/img_00111089.jpg,full-body clothes,171,97,196,99,251,80
18004,img/img_00111091.jpg,lower-body clothes,421,173,231,58,431,10
18005,img/img_00111094.jpg,lower-body clothes,224,105,232,127,454,230
18006,img/img_00111106.jpg,lower-body clothes,382,108,262,154,413,31
18007,img/img_00111111.jpg,lower-body clothes,246,85,216,131,450,204
18008,img/img_00111120.jpg,lower-body clothes,136,177,261,84,440,304
18009,img/img_00111128.jpg,full-body clothes,184,113,130,17,269,85
18010,img/img_00111135.jpg,full-body clothes,325,145,227,82,447,122
18011,img/img_00111138.jpg,full-body clothes,286,149,280,131,425,139
18012,img/img_00111139.jpg,full-body clothes,249,98,188,90,312,63
18013,img/img_00111140.jpg,full-body clothes,57,167,167,0,57,0
18014,img/img_00111141.jpg,full-body clothes,311,175,330,155,419,108
18015,img/img_00111144.jpg,full-body clothes,194,60,214,154,281,87
18016,img/img_00111148.jpg,lower-body clothes,208,34,185,151,433,225
18017,img/img_00111152.jpg,lower-body clothes,276,96,224,128,451,175
18018,img/img_00111153.jpg,lower-body clothes,370,124,239,115,410,40
18019,img/img_00111161.jpg,lower-body clothes,238,77,171,94,437,199
18020,img/img_00111176.jpg,full-body clothes,215,111,203,92,282,67
18021,img/img_00111179.jpg,full-body clothes,208,136,229,93,281,73
18022,img/img_00111184.jpg,full-body clothes,110,56,133,77,131,21
18023,img/img_00111185.jpg,upper-body clothes,228,102,240,138,277,49
18024,img/img_00111193.jpg,full-body clothes,324,69,179,110,444,120
18025,img/img_00111205.jpg,full-body clothes,360,109,252,143,447,87
18026,img/img_00111210.jpg,full-body clothes,507,301,301,0,507,0
18027,img/img_00111217.jpg,full-body clothes,148,193,193,0,148,0
18028,img/img_00111224.jpg,full-body clothes,390,145,253,108,468,78
18029,img/img_00111233.jpg,full-body clothes,313,131,297,166,399,86
18030,img/img_00111242.jpg,full-body clothes,280,165,269,104,358,78
18031,img/img_00111251.jpg,lower-body clothes,142,58,183,125,266,124
18032,img/img_00111266.jpg,lower-body clothes,235,75,180,105,252,17
18033,img/img_00111270.jpg,lower-body clothes,325,109,246,137,448,123
18034,img/img_00111274.jpg,lower-body clothes,307,182,182,0,307,0
18035,img/img_00111275.jpg,lower-body clothes,345,115,212,97,356,11
18036,img/img_00111276.jpg,lower-body clothes,24,254,254,0,24,0
18037,img/img_00111278.jpg,lower-body clothes,246,99,233,134,453,207
18038,img/img_00111290.jpg,full-body clothes,143,48,150,102,205,62
18039,img/img_00111295.jpg,full-body clothes,314,151,249,98,433,119
18040,img/img_00111297.jpg,full-body clothes,285,63,144,81,341,56
18041,img/img_00111303.jpg,full-body clothes,404,57,212,155,487,83
18042,img/img_00111307.jpg,full-body clothes,235,197,197,0,235,0
18043,img/img_00111319.jpg,full-body clothes,336,179,237,58,452,116
18044,img/img_00111328.jpg,full-body clothes,216,127,174,47,290,74
18045,img/img_00111332.jpg,full-body clothes,210,133,214,81,286,76
18046,img/img_00111346.jpg,upper-body clothes,148,72,150,78,232,84
18047,img/img_00111357.jpg,lower-body clothes,88,107,236,129,267,179
18048,img/img_00111358.jpg,lower-body clothes,93,109,154,45,102,9
18049,img/img_00111363.jpg,lower-body clothes,118,13,116,103,247,129
18050,img/img_00111366.jpg,lower-body clothes,426,156,182,26,441,15
18051,img/img_00111377.jpg,upper-body clothes,127,88,166,78,326,199
18052,img/img_00111384.jpg,full-body clothes,146,55,64,9,169,23
18053,img/img_00111385.jpg,full-body clothes,469,421,421,0,469,0
18054,img/img_00111398.jpg,lower-body clothes,68,56,128,72,208,140
18055,img/img_00111404.jpg,upper-body clothes,241,122,268,146,384,143
18056,img/img_00111405.jpg,upper-body clothes,131,65,236,171,228,97
18057,img/img_00111421.jpg,lower-body clothes,110,119,162,43,351,241
18058,img/img_00111424.jpg,lower-body clothes,64,95,221,126,262,198
18059,img/img_00111430.jpg,full-body clothes,309,208,277,69,429,120
18060,img/img_00111431.jpg,full-body clothes,202,110,152,42,269,67
18061,img/img_00111433.jpg,full-body clothes,220,96,129,33,285,65
18062,img/img_00111439.jpg,full-body clothes,219,35,102,67,279,60
18063,img/img_00111451.jpg,full-body clothes,295,76,148,72,369,74
18064,img/img_00111461.jpg,full-body clothes,356,93,234,141,444,88
18065,img/img_00111466.jpg,full-body clothes,194,51,188,137,276,82
18066,img/img_00111469.jpg,full-body clothes,370,148,238,90,454,84
18067,img/img_00111473.jpg,lower-body clothes,146,169,254,85,438,292
18068,img/img_00111477.jpg,lower-body clothes,95,123,166,43,288,193
18069,img/img_00111498.jpg,upper-body clothes,224,156,242,86,383,159
18070,img/img_00111506.jpg,upper-body clothes,345,260,260,0,345,0
18071,img/img_00111507.jpg,upper-body clothes,96,70,87,17,144,48
18072,img/img_00111509.jpg,upper-body clothes,285,223,324,101,467,182
18073,img/img_00111510.jpg,lower-body clothes,52,79,144,65,61,9
18074,img/img_00111520.jpg,lower-body clothes,332,254,254,0,332,0
18075,img/img_00111524.jpg,lower-body clothes,66,90,114,24,247,181
18076,img/img_00111527.jpg,lower-body clothes,113,153,236,83,364,251
18077,img/img_00111529.jpg,lower-body clothes,379,182,182,0,379,0
18078,img/img_00111530.jpg,lower-body clothes,163,30,144,114,469,306
18079,img/img_00111531.jpg,lower-body clothes,59,87,193,106,219,160
18080,img/img_00111539.jpg,full-body clothes,503,355,355,0,503,0
18081,img/img_00111545.jpg,full-body clothes,321,233,233,0,321,0
18082,img/img_00111550.jpg,full-body clothes,236,190,269,79,325,89
18083,img/img_00111552.jpg,full-body clothes,169,219,219,0,169,0
18084,img/img_00111554.jpg,full-body clothes,117,159,159,0,117,0
18085,img/img_00111562.jpg,upper-body clothes,268,88,164,76,403,135
18086,img/img_00111571.jpg,upper-body clothes,338,96,188,92,447,109
18087,img/img_00111576.jpg,upper-body clothes,403,351,382,31,438,35
18088,img/img_00111577.jpg,upper-body clothes,63,179,179,0,63,0
18089,img/img_00111595.jpg,upper-body clothes,280,263,263,0,280,0
18090,img/img_00111599.jpg,full-body clothes,413,118,223,105,489,76
18091,img/img_00111602.jpg,full-body clothes,388,112,162,50,470,82
18092,img/img_00111622.jpg,full-body clothes,231,76,174,98,295,64
18093,img/img_00111627.jpg,upper-body clothes,147,104,226,122,261,114
18094,img/img_00111630.jpg,upper-body clothes,163,114,213,99,247,84
18095,img/img_00111633.jpg,upper-body clothes,67,70,196,126,124,57
18096,img/img_00111635.jpg,upper-body clothes,275,173,345,172,431,156
18097,img/img_00111640.jpg,upper-body clothes,284,136,239,103,461,177
18098,img/img_00111663.jpg,lower-body clothes,37,332,332,0,37,0
18099,img/img_00111667.jpg,lower-body clothes,120,132,132,0,120,0
18100,img/img_00111674.jpg,lower-body clothes,193,135,135,0,193,0
18101,img/img_00111688.jpg,upper-body clothes,295,52,161,109,421,126
18102,img/img_00111702.jpg,lower-body clothes,252,166,166,0,252,0
18103,img/img_00111704.jpg,lower-body clothes,361,298,298,0,361,0
18104,img/img_00111722.jpg,upper-body clothes,367,303,303,0,367,0
18105,img/img_00111724.jpg,upper-body clothes,377,173,173,0,377,0
18106,img/img_00111730.jpg,upper-body clothes,202,63,182,119,280,78
18107,img/img_00111736.jpg,upper-body clothes,113,165,165,0,113,0
18108,img/img_00111741.jpg,lower-body clothes,52,82,299,217,279,227
18109,img/img_00111742.jpg,lower-body clothes,69,247,247,0,69,0
18110,img/img_00111748.jpg,lower-body clothes,221,94,94,0,221,0
18111,img/img_00111750.jpg,lower-body clothes,169,232,387,155,372,203
18112,img/img_00111753.jpg,lower-body clothes,97,143,462,319,155,58
18113,img/img_00111756.jpg,lower-body clothes,8,405,405,0,8,0
18114,img/img_00111762.jpg,upper-body clothes,134,47,118,71,195,61
18115,img/img_00111775.jpg,upper-body clothes,264,186,201,15,355,91
18116,img/img_00111781.jpg,upper-body clothes,153,158,158,0,153,0
18117,img/img_00111784.jpg,upper-body clothes,1,1,1,0,1,0
18118,img/img_00111792.jpg,upper-body clothes,180,62,122,60,232,52
18119,img/img_00111794.jpg,upper-body clothes,218,177,177,0,218,0
18120,img/img_00111806.jpg,upper-body clothes,201,123,123,0,201,0
18121,img/img_00111807.jpg,upper-body clothes,473,284,284,0,473,0
18122,img/img_00111808.jpg,upper-body clothes,332,209,209,0,332,0
18123,img/img_00111812.jpg,upper-body clothes,65,43,251,208,250,185
18124,img/img_00111814.jpg,upper-body clothes,198,64,202,138,287,89
18125,img/img_00111818.jpg,upper-body clothes,225,188,249,61,381,156
18126,img/img_00111820.jpg,upper-body clothes,121,86,207,121,218,97
18127,img/img_00111821.jpg,upper-body clothes,186,189,189,0,186,0
18128,img/img_00111836.jpg,upper-body clothes,223,121,197,76,316,93
18129,img/img_00111838.jpg,upper-body clothes,238,213,259,46,396,158
18130,img/img_00111839.jpg,upper-body clothes,284,184,251,67,421,137
18131,img/img_00111840.jpg,upper-body clothes,118,53,165,112,164,46
18132,img/img_00111842.jpg,upper-body clothes,60,45,192,147,107,47
18133,img/img_00111843.jpg,upper-body clothes,431,432,432,0,431,0
18134,img/img_00111845.jpg,upper-body clothes,341,177,257,80,467,126
18135,img/img_00111848.jpg,upper-body clothes,103,64,141,77,164,61
18136,img/img_00111853.jpg,upper-body clothes,137,75,246,171,229,92
18137,img/img_00111868.jpg,upper-body clothes,184,173,173,0,184,0
18138,img/img_00111870.jpg,upper-body clothes,396,184,184,0,396,0
18139,img/img_00111871.jpg,upper-body clothes,164,68,423,355,246,82
18140,img/img_00111883.jpg,upper-body clothes,104,48,221,173,237,133
18141,img/img_00111896.jpg,upper-body clothes,202,131,205,74,320,118
18142,img/img_00111897.jpg,upper-body clothes,266,128,237,109,375,109
18143,img/img_00111898.jpg,upper-body clothes,498,313,313,0,498,0
18144,img/img_00111901.jpg,upper-body clothes,200,138,323,185,300,100
18145,img/img_00111905.jpg,upper-body clothes,62,58,95,37,89,27
18146,img/img_00111918.jpg,upper-body clothes,384,252,297,45,415,31
18147,img/img_00111923.jpg,upper-body clothes,137,89,150,61,213,76
18148,img/img_00111931.jpg,upper-body clothes,436,331,331,0,436,0
18149,img/img_00111935.jpg,upper-body clothes,362,362,362,0,362,0
18150,img/img_00111949.jpg,full-body clothes,231,25,123,98,298,67
18151,img/img_00111951.jpg,full-body clothes,171,105,168,63,225,54
18152,img/img_00111959.jpg,full-body clothes,347,248,287,39,459,112
18153,img/img_00111976.jpg,full-body clothes,189,109,187,78,252,63
18154,img/img_00111982.jpg,full-body clothes,329,159,258,99,427,98
18155,img/img_00111988.jpg,full-body clothes,459,314,314,0,459,0
18156,img/img_00111992.jpg,full-body clothes,322,148,248,100,409,87
18157,img/img_00111997.jpg,lower-body clothes,68,48,138,90,223,155
18158,img/img_00111999.jpg,lower-body clothes,124,108,173,65,296,172
18159,img/img_00112008.jpg,lower-body clothes,107,192,192,0,107,0
18160,img/img_00112010.jpg,lower-body clothes,93,105,137,32,245,152
18161,img/img_00112019.jpg,full-body clothes,191,249,249,0,191,0
18162,img/img_00112023.jpg,full-body clothes,115,79,79,0,115,0
18163,img/img_00112034.jpg,full-body clothes,133,74,140,66,190,57
18164,img/img_00112038.jpg,full-body clothes,216,479,479,0,216,0
18165,img/img_00112039.jpg,full-body clothes,382,279,279,0,382,0
18166,img/img_00112044.jpg,full-body clothes,121,84,210,126,162,41
18167,img/img_00112055.jpg,full-body clothes,214,50,260,210,299,85
18168,img/img_00112061.jpg,full-body clothes,130,69,141,72,185,55
18169,img/img_00112063.jpg,full-body clothes,140,228,228,0,140,0
18170,img/img_00112064.jpg,full-body clothes,341,51,214,163,473,132
18171,img/img_00112066.jpg,full-body clothes,120,138,138,0,120,0
18172,img/img_00112071.jpg,upper-body clothes,355,165,317,152,474,119
18173,img/img_00112072.jpg,upper-body clothes,213,149,472,323,303,90
18174,img/img_00112073.jpg,upper-body clothes,243,44,196,152,384,141
18175,img/img_00112074.jpg,upper-body clothes,103,67,185,118,172,69
18176,img/img_00112081.jpg,upper-body clothes,92,254,254,0,92,0
18177,img/img_00112083.jpg,upper-body clothes,439,378,378,0,439,0
18178,img/img_00112089.jpg,lower-body clothes,137,450,450,0,137,0
18179,img/img_00112092.jpg,lower-body clothes,120,169,339,170,217,97
18180,img/img_00112094.jpg,lower-body clothes,103,158,284,126,455,352
18181,img/img_00112101.jpg,lower-body clothes,234,140,265,125,457,223
18182,img/img_00112107.jpg,lower-body clothes,63,97,156,59,223,160
18183,img/img_00112110.jpg,lower-body clothes,73,43,247,204,275,202
18184,img/img_00112113.jpg,full-body clothes,119,254,254,0,119,0
18185,img/img_00112114.jpg,full-body clothes,412,136,271,135,491,79
18186,img/img_00112122.jpg,full-body clothes,263,303,303,0,263,0
18187,img/img_00112124.jpg,full-body clothes,416,110,234,124,500,84
18188,img/img_00112131.jpg,full-body clothes,330,61,183,122,418,88
18189,img/img_00112134.jpg,full-body clothes,225,328,328,0,225,0
18190,img/img_00112147.jpg,full-body clothes,293,86,275,189,447,154
18191,img/img_00112155.jpg,full-body clothes,342,308,308,0,342,0
18192,img/img_00112165.jpg,upper-body clothes,321,104,214,110,451,130
18193,img/img_00112174.jpg,upper-body clothes,186,74,172,98,262,76
18194,img/img_00112184.jpg,upper-body clothes,209,63,221,158,275,66
18195,img/img_00112186.jpg,upper-body clothes,311,218,279,61,433,122
18196,img/img_00112191.jpg,upper-body clothes,326,141,248,107,394,68
18197,img/img_00112196.jpg,upper-body clothes,274,179,283,104,401,127
18198,img/img_00112199.jpg,full-body clothes,136,78,208,130,191,55
18199,img/img_00112200.jpg,full-body clothes,323,91,250,159,438,115
18200,img/img_00112214.jpg,full-body clothes,353,384,384,0,353,0
18201,img/img_00112225.jpg,full-body clothes,246,113,203,90,339,93
18202,img/img_00112230.jpg,lower-body clothes,327,482,494,12,329,2
18203,img/img_00112232.jpg,lower-body clothes,86,132,195,63,316,230
18204,img/img_00112245.jpg,lower-body clothes,142,148,278,130,484,342
18205,img/img_00112249.jpg,upper-body clothes,160,98,98,0,160,0
18206,img/img_00112250.jpg,upper-body clothes,134,113,133,20,154,20
18207,img/img_00112256.jpg,upper-body clothes,151,175,175,0,151,0
18208,img/img_00112257.jpg,upper-body clothes,273,345,374,29,396,123
18209,img/img_00112266.jpg,upper-body clothes,253,394,394,0,253,0
18210,img/img_00112271.jpg,upper-body clothes,242,170,179,9,244,2
18211,img/img_00112273.jpg,upper-body clothes,153,69,69,0,153,0
18212,img/img_00112286.jpg,full-body clothes,280,102,216,114,371,91
18213,img/img_00112295.jpg,full-body clothes,374,87,207,120,477,103
18214,img/img_00112304.jpg,lower-body clothes,154,94,207,113,356,202
18215,img/img_00112309.jpg,lower-body clothes,1,1,1,0,1,0
18216,img/img_00112312.jpg,lower-body clothes,33,209,209,0,33,0
18217,img/img_00112318.jpg,lower-body clothes,316,309,309,0,316,0
18218,img/img_00112325.jpg,full-body clothes,179,100,201,101,246,67
18219,img/img_00112338.jpg,upper-body clothes,127,85,191,106,237,110
18220,img/img_00112341.jpg,upper-body clothes,216,110,223,113,339,123
18221,img/img_00112344.jpg,upper-body clothes,208,92,215,123,278,70
18222,img/img_00112348.jpg,upper-body clothes,126,54,103,49,188,62
18223,img/img_00112362.jpg,full-body clothes,359,54,177,123,495,136
18224,img/img_00112368.jpg,full-body clothes,182,61,144,83,240,58
18225,img/img_00112370.jpg,full-body clothes,204,116,167,51,297,93
18226,img/img_00112385.jpg,full-body clothes,392,93,221,128,472,80
18227,img/img_00112390.jpg,full-body clothes,231,120,149,29,319,88
18228,img/img_00112409.jpg,full-body clothes,206,114,235,121,308,102
18229,img/img_00112410.jpg,full-body clothes,303,170,285,115,422,119
18230,img/img_00112421.jpg,lower-body clothes,277,170,251,81,298,21
18231,img/img_00112426.jpg,lower-body clothes,245,45,146,101,262,17
18232,img/img_00112440.jpg,full-body clothes,354,32,216,184,444,90
18233,img/img_00112462.jpg,full-body clothes,321,207,297,90,444,123
18234,img/img_00112485.jpg,full-body clothes,445,472,472,0,445,0
18235,img/img_00112486.jpg,full-body clothes,158,27,155,128,215,57
18236,img/img_00112489.jpg,full-body clothes,287,41,142,101,345,58
18237,img/img_00112491.jpg,full-body clothes,309,85,191,106,366,57
18238,img/img_00112494.jpg,full-body clothes,380,92,217,125,462,82
18239,img/img_00112495.jpg,full-body clothes,407,103,269,166,489,82
18240,img/img_00112505.jpg,full-body clothes,342,91,230,139,508,166
18241,img/img_00112507.jpg,full-body clothes,421,126,235,109,504,83
18242,img/img_00112511.jpg,full-body clothes,301,86,231,145,468,167
18243,img/img_00112516.jpg,full-body clothes,386,172,277,105,458,72
18244,img/img_00112517.jpg,full-body clothes,328,259,259,0,328,0
18245,img/img_00112524.jpg,full-body clothes,322,171,218,47,344,22
18246,img/img_00112549.jpg,full-body clothes,304,80,228,148,472,168
18247,img/img_00112553.jpg,full-body clothes,358,90,209,119,443,85
18248,img/img_00112568.jpg,full-body clothes,409,462,462,0,409,0
18249,img/img_00112571.jpg,full-body clothes,248,140,241,101,290,42
18250,img/img_00112577.jpg,lower-body clothes,322,422,422,0,322,0
18251,img/img_00112579.jpg,lower-body clothes,218,82,190,108,260,42
18252,img/img_00112581.jpg,lower-body clothes,364,123,243,120,410,46
18253,img/img_00112586.jpg,lower-body clothes,331,109,233,124,361,30
18254,img/img_00112594.jpg,lower-body clothes,1,1,1,0,1,0
18255,img/img_00112601.jpg,lower-body clothes,1,1,1,0,1,0
18256,img/img_00112607.jpg,lower-body clothes,243,57,130,73,393,150
18257,img/img_00112617.jpg,full-body clothes,242,64,165,101,285,43
18258,img/img_00112624.jpg,full-body clothes,385,79,247,168,458,73
18259,img/img_00112638.jpg,lower-body clothes,231,70,107,37,392,161
18260,img/img_00112639.jpg,lower-body clothes,468,213,281,68,473,5
18261,img/img_00112640.jpg,lower-body clothes,314,122,258,136,504,190
18262,img/img_00112647.jpg,lower-body clothes,289,79,226,147,484,195
18263,img/img_00112656.jpg,full-body clothes,325,215,285,70,467,142
18264,img/img_00112661.jpg,full-body clothes,320,192,302,110,465,145
18265,img/img_00112666.jpg,full-body clothes,288,143,211,68,403,115
18266,img/img_00112670.jpg,lower-body clothes,224,318,395,77,250,26
18267,img/img_00112678.jpg,lower-body clothes,1,1,1,0,1,0
18268,img/img_00112681.jpg,lower-body clothes,231,246,269,23,293,62
18269,img/img_00112692.jpg,full-body clothes,391,95,231,136,460,69
18270,img/img_00112700.jpg,full-body clothes,392,142,234,92,466,74
18271,img/img_00112706.jpg,full-body clothes,224,133,275,142,301,77
18272,img/img_00112708.jpg,full-body clothes,311,337,337,0,311,0
18273,img/img_00112714.jpg,full-body clothes,210,171,314,143,291,81
18274,img/img_00112715.jpg,full-body clothes,181,106,165,59,252,71
18275,img/img_00112738.jpg,upper-body clothes,156,108,261,153,251,95
18276,img/img_00112739.jpg,upper-body clothes,190,79,241,162,224,34
18277,img/img_00112748.jpg,full-body clothes,404,186,284,98,480,76
18278,img/img_00112756.jpg,full-body clothes,366,78,281,203,446,80
18279,img/img_00112762.jpg,full-body clothes,374,208,278,70,496,122
18280,img/img_00112770.jpg,full-body clothes,202,93,217,124,292,90
18281,img/img_00112771.jpg,full-body clothes,265,150,241,91,334,69
18282,img/img_00112790.jpg,upper-body clothes,70,49,175,126,140,70
18283,img/img_00112793.jpg,upper-body clothes,340,143,246,103,464,124
18284,img/img_00112795.jpg,upper-body clothes,204,122,175,53,299,95
18285,img/img_00112798.jpg,upper-body clothes,190,96,207,111,295,105
18286,img/img_00112806.jpg,full-body clothes,419,283,283,0,419,0
18287,img/img_00112811.jpg,full-body clothes,256,170,211,41,378,122
18288,img/img_00112812.jpg,full-body clothes,327,278,326,48,472,145
18289,img/img_00112818.jpg,full-body clothes,447,320,320,0,447,0
18290,img/img_00112825.jpg,full-body clothes,308,180,236,56,414,106
18291,img/img_00112829.jpg,full-body clothes,186,72,233,161,248,62
18292,img/img_00112842.jpg,full-body clothes,218,232,232,0,218,0
18293,img/img_00112866.jpg,lower-body clothes,298,123,182,59,303,5
18294,img/img_00112867.jpg,lower-body clothes,408,114,219,105,426,18
18295,img/img_00112870.jpg,lower-body clothes,286,110,168,58,291,5
18296,img/img_00112874.jpg,lower-body clothes,123,71,436,365,298,175
18297,img/img_00112882.jpg,lower-body clothes,414,298,298,0,414,0
18298,img/img_00112893.jpg,full-body clothes,188,99,213,114,268,80
18299,img/img_00112904.jpg,lower-body clothes,429,62,225,163,447,18
18300,img/img_00112908.jpg,lower-body clothes,431,118,252,134,457,26
18301,img/img_00112909.jpg,lower-body clothes,276,106,261,155,462,186
18302,img/img_00112916.jpg,full-body clothes,291,129,228,99,473,182
18303,img/img_00112917.jpg,full-body clothes,346,160,319,159,475,129
18304,img/img_00112927.jpg,full-body clothes,401,262,262,0,401,0
18305,img/img_00112943.jpg,lower-body clothes,152,147,235,88,185,33
18306,img/img_00112945.jpg,lower-body clothes,195,163,266,103,236,41
18307,img/img_00112951.jpg,lower-body clothes,106,102,168,66,310,204
18308,img/img_00112962.jpg,upper-body clothes,126,78,153,75,196,70
18309,img/img_00112979.jpg,full-body clothes,282,109,317,208,319,37
18310,img/img_00112989.jpg,upper-body clothes,394,314,401,87,446,52
18311,img/img_00112990.jpg,upper-body clothes,256,170,281,111,391,135
18312,img/img_00112993.jpg,upper-body clothes,174,153,260,107,255,81
18313,img/img_00112995.jpg,upper-body clothes,288,81,159,78,378,90
18314,img/img_00113000.jpg,upper-body clothes,256,173,283,110,391,135
18315,img/img_00113001.jpg,upper-body clothes,213,296,296,0,213,0
18316,img/img_00113005.jpg,lower-body clothes,30,67,175,108,162,132
18317,img/img_00113007.jpg,lower-body clothes,69,103,189,86,275,206
18318,img/img_00113010.jpg,lower-body clothes,68,110,278,168,403,335
18319,img/img_00113016.jpg,lower-body clothes,55,381,381,0,55,0
18320,img/img_00113020.jpg,lower-body clothes,76,103,189,86,426,350
18321,img/img_00113030.jpg,upper-body clothes,217,441,441,0,217,0
18322,img/img_00113044.jpg,upper-body clothes,60,298,298,0,60,0
18323,img/img_00113047.jpg,upper-body clothes,313,213,316,103,480,167
18324,img/img_00113053.jpg,upper-body clothes,291,238,238,0,291,0
18325,img/img_00113067.jpg,full-body clothes,283,342,342,0,283,0
18326,img/img_00113072.jpg,full-body clothes,361,136,245,109,479,118
18327,img/img_00113073.jpg,full-body clothes,194,68,184,116,269,75
18328,img/img_00113091.jpg,upper-body clothes,136,115,176,61,156,20
18329,img/img_00113092.jpg,upper-body clothes,401,342,342,0,401,0
18330,img/img_00113105.jpg,lower-body clothes,144,67,106,39,162,18
18331,img/img_00113107.jpg,lower-body clothes,414,160,257,97,427,13
18332,img/img_00113121.jpg,lower-body clothes,306,121,206,85,324,18
18333,img/img_00113125.jpg,lower-body clothes,181,114,220,106,412,231
18334,img/img_00113127.jpg,lower-body clothes,414,184,292,108,436,22
18335,img/img_00113132.jpg,lower-body clothes,397,171,261,90,428,31
18336,img/img_00113144.jpg,lower-body clothes,238,85,223,138,456,218
18337,img/img_00113147.jpg,lower-body clothes,198,94,151,57,223,25
18338,img/img_00113148.jpg,lower-body clothes,421,183,277,94,443,22
18339,img/img_00113152.jpg,lower-body clothes,215,96,227,131,448,233
18340,img/img_00113153.jpg,lower-body clothes,121,53,127,74,216,95
18341,img/img_00113154.jpg,lower-body clothes,311,145,224,79,335,24
18342,img/img_00113161.jpg,lower-body clothes,165,65,162,97,172,7
18343,img/img_00113162.jpg,lower-body clothes,208,85,153,68,264,56
18344,img/img_00113165.jpg,upper-body clothes,171,104,213,109,280,109
18345,img/img_00113166.jpg,upper-body clothes,176,186,225,39,307,131
18346,img/img_00113169.jpg,upper-body clothes,223,143,241,98,374,151
18347,img/img_00113170.jpg,upper-body clothes,310,197,267,70,438,128
18348,img/img_00113172.jpg,upper-body clothes,293,191,341,150,344,51
18349,img/img_00113173.jpg,upper-body clothes,291,213,323,110,475,184
18350,img/img_00113175.jpg,upper-body clothes,148,103,265,162,263,115
18351,img/img_00113179.jpg,upper-body clothes,289,206,294,88,430,141
18352,img/img_00113195.jpg,lower-body clothes,182,146,243,97,475,293
18353,img/img_00113196.jpg,upper-body clothes,290,213,213,0,290,0
18354,img/img_00113206.jpg,lower-body clothes,116,168,421,253,350,234
18355,img/img_00113226.jpg,lower-body clothes,151,45,157,112,277,126
18356,img/img_00113228.jpg,lower-body clothes,210,115,207,92,463,253
18357,img/img_00113231.jpg,lower-body clothes,198,63,116,53,258,60
18358,img/img_00113232.jpg,lower-body clothes,476,156,156,0,476,0
18359,img/img_00113237.jpg,lower-body clothes,162,95,227,132,456,294
18360,img/img_00113241.jpg,lower-body clothes,172,85,225,140,200,28
18361,img/img_00113242.jpg,lower-body clothes,351,191,295,104,373,22
18362,img/img_00113254.jpg,full-body clothes,191,35,128,93,238,47
18363,img/img_00113255.jpg,full-body clothes,415,111,222,111,500,85
18364,img/img_00113259.jpg,full-body clothes,380,204,204,0,380,0
18365,img/img_00113266.jpg,upper-body clothes,228,102,310,208,327,99
18366,img/img_00113275.jpg,upper-body clothes,152,77,135,58,217,65
18367,img/img_00113280.jpg,upper-body clothes,152,56,118,62,223,71
18368,img/img_00113287.jpg,upper-body clothes,283,176,286,110,427,144
18369,img/img_00113292.jpg,upper-body clothes,269,59,159,100,295,26
18370,img/img_00113328.jpg,upper-body clothes,169,118,118,0,169,0
18371,img/img_00113332.jpg,upper-body clothes,99,61,158,97,148,49
18372,img/img_00113335.jpg,upper-body clothes,158,151,212,61,277,119
18373,img/img_00113337.jpg,upper-body clothes,116,303,303,0,116,0
18374,img/img_00113342.jpg,upper-body clothes,175,248,248,0,175,0
18375,img/img_00113345.jpg,upper-body clothes,134,78,150,72,217,83
18376,img/img_00113348.jpg,upper-body clothes,324,349,349,0,324,0
18377,img/img_00113352.jpg,upper-body clothes,157,97,171,74,236,79
18378,img/img_00113353.jpg,upper-body clothes,146,76,152,76,216,70
18379,img/img_00113359.jpg,upper-body clothes,142,119,271,152,242,100
18380,img/img_00113363.jpg,upper-body clothes,202,141,190,49,330,128
18381,img/img_00113375.jpg,full-body clothes,225,126,226,100,312,87
18382,img/img_00113381.jpg,full-body clothes,404,310,310,0,404,0
18383,img/img_00113382.jpg,full-body clothes,227,253,253,0,227,0
18384,img/img_00113389.jpg,lower-body clothes,293,95,189,94,344,51
18385,img/img_00113397.jpg,lower-body clothes,180,42,137,95,328,148
18386,img/img_00113408.jpg,lower-body clothes,300,204,204,0,300,0
18387,img/img_00113426.jpg,full-body clothes,261,103,215,112,349,88
18388,img/img_00113429.jpg,full-body clothes,184,423,423,0,184,0
18389,img/img_00113430.jpg,full-body clothes,150,93,447,354,347,197
18390,img/img_00113436.jpg,upper-body clothes,108,74,272,198,112,4
18391,img/img_00113441.jpg,upper-body clothes,88,89,163,74,156,68
18392,img/img_00113446.jpg,lower-body clothes,242,93,255,162,447,205
18393,img/img_00113463.jpg,lower-body clothes,207,91,146,55,211,4
18394,img/img_00113465.jpg,lower-body clothes,121,50,160,110,276,155
18395,img/img_00113475.jpg,full-body clothes,228,225,225,0,228,0
18396,img/img_00113478.jpg,full-body clothes,417,297,297,0,417,0
18397,img/img_00113480.jpg,full-body clothes,300,171,485,314,444,144
18398,img/img_00113481.jpg,full-body clothes,421,81,206,125,504,83
18399,img/img_00113491.jpg,full-body clothes,212,64,215,151,340,128
18400,img/img_00113494.jpg,full-body clothes,134,124,124,0,134,0
18401,img/img_00113499.jpg,full-body clothes,245,59,148,89,307,62
18402,img/img_00113503.jpg,full-body clothes,291,136,208,72,382,91
18403,img/img_00113504.jpg,full-body clothes,343,99,240,141,454,111
18404,img/img_00113517.jpg,upper-body clothes,368,439,439,0,368,0
18405,img/img_00113520.jpg,upper-body clothes,329,151,151,0,329,0
18406,img/img_00113524.jpg,upper-body clothes,480,257,257,0,480,0
18407,img/img_00113526.jpg,upper-body clothes,255,359,359,0,255,0
18408,img/img_00113531.jpg,upper-body clothes,212,265,265,0,212,0
18409,img/img_00113547.jpg,full-body clothes,373,147,257,110,496,123
18410,img/img_00113557.jpg,full-body clothes,423,476,476,0,423,0
18411,img/img_00113561.jpg,lower-body clothes,79,434,434,0,79,0
18412,img/img_00113564.jpg,lower-body clothes,218,218,226,8,242,24
18413,img/img_00113571.jpg,lower-body clothes,12,172,172,0,12,0
18414,img/img_00113582.jpg,upper-body clothes,37,163,163,0,37,0
18415,img/img_00113585.jpg,upper-body clothes,134,151,151,0,134,0
18416,img/img_00113597.jpg,upper-body clothes,168,68,254,186,319,151
18417,img/img_00113604.jpg,upper-body clothes,421,274,274,0,421,0
18418,img/img_00113605.jpg,upper-body clothes,203,126,246,120,282,79
18419,img/img_00113617.jpg,upper-body clothes,319,220,220,0,319,0
18420,img/img_00113629.jpg,full-body clothes,271,192,248,56,380,109
18421,img/img_00113633.jpg,upper-body clothes,13,115,115,0,13,0
18422,img/img_00113636.jpg,upper-body clothes,275,317,317,0,275,0
18423,img/img_00113664.jpg,lower-body clothes,384,117,324,207,422,38
18424,img/img_00113669.jpg,upper-body clothes,231,104,213,109,341,110
18425,img/img_00113672.jpg,upper-body clothes,234,106,202,96,351,117
18426,img/img_00113689.jpg,upper-body clothes,173,195,195,0,173,0
18427,img/img_00113692.jpg,upper-body clothes,477,313,313,0,477,0
18428,img/img_00113704.jpg,full-body clothes,202,34,186,152,302,100
18429,img/img_00113707.jpg,full-body clothes,172,100,303,203,274,102
18430,img/img_00113710.jpg,full-body clothes,205,110,210,100,282,77
18431,img/img_00113719.jpg,upper-body clothes,254,136,252,116,374,120
18432,img/img_00113727.jpg,upper-body clothes,266,206,275,69,448,182
18433,img/img_00113732.jpg,upper-body clothes,240,109,242,133,347,107
18434,img/img_00113736.jpg,upper-body clothes,182,73,225,152,319,137
18435,img/img_00113740.jpg,upper-body clothes,260,65,177,112,375,115
18436,img/img_00113755.jpg,full-body clothes,170,102,221,119,244,74
18437,img/img_00113763.jpg,lower-body clothes,297,157,247,90,302,5
18438,img/img_00113765.jpg,lower-body clothes,148,53,184,131,162,14
18439,img/img_00113766.jpg,lower-body clothes,171,70,129,59,175,4
18440,img/img_00113768.jpg,lower-body clothes,350,114,207,93,369,19
18441,img/img_00113770.jpg,lower-body clothes,426,60,223,163,446,20
18442,img/img_00113778.jpg,lower-body clothes,53,300,300,0,53,0
18443,img/img_00113782.jpg,lower-body clothes,127,69,230,161,457,330
18444,img/img_00113789.jpg,lower-body clothes,337,484,496,12,421,84
18445,img/img_00113797.jpg,upper-body clothes,328,111,332,221,504,176
18446,img/img_00113801.jpg,upper-body clothes,174,156,339,183,278,104
18447,img/img_00113806.jpg,upper-body clothes,163,145,174,29,320,157
18448,img/img_00113808.jpg,upper-body clothes,163,165,319,154,284,121
18449,img/img_00113810.jpg,upper-body clothes,232,144,264,120,434,202
18450,img/img_00113819.jpg,lower-body clothes,264,159,159,0,264,0
18451,img/img_00113823.jpg,lower-body clothes,304,209,209,0,304,0
18452,img/img_00113831.jpg,lower-body clothes,260,242,242,0,260,0
18453,img/img_00113833.jpg,full-body clothes,233,156,225,69,290,57
18454,img/img_00113836.jpg,full-body clothes,247,150,293,143,291,44
18455,img/img_00113837.jpg,full-body clothes,227,119,215,96,313,86
18456,img/img_00113839.jpg,full-body clothes,280,223,223,0,280,0
18457,img/img_00113851.jpg,upper-body clothes,135,236,441,205,281,146
18458,img/img_00113852.jpg,upper-body clothes,197,142,218,76,245,48
18459,img/img_00113854.jpg,upper-body clothes,126,88,117,29,253,127
18460,img/img_00113855.jpg,upper-body clothes,170,182,216,34,207,37
18461,img/img_00113860.jpg,upper-body clothes,176,138,453,315,311,135
18462,img/img_00113864.jpg,upper-body clothes,360,295,349,54,466,106
18463,img/img_00113879.jpg,upper-body clothes,211,132,223,91,311,100
18464,img/img_00113892.jpg,lower-body clothes,242,123,233,110,448,206
18465,img/img_00113897.jpg,lower-body clothes,115,95,170,75,133,18
18466,img/img_00113898.jpg,lower-body clothes,92,74,151,77,237,145
18467,img/img_00113899.jpg,lower-body clothes,320,97,173,76,462,142
18468,img/img_00113900.jpg,lower-body clothes,82,82,136,54,128,46
18469,img/img_00113902.jpg,lower-body clothes,63,44,100,56,174,111
18470,img/img_00113903.jpg,lower-body clothes,99,95,151,56,104,5
18471,img/img_00113907.jpg,full-body clothes,363,211,266,55,485,122
18472,img/img_00113910.jpg,full-body clothes,506,284,284,0,506,0
18473,img/img_00113916.jpg,upper-body clothes,299,112,226,114,445,146
18474,img/img_00113919.jpg,upper-body clothes,299,243,243,0,299,0
18475,img/img_00113923.jpg,upper-body clothes,127,68,212,144,172,45
18476,img/img_00113924.jpg,upper-body clothes,274,84,289,205,400,126
18477,img/img_00113925.jpg,upper-body clothes,89,273,273,0,89,0
18478,img/img_00113927.jpg,upper-body clothes,256,123,257,134,382,126
18479,img/img_00113928.jpg,upper-body clothes,291,124,245,121,426,135
18480,img/img_00113929.jpg,upper-body clothes,178,102,245,143,255,77
18481,img/img_00113938.jpg,upper-body clothes,163,202,202,0,163,0
18482,img/img_00113939.jpg,upper-body clothes,110,92,208,116,182,72
18483,img/img_00113943.jpg,upper-body clothes,116,80,243,163,189,73
18484,img/img_00113951.jpg,upper-body clothes,115,226,226,0,115,0
18485,img/img_00113959.jpg,full-body clothes,187,98,182,84,269,82
18486,img/img_00113969.jpg,full-body clothes,130,66,136,70,184,54
18487,img/img_00113971.jpg,full-body clothes,298,257,257,0,298,0
18488,img/img_00113975.jpg,lower-body clothes,239,89,328,239,250,11
18489,img/img_00113977.jpg,lower-body clothes,242,100,258,158,398,156
18490,img/img_00114001.jpg,lower-body clothes,89,112,252,140,105,16
18491,img/img_00114003.jpg,lower-body clothes,146,169,245,76,463,317
18492,img/img_00114012.jpg,lower-body clothes,296,493,510,17,342,46
18493,img/img_00114023.jpg,lower-body clothes,87,86,195,109,106,19
18494,img/img_00114032.jpg,full-body clothes,264,145,253,108,275,11
18495,img/img_00114035.jpg,full-body clothes,195,101,310,209,330,135
18496,img/img_00114040.jpg,upper-body clothes,108,60,146,86,167,59
18497,img/img_00114045.jpg,upper-body clothes,300,122,225,103,417,117
18498,img/img_00114055.jpg,upper-body clothes,246,153,276,123,413,167
18499,img/img_00114068.jpg,upper-body clothes,286,153,153,0,286,0
18500,img/img_00114069.jpg,upper-body clothes,198,121,166,45,301,103
18501,img/img_00114074.jpg,upper-body clothes,342,243,243,0,342,0
18502,img/img_00114077.jpg,upper-body clothes,470,426,426,0,470,0
18503,img/img_00114080.jpg,upper-body clothes,280,157,248,91,429,149
18504,img/img_00114082.jpg,upper-body clothes,119,86,461,375,219,100
18505,img/img_00114083.jpg,upper-body clothes,492,436,436,0,492,0
18506,img/img_00114087.jpg,upper-body clothes,119,108,178,70,243,124
18507,img/img_00114098.jpg,full-body clothes,259,170,170,0,259,0
18508,img/img_00114100.jpg,full-body clothes,179,81,151,70,223,44
18509,img/img_00114101.jpg,full-body clothes,201,92,206,114,274,73
18510,img/img_00114105.jpg,full-body clothes,172,96,127,31,233,61
18511,img/img_00114109.jpg,full-body clothes,345,175,231,56,472,127
18512,img/img_00114120.jpg,upper-body clothes,59,51,143,92,123,64
18513,img/img_00114135.jpg,full-body clothes,214,38,191,153,310,96
18514,img/img_00114140.jpg,full-body clothes,149,76,142,66,200,51
18515,img/img_00114142.jpg,full-body clothes,340,142,234,92,460,120
18516,img/img_00114151.jpg,full-body clothes,238,73,205,132,319,81
18517,img/img_00114163.jpg,lower-body clothes,127,137,249,112,151,24
18518,img/img_00114177.jpg,upper-body clothes,454,292,292,0,454,0
18519,img/img_00114181.jpg,upper-body clothes,170,44,163,119,226,56
18520,img/img_00114183.jpg,upper-body clothes,204,144,229,85,329,125
18521,img/img_00114184.jpg,upper-body clothes,163,153,291,138,294,131
18522,img/img_00114196.jpg,upper-body clothes,420,222,222,0,420,0
18523,img/img_00114202.jpg,upper-body clothes,160,107,216,109,269,109
18524,img/img_00114204.jpg,upper-body clothes,115,102,150,48,207,92
18525,img/img_00114206.jpg,upper-body clothes,146,98,193,95,238,92
18526,img/img_00114217.jpg,upper-body clothes,375,253,253,0,375,0
18527,img/img_00114221.jpg,full-body clothes,353,175,291,116,470,117
18528,img/img_00114223.jpg,full-body clothes,303,97,237,140,385,82
18529,img/img_00114227.jpg,full-body clothes,370,91,228,137,472,102
18530,img/img_00114233.jpg,full-body clothes,336,174,174,0,336,0
18531,img/img_00114240.jpg,full-body clothes,122,77,142,65,157,35
18532,img/img_00114243.jpg,full-body clothes,202,99,256,157,306,104
18533,img/img_00114244.jpg,full-body clothes,142,153,153,0,142,0
18534,img/img_00114248.jpg,full-body clothes,187,111,205,94,261,74
18535,img/img_00114265.jpg,lower-body clothes,123,154,263,109,422,299
18536,img/img_00114273.jpg,full-body clothes,164,61,161,100,226,62
18537,img/img_00114287.jpg,lower-body clothes,157,32,315,283,293,136
18538,img/img_00114289.jpg,lower-body clothes,77,77,133,56,233,156
18539,img/img_00114291.jpg,lower-body clothes,216,208,355,147,447,231
18540,img/img_00114294.jpg,lower-body clothes,201,66,112,46,215,14
18541,img/img_00114304.jpg,lower-body clothes,168,73,143,70,207,39
18542,img/img_00114306.jpg,lower-body clothes,249,101,236,135,477,228
18543,img/img_00114313.jpg,upper-body clothes,109,68,133,65,171,62
18544,img/img_00114349.jpg,upper-body clothes,79,163,163,0,79,0
18545,img/img_00114357.jpg,full-body clothes,372,128,219,91,449,77
18546,img/img_00114362.jpg,full-body clothes,336,65,209,144,405,69
18547,img/img_00114367.jpg,full-body clothes,389,47,205,158,474,85
18548,img/img_00114375.jpg,upper-body clothes,85,68,129,61,142,57
18549,img/img_00114385.jpg,full-body clothes,362,126,233,107,478,116
18550,img/img_00114392.jpg,full-body clothes,326,349,349,0,326,0
18551,img/img_00114399.jpg,lower-body clothes,448,137,258,121,470,22
18552,img/img_00114403.jpg,lower-body clothes,197,83,169,86,417,220
18553,img/img_00114412.jpg,lower-body clothes,146,77,198,121,281,135
18554,img/img_00114414.jpg,lower-body clothes,96,93,190,97,319,223
18555,img/img_00114426.jpg,full-body clothes,146,92,184,92,186,40
18556,img/img_00114440.jpg,full-body clothes,132,19,143,124,175,43
18557,img/img_00114443.jpg,upper-body clothes,286,75,216,141,400,114
18558,img/img_00114466.jpg,upper-body clothes,170,99,204,105,258,88
18559,img/img_00114467.jpg,upper-body clothes,169,125,199,74,379,210
18560,img/img_00114469.jpg,upper-body clothes,268,125,221,96,399,131
18561,img/img_00114496.jpg,full-body clothes,284,83,207,124,364,80
18562,img/img_00114504.jpg,upper-body clothes,187,374,374,0,187,0
18563,img/img_00114510.jpg,upper-body clothes,126,227,227,0,126,0
18564,img/img_00114515.jpg,full-body clothes,289,106,231,125,374,85
18565,img/img_00114522.jpg,full-body clothes,352,181,280,99,480,128
18566,img/img_00114523.jpg,full-body clothes,193,97,239,142,299,106
18567,img/img_00114531.jpg,lower-body clothes,275,269,282,13,278,3
18568,img/img_00114545.jpg,upper-body clothes,310,203,274,71,422,112
18569,img/img_00114554.jpg,full-body clothes,246,143,227,84,340,94
18570,img/img_00114555.jpg,full-body clothes,148,111,157,46,193,45
18571,img/img_00114557.jpg,full-body clothes,187,78,123,45,260,73
18572,img/img_00114574.jpg,upper-body clothes,227,251,251,0,227,0
18573,img/img_00114585.jpg,upper-body clothes,119,85,171,86,173,54
18574,img/img_00114598.jpg,upper-body clothes,474,320,320,0,474,0
18575,img/img_00114611.jpg,full-body clothes,181,199,199,0,181,0
18576,img/img_00114612.jpg,full-body clothes,259,116,231,115,331,72
18577,img/img_00114613.jpg,full-body clothes,342,191,359,168,481,139
18578,img/img_00114614.jpg,full-body clothes,192,270,270,0,192,0
18579,img/img_00114616.jpg,full-body clothes,319,253,278,25,464,145
18580,img/img_00114620.jpg,full-body clothes,490,243,243,0,490,0
18581,img/img_00114622.jpg,lower-body clothes,438,78,78,0,438,0
18582,img/img_00114625.jpg,lower-body clothes,135,190,266,76,189,54
18583,img/img_00114627.jpg,lower-body clothes,334,413,413,0,334,0
18584,img/img_00114639.jpg,lower-body clothes,198,87,281,194,380,182
18585,img/img_00114641.jpg,lower-body clothes,423,322,352,30,428,5
18586,img/img_00114657.jpg,lower-body clothes,124,178,245,67,446,322
18587,img/img_00114662.jpg,lower-body clothes,91,111,235,124,260,169
18588,img/img_00114666.jpg,lower-body clothes,126,96,167,71,322,196
18589,img/img_00114680.jpg,lower-body clothes,71,106,202,96,272,201
18590,img/img_00114683.jpg,full-body clothes,251,120,152,32,368,117
18591,img/img_00114687.jpg,full-body clothes,157,96,184,88,237,80
18592,img/img_00114700.jpg,lower-body clothes,55,19,191,172,333,278
18593,img/img_00114710.jpg,lower-body clothes,137,30,227,197,361,224
18594,img/img_00114718.jpg,lower-body clothes,52,53,112,59,152,100
18595,img/img_00114720.jpg,lower-body clothes,103,75,129,54,186,83
18596,img/img_00114732.jpg,full-body clothes,281,171,239,68,382,101
18597,img/img_00114739.jpg,upper-body clothes,195,109,205,96,290,95
18598,img/img_00114741.jpg,upper-body clothes,237,262,262,0,237,0
18599,img/img_00114746.jpg,upper-body clothes,424,209,209,0,424,0
18600,img/img_00114749.jpg,upper-body clothes,269,120,120,0,269,0
18601,img/img_00114752.jpg,lower-body clothes,87,107,164,57,278,191
18602,img/img_00114754.jpg,lower-body clothes,371,239,239,0,371,0
18603,img/img_00114755.jpg,lower-body clothes,219,92,210,118,447,228
18604,img/img_00114762.jpg,lower-body clothes,122,127,237,110,414,292
18605,img/img_00114767.jpg,lower-body clothes,323,251,251,0,323,0
18606,img/img_00114769.jpg,lower-body clothes,334,224,224,0,334,0
18607,img/img_00114780.jpg,upper-body clothes,198,199,216,17,260,62
18608,img/img_00114785.jpg,upper-body clothes,228,115,254,139,374,146
18609,img/img_00114786.jpg,upper-body clothes,412,222,279,57,488,76
18610,img/img_00114797.jpg,full-body clothes,351,158,242,84,438,87
18611,img/img_00114803.jpg,full-body clothes,241,107,216,109,283,42
18612,img/img_00114815.jpg,full-body clothes,163,173,200,27,218,55
18613,img/img_00114818.jpg,full-body clothes,354,63,324,261,466,112
18614,img/img_00114819.jpg,full-body clothes,336,165,257,92,450,114
18615,img/img_00114823.jpg,full-body clothes,334,182,244,62,476,142
18616,img/img_00114825.jpg,full-body clothes,179,139,240,101,307,128
18617,img/img_00114826.jpg,full-body clothes,287,89,283,194,390,103
18618,img/img_00114831.jpg,full-body clothes,338,146,255,109,412,74
18619,img/img_00114832.jpg,full-body clothes,301,180,205,25,433,132
18620,img/img_00114836.jpg,lower-body clothes,210,141,275,134,338,128
18621,img/img_00114840.jpg,lower-body clothes,199,210,490,280,224,25
18622,img/img_00114841.jpg,lower-body clothes,319,193,212,19,347,28
18623,img/img_00114848.jpg,full-body clothes,271,107,228,121,350,79
18624,img/img_00114849.jpg,full-body clothes,491,299,299,0,491,0
18625,img/img_00114865.jpg,full-body clothes,304,161,262,101,443,139
18626,img/img_00114870.jpg,full-body clothes,238,134,182,48,332,94
18627,img/img_00114872.jpg,full-body clothes,359,101,203,102,447,88
18628,img/img_00114876.jpg,upper-body clothes,128,92,141,49,202,74
18629,img/img_00114877.jpg,upper-body clothes,113,124,226,102,222,109
18630,img/img_00114902.jpg,full-body clothes,382,234,392,158,502,120
18631,img/img_00114909.jpg,full-body clothes,213,107,181,74,294,81
18632,img/img_00114925.jpg,lower-body clothes,238,263,263,0,238,0
18633,img/img_00114928.jpg,lower-body clothes,223,16,219,203,414,191
18634,img/img_00114940.jpg,full-body clothes,245,164,228,64,334,89
18635,img/img_00114947.jpg,full-body clothes,239,211,340,129,320,81
18636,img/img_00114953.jpg,lower-body clothes,107,101,224,123,276,169
18637,img/img_00114962.jpg,lower-body clothes,72,87,218,131,332,260
18638,img/img_00114966.jpg,lower-body clothes,152,189,294,105,173,21
18639,img/img_00114973.jpg,full-body clothes,212,122,191,69,282,70
18640,img/img_00114974.jpg,full-body clothes,238,265,265,0,238,0
18641,img/img_00114986.jpg,lower-body clothes,83,84,213,129,220,137
18642,img/img_00114996.jpg,full-body clothes,190,106,202,96,279,89
18643,img/img_00115007.jpg,full-body clothes,318,354,374,20,436,118
18644,img/img_00115011.jpg,full-body clothes,152,83,141,58,218,66
18645,img/img_00115013.jpg,full-body clothes,197,133,306,173,287,90
18646,img/img_00115016.jpg,full-body clothes,151,83,172,89,203,52
18647,img/img_00115022.jpg,lower-body clothes,86,92,129,37,198,112
18648,img/img_00115028.jpg,upper-body clothes,142,151,262,111,224,82
18649,img/img_00115031.jpg,upper-body clothes,218,123,261,138,367,149
18650,img/img_00115034.jpg,upper-body clothes,357,213,213,0,357,0
18651,img/img_00115056.jpg,lower-body clothes,49,60,207,147,164,115
18652,img/img_00115059.jpg,lower-body clothes,158,163,238,75,432,274
18653,img/img_00115060.jpg,lower-body clothes,94,73,258,185,269,175
18654,img/img_00115061.jpg,lower-body clothes,245,27,182,155,269,24
18655,img/img_00115064.jpg,full-body clothes,342,139,234,95,411,69
18656,img/img_00115069.jpg,full-body clothes,126,169,169,0,126,0
18657,img/img_00115083.jpg,upper-body clothes,221,164,283,119,396,175
18658,img/img_00115084.jpg,upper-body clothes,377,269,269,0,377,0
18659,img/img_00115092.jpg,upper-body clothes,344,253,273,20,391,47
18660,img/img_00115094.jpg,upper-body clothes,196,175,204,29,227,31
18661,img/img_00115103.jpg,full-body clothes,320,193,257,64,429,109
18662,img/img_00115109.jpg,full-body clothes,244,125,199,74,314,70
18663,img/img_00115110.jpg,full-body clothes,244,171,306,135,375,131
18664,img/img_00115112.jpg,upper-body clothes,287,65,172,107,424,137
18665,img/img_00115114.jpg,upper-body clothes,109,92,128,36,187,78
18666,img/img_00115115.jpg,upper-body clothes,164,67,179,112,239,75
18667,img/img_00115128.jpg,upper-body clothes,179,53,200,147,322,143
18668,img/img_00115129.jpg,upper-body clothes,138,135,255,120,291,153
18669,img/img_00115134.jpg,lower-body clothes,274,278,346,68,376,102
18670,img/img_00115136.jpg,lower-body clothes,159,169,328,159,358,199
18671,img/img_00115138.jpg,lower-body clothes,130,159,451,292,235,105
18672,img/img_00115141.jpg,lower-body clothes,267,310,310,0,267,0
18673,img/img_00115143.jpg,full-body clothes,236,242,377,135,415,179
18674,img/img_00115148.jpg,full-body clothes,140,103,179,76,194,54
18675,img/img_00115151.jpg,full-body clothes,164,154,154,0,164,0
18676,img/img_00115158.jpg,full-body clothes,347,76,176,100,456,109
18677,img/img_00115159.jpg,full-body clothes,294,182,221,39,382,88
18678,img/img_00115167.jpg,lower-body clothes,171,54,149,95,296,125
18679,img/img_00115178.jpg,lower-body clothes,248,81,176,95,309,61
18680,img/img_00115180.jpg,lower-body clothes,243,83,216,133,476,233
18681,img/img_00115183.jpg,lower-body clothes,203,69,198,129,431,228
18682,img/img_00115185.jpg,full-body clothes,322,72,177,105,429,107
18683,img/img_00115203.jpg,lower-body clothes,112,158,243,85,133,21
18684,img/img_00115204.jpg,lower-body clothes,216,239,252,13,273,57
18685,img/img_00115208.jpg,lower-body clothes,83,117,249,132,245,162
18686,img/img_00115211.jpg,lower-body clothes,105,72,131,59,122,17
18687,img/img_00115213.jpg,lower-body clothes,46,54,134,80,133,87
18688,img/img_00115214.jpg,lower-body clothes,93,164,244,80,368,275
18689,img/img_00115219.jpg,lower-body clothes,327,148,226,78,500,173
18690,img/img_00115224.jpg,lower-body clothes,473,46,211,165,495,22
18691,img/img_00115239.jpg,lower-body clothes,77,206,216,10,179,102
18692,img/img_00115265.jpg,lower-body clothes,193,140,247,107,367,174
18693,img/img_00115266.jpg,lower-body clothes,182,108,226,118,390,208
18694,img/img_00115270.jpg,upper-body clothes,337,315,315,0,337,0
18695,img/img_00115289.jpg,upper-body clothes,340,169,334,165,471,131
18696,img/img_00115290.jpg,upper-body clothes,284,197,348,151,440,156
18697,img/img_00115291.jpg,upper-body clothes,212,161,219,58,343,131
18698,img/img_00115293.jpg,full-body clothes,309,75,197,122,418,109
18699,img/img_00115294.jpg,full-body clothes,354,66,236,170,478,124
18700,img/img_00115301.jpg,full-body clothes,413,166,235,69,495,82
18701,img/img_00115304.jpg,lower-body clothes,57,140,272,132,265,208
18702,img/img_00115323.jpg,lower-body clothes,87,104,249,145,262,175
18703,img/img_00115329.jpg,upper-body clothes,332,191,287,96,483,151
18704,img/img_00115333.jpg,lower-body clothes,61,100,295,195,204,143
18705,img/img_00115342.jpg,lower-body clothes,204,70,211,141,429,225
18706,img/img_00115345.jpg,lower-body clothes,275,387,428,41,428,153
18707,img/img_00115354.jpg,full-body clothes,212,227,227,0,212,0
18708,img/img_00115361.jpg,full-body clothes,324,42,196,154,414,90
18709,img/img_00115362.jpg,full-body clothes,261,159,253,94,359,98
18710,img/img_00115363.jpg,full-body clothes,395,266,266,0,395,0
18711,img/img_00115367.jpg,full-body clothes,146,186,186,0,146,0
18712,img/img_00115368.jpg,full-body clothes,187,234,234,0,187,0
18713,img/img_00115381.jpg,full-body clothes,189,150,216,66,258,69
18714,img/img_00115385.jpg,full-body clothes,330,155,231,76,377,47
18715,img/img_00115390.jpg,full-body clothes,197,235,235,0,197,0
18716,img/img_00115399.jpg,full-body clothes,256,122,266,144,338,82
18717,img/img_00115403.jpg,full-body clothes,298,128,206,78,490,192
18718,img/img_00115407.jpg,full-body clothes,260,129,261,132,342,82
18719,img/img_00115408.jpg,full-body clothes,481,175,175,0,481,0
18720,img/img_00115418.jpg,full-body clothes,353,228,275,47,465,112
18721,img/img_00115423.jpg,full-body clothes,166,111,166,55,216,50
18722,img/img_00115424.jpg,full-body clothes,298,47,187,140,425,127
18723,img/img_00115425.jpg,lower-body clothes,46,43,204,161,128,82
18724,img/img_00115428.jpg,lower-body clothes,268,283,291,8,271,3
18725,img/img_00115433.jpg,lower-body clothes,378,320,320,0,378,0
18726,img/img_00115436.jpg,lower-body clothes,322,343,373,30,375,53
18727,img/img_00115437.jpg,lower-body clothes,116,50,275,225,308,192
18728,img/img_00115439.jpg,full-body clothes,239,192,192,0,239,0
18729,img/img_00115442.jpg,full-body clothes,235,95,252,157,318,83
18730,img/img_00115444.jpg,full-body clothes,289,304,368,64,440,151
18731,img/img_00115445.jpg,full-body clothes,332,129,238,109,461,129
18732,img/img_00115451.jpg,full-body clothes,255,118,177,59,309,54
18733,img/img_00115468.jpg,lower-body clothes,167,194,232,38,424,257
18734,img/img_00115471.jpg,lower-body clothes,135,70,183,113,266,131
18735,img/img_00115476.jpg,lower-body clothes,137,107,178,71,325,188
18736,img/img_00115478.jpg,lower-body clothes,149,162,289,127,174,25
18737,img/img_00115480.jpg,lower-body clothes,205,141,322,181,366,161
18738,img/img_00115485.jpg,lower-body clothes,258,116,218,102,422,164
18739,img/img_00115496.jpg,lower-body clothes,401,163,190,27,414,13
18740,img/img_00115497.jpg,lower-body clothes,101,61,132,71,172,71
18741,img/img_00115505.jpg,lower-body clothes,145,92,104,12,170,25
18742,img/img_00115508.jpg,lower-body clothes,76,49,76,27,93,17
18743,img/img_00115528.jpg,upper-body clothes,303,202,202,0,303,0
18744,img/img_00115532.jpg,full-body clothes,371,77,214,137,491,120
18745,img/img_00115537.jpg,full-body clothes,341,112,200,88,458,117
18746,img/img_00115547.jpg,full-body clothes,226,166,233,67,307,81
18747,img/img_00115560.jpg,lower-body clothes,255,79,214,135,435,180
18748,img/img_00115567.jpg,lower-body clothes,226,128,278,150,429,203
18749,img/img_00115568.jpg,lower-body clothes,186,117,243,126,410,224
18750,img/img_00115569.jpg,lower-body clothes,120,40,115,75,218,98
18751,img/img_00115572.jpg,lower-body clothes,237,85,215,130,448,211
18752,img/img_00115580.jpg,lower-body clothes,77,125,195,70,285,208
18753,img/img_00115582.jpg,full-body clothes,307,146,190,44,311,4
18754,img/img_00115587.jpg,full-body clothes,202,347,347,0,202,0
18755,img/img_00115589.jpg,full-body clothes,247,117,304,187,327,80
18756,img/img_00115594.jpg,lower-body clothes,279,381,407,26,374,95
18757,img/img_00115598.jpg,lower-body clothes,82,128,232,104,307,225
18758,img/img_00115599.jpg,lower-body clothes,163,141,239,98,192,29
18759,img/img_00115606.jpg,lower-body clothes,150,125,125,0,150,0
18760,img/img_00115613.jpg,full-body clothes,316,159,321,162,462,146
18761,img/img_00115622.jpg,full-body clothes,391,83,214,131,497,106
18762,img/img_00115629.jpg,full-body clothes,236,133,452,319,318,82
18763,img/img_00115653.jpg,lower-body clothes,331,74,289,215,361,30
18764,img/img_00115658.jpg,lower-body clothes,406,59,190,131,417,11
18765,img/img_00115659.jpg,lower-body clothes,242,89,408,319,472,230
18766,img/img_00115663.jpg,lower-body clothes,256,85,210,125,437,181
18767,img/img_00115665.jpg,lower-body clothes,49,276,276,0,49,0
18768,img/img_00115668.jpg,lower-body clothes,269,37,139,102,285,16
18769,img/img_00115677.jpg,upper-body clothes,126,80,157,77,191,65
18770,img/img_00115679.jpg,upper-body clothes,235,110,198,88,364,129
18771,img/img_00115688.jpg,upper-body clothes,204,159,287,128,351,147
18772,img/img_00115698.jpg,upper-body clothes,66,38,134,96,112,46
18773,img/img_00115704.jpg,upper-body clothes,232,175,265,90,308,76
18774,img/img_00115705.jpg,upper-body clothes,104,74,154,80,169,65
18775,img/img_00115718.jpg,full-body clothes,274,49,174,125,322,48
18776,img/img_00115720.jpg,upper-body clothes,240,237,253,16,402,162
18777,img/img_00115722.jpg,upper-body clothes,273,120,254,134,394,121
18778,img/img_00115726.jpg,upper-body clothes,60,51,131,80,129,69
18779,img/img_00115727.jpg,upper-body clothes,180,59,254,195,326,146
18780,img/img_00115730.jpg,full-body clothes,441,100,285,185,451,10
18781,img/img_00115744.jpg,full-body clothes,295,89,192,103,369,74
18782,img/img_00115745.jpg,full-body clothes,225,52,142,90,248,23
18783,img/img_00115753.jpg,upper-body clothes,139,81,459,378,237,98
18784,img/img_00115762.jpg,upper-body clothes,202,102,291,189,313,111
18785,img/img_00115765.jpg,upper-body clothes,230,138,210,72,398,168
18786,img/img_00115768.jpg,lower-body clothes,122,149,180,31,368,246
18787,img/img_00115771.jpg,lower-body clothes,124,178,254,76,436,312
18788,img/img_00115785.jpg,lower-body clothes,58,110,188,78,258,200
18789,img/img_00115788.jpg,lower-body clothes,71,85,136,51,226,155
18790,img/img_00115792.jpg,upper-body clothes,214,149,149,0,214,0
18791,img/img_00115801.jpg,upper-body clothes,255,163,282,119,311,56
18792,img/img_00115806.jpg,upper-body clothes,136,291,291,0,136,0
18793,img/img_00115811.jpg,upper-body clothes,383,256,302,46,466,83
18794,img/img_00115814.jpg,upper-body clothes,214,155,155,0,214,0
18795,img/img_00115817.jpg,full-body clothes,116,140,140,0,116,0
18796,img/img_00115818.jpg,full-body clothes,327,182,366,184,357,30
18797,img/img_00115820.jpg,full-body clothes,327,140,252,112,482,155
18798,img/img_00115825.jpg,full-body clothes,200,129,213,84,292,92
18799,img/img_00115831.jpg,lower-body clothes,236,65,306,241,477,241
18800,img/img_00115834.jpg,lower-body clothes,202,58,209,151,223,21
18801,img/img_00115836.jpg,lower-body clothes,55,63,144,81,201,146
18802,img/img_00115844.jpg,lower-body clothes,200,82,157,75,255,55
18803,img/img_00115849.jpg,upper-body clothes,155,134,219,85,226,71
18804,img/img_00115856.jpg,upper-body clothes,113,92,167,75,196,83
18805,img/img_00115861.jpg,upper-body clothes,241,88,88,0,241,0
18806,img/img_00115866.jpg,upper-body clothes,382,427,427,0,382,0
18807,img/img_00115867.jpg,lower-body clothes,253,275,385,110,384,131
18808,img/img_00115878.jpg,lower-body clothes,182,183,295,112,218,36
18809,img/img_00115882.jpg,lower-body clothes,330,414,414,0,330,0
18810,img/img_00115884.jpg,lower-body clothes,74,48,177,129,133,59
18811,img/img_00115889.jpg,lower-body clothes,75,91,204,113,257,182
18812,img/img_00115891.jpg,full-body clothes,144,77,202,125,189,45
18813,img/img_00115892.jpg,full-body clothes,208,116,221,105,290,82
18814,img/img_00115897.jpg,full-body clothes,212,115,203,88,296,84
18815,img/img_00115899.jpg,full-body clothes,133,88,162,74,177,44
18816,img/img_00115901.jpg,full-body clothes,141,81,136,55,182,41
18817,img/img_00115909.jpg,full-body clothes,134,53,173,120,182,48
18818,img/img_00115918.jpg,full-body clothes,336,261,267,6,471,135
18819,img/img_00115924.jpg,full-body clothes,249,142,320,178,333,84
18820,img/img_00115942.jpg,lower-body clothes,115,56,129,73,124,9
18821,img/img_00115964.jpg,lower-body clothes,148,196,283,87,457,309
18822,img/img_00115968.jpg,lower-body clothes,57,77,108,31,241,184
18823,img/img_00115974.jpg,upper-body clothes,198,81,137,56,271,73
18824,img/img_00115976.jpg,upper-body clothes,399,332,332,0,399,0
18825,img/img_00115988.jpg,upper-body clothes,454,346,346,0,454,0
18826,img/img_00116001.jpg,full-body clothes,215,105,222,117,294,79
18827,img/img_00116005.jpg,full-body clothes,123,69,188,119,173,50
18828,img/img_00116008.jpg,full-body clothes,181,160,234,74,268,87
18829,img/img_00116014.jpg,full-body clothes,139,46,96,50,196,57
18830,img/img_00116016.jpg,full-body clothes,195,97,214,117,317,122
18831,img/img_00116020.jpg,full-body clothes,274,71,235,164,397,123
18832,img/img_00116028.jpg,full-body clothes,306,169,287,118,430,124
18833,img/img_00116040.jpg,lower-body clothes,101,90,199,109,309,208
18834,img/img_00116043.jpg,lower-body clothes,56,88,188,100,250,194
18835,img/img_00116054.jpg,full-body clothes,218,117,279,162,317,99
18836,img/img_00116055.jpg,full-body clothes,194,109,232,123,277,83
18837,img/img_00116085.jpg,full-body clothes,233,136,162,26,331,98
18838,img/img_00116092.jpg,lower-body clothes,238,74,237,163,455,217
18839,img/img_00116098.jpg,lower-body clothes,238,95,222,127,454,216
18840,img/img_00116119.jpg,full-body clothes,244,237,237,0,244,0
18841,img/img_00116120.jpg,full-body clothes,283,173,327,154,397,114
18842,img/img_00116122.jpg,full-body clothes,242,333,333,0,242,0
18843,img/img_00116125.jpg,full-body clothes,221,121,131,10,251,30
18844,img/img_00116128.jpg,lower-body clothes,326,261,261,0,326,0
18845,img/img_00116129.jpg,lower-body clothes,177,193,196,3,209,32
18846,img/img_00116134.jpg,lower-body clothes,222,213,292,79,275,53
18847,img/img_00116136.jpg,lower-body clothes,165,156,210,54,477,312
18848,img/img_00116139.jpg,lower-body clothes,419,79,79,0,419,0
18849,img/img_00116143.jpg,full-body clothes,259,137,342,205,355,96
18850,img/img_00116146.jpg,full-body clothes,223,87,295,208,339,116
18851,img/img_00116159.jpg,upper-body clothes,220,415,415,0,220,0
18852,img/img_00116168.jpg,upper-body clothes,243,158,246,88,399,156
18853,img/img_00116172.jpg,lower-body clothes,59,69,191,122,280,221
18854,img/img_00116173.jpg,lower-body clothes,162,163,273,110,247,85
18855,img/img_00116180.jpg,lower-body clothes,70,76,131,55,200,130
18856,img/img_00116185.jpg,lower-body clothes,103,108,205,97,348,245
18857,img/img_00116187.jpg,lower-body clothes,83,111,236,125,275,192
18858,img/img_00116188.jpg,lower-body clothes,91,89,181,92,309,218
18859,img/img_00116190.jpg,lower-body clothes,48,61,158,97,237,189
18860,img/img_00116202.jpg,lower-body clothes,148,82,215,133,443,295
18861,img/img_00116205.jpg,lower-body clothes,93,141,224,83,349,256
18862,img/img_00116207.jpg,lower-body clothes,95,150,253,103,424,329
18863,img/img_00116224.jpg,full-body clothes,455,223,223,0,455,0
18864,img/img_00116235.jpg,full-body clothes,108,47,134,87,157,49
18865,img/img_00116238.jpg,full-body clothes,208,67,203,136,315,107
18866,img/img_00116239.jpg,upper-body clothes,269,133,252,119,444,175
18867,img/img_00116244.jpg,upper-body clothes,160,75,140,65,241,81
18868,img/img_00116251.jpg,full-body clothes,265,240,240,0,265,0
18869,img/img_00116260.jpg,full-body clothes,221,184,184,0,221,0
18870,img/img_00116274.jpg,lower-body clothes,68,65,466,401,138,70
18871,img/img_00116275.jpg,lower-body clothes,47,70,99,29,143,96
18872,img/img_00116277.jpg,lower-body clothes,86,71,248,177,257,171
18873,img/img_00116279.jpg,lower-body clothes,107,126,258,132,232,125
18874,img/img_00116285.jpg,lower-body clothes,111,53,172,119,202,91
18875,img/img_00116287.jpg,lower-body clothes,36,49,100,51,143,107
18876,img/img_00116291.jpg,lower-body clothes,87,108,325,217,280,193
18877,img/img_00116296.jpg,lower-body clothes,118,103,225,122,347,229
18878,img/img_00116302.jpg,lower-body clothes,85,88,132,44,87,2
18879,img/img_00116303.jpg,lower-body clothes,82,82,131,49,84,2
18880,img/img_00116330.jpg,upper-body clothes,107,69,140,71,134,27
18881,img/img_00116336.jpg,upper-body clothes,299,210,210,0,299,0
18882,img/img_00116339.jpg,full-body clothes,329,193,239,46,447,118
18883,img/img_00116345.jpg,full-body clothes,167,75,155,80,225,58
18884,img/img_00116356.jpg,full-body clothes,247,127,221,94,323,76
18885,img/img_00116364.jpg,full-body clothes,317,79,207,128,476,159
18886,img/img_00116366.jpg,full-body clothes,341,162,248,86,443,102
18887,img/img_00116372.jpg,full-body clothes,144,81,233,152,304,160
18888,img/img_00116380.jpg,full-body clothes,135,25,132,107,220,85
18889,img/img_00116384.jpg,upper-body clothes,134,275,275,0,134,0
18890,img/img_00116387.jpg,upper-body clothes,197,87,185,98,296,99
18891,img/img_00116388.jpg,upper-body clothes,255,170,264,94,400,145
18892,img/img_00116394.jpg,upper-body clothes,209,282,282,0,209,0
18893,img/img_00116402.jpg,full-body clothes,163,74,127,53,223,60
18894,img/img_00116403.jpg,full-body clothes,344,38,136,98,459,115
18895,img/img_00116411.jpg,upper-body clothes,314,107,247,140,425,111
18896,img/img_00116413.jpg,upper-body clothes,202,92,155,63,302,100
18897,img/img_00116417.jpg,lower-body clothes,132,212,285,73,249,117
18898,img/img_00116421.jpg,lower-body clothes,381,81,183,102,393,12
18899,img/img_00116423.jpg,upper-body clothes,208,33,119,86,279,71
18900,img/img_00116425.jpg,upper-body clothes,406,279,279,0,406,0
18901,img/img_00116426.jpg,upper-body clothes,225,147,280,133,368,143
18902,img/img_00116434.jpg,upper-body clothes,227,201,256,55,325,98
18903,img/img_00116435.jpg,upper-body clothes,173,115,187,72,253,80
18904,img/img_00116442.jpg,upper-body clothes,215,160,239,79,370,155
18905,img/img_00116443.jpg,upper-body clothes,294,242,309,67,491,197
18906,img/img_00116446.jpg,upper-body clothes,442,300,300,0,442,0
18907,img/img_00116455.jpg,lower-body clothes,288,90,222,132,483,195
18908,img/img_00116461.jpg,lower-body clothes,79,64,89,25,196,117
18909,img/img_00116469.jpg,lower-body clothes,296,225,225,0,296,0
18910,img/img_00116471.jpg,lower-body clothes,94,95,208,113,282,188
18911,img/img_00116473.jpg,lower-body clothes,95,82,147,65,297,202
18912,img/img_00116480.jpg,lower-body clothes,167,139,221,82,424,257
18913,img/img_00116497.jpg,upper-body clothes,295,168,248,80,438,143
18914,img/img_00116498.jpg,upper-body clothes,505,435,435,0,505,0
18915,img/img_00116505.jpg,upper-body clothes,111,99,190,91,237,126
18916,img/img_00116512.jpg,upper-body clothes,318,505,505,0,318,0
18917,img/img_00116515.jpg,upper-body clothes,90,165,165,0,90,0
18918,img/img_00116516.jpg,upper-body clothes,218,363,363,0,218,0
18919,img/img_00116526.jpg,upper-body clothes,407,310,310,0,407,0
18920,img/img_00116527.jpg,upper-body clothes,139,79,142,63,239,100
18921,img/img_00116529.jpg,full-body clothes,158,86,189,103,215,57
18922,img/img_00116538.jpg,full-body clothes,94,133,133,0,94,0
18923,img/img_00116543.jpg,full-body clothes,323,408,408,0,323,0
18924,img/img_00116557.jpg,full-body clothes,288,110,224,114,415,127
18925,img/img_00116559.jpg,full-body clothes,301,61,206,145,402,101
18926,img/img_00116560.jpg,full-body clothes,182,96,163,67,319,137
18927,img/img_00116583.jpg,upper-body clothes,93,60,100,40,138,45
18928,img/img_00116589.jpg,upper-body clothes,107,48,84,36,180,73
18929,img/img_00116594.jpg,upper-body clothes,363,243,243,0,363,0
18930,img/img_00116607.jpg,upper-body clothes,260,132,284,152,418,158
18931,img/img_00116610.jpg,upper-body clothes,349,74,274,200,418,69
18932,img/img_00116612.jpg,upper-body clothes,217,123,281,158,330,113
18933,img/img_00116614.jpg,upper-body clothes,425,132,286,154,495,70
18934,img/img_00116621.jpg,upper-body clothes,302,316,316,0,302,0
18935,img/img_00116625.jpg,upper-body clothes,421,261,347,86,471,50
18936,img/img_00116626.jpg,upper-body clothes,140,104,165,61,227,87
18937,img/img_00116627.jpg,upper-body clothes,280,175,277,102,327,47
18938,img/img_00116635.jpg,upper-body clothes,281,163,228,65,395,114
18939,img/img_00116648.jpg,upper-body clothes,170,114,258,144,281,111
18940,img/img_00116666.jpg,lower-body clothes,150,168,260,92,420,270
18941,img/img_00116668.jpg,lower-body clothes,91,115,171,56,305,214
18942,img/img_00116672.jpg,lower-body clothes,36,49,123,74,121,85
18943,img/img_00116685.jpg,lower-body clothes,133,187,223,36,451,318
18944,img/img_00116696.jpg,lower-body clothes,164,134,321,187,461,297
18945,img/img_00116706.jpg,lower-body clothes,217,145,276,131,459,242
18946,img/img_00116717.jpg,full-body clothes,246,195,370,175,398,152
18947,img/img_00116726.jpg,full-body clothes,142,84,147,63,201,59
18948,img/img_00116730.jpg,full-body clothes,220,96,223,127,299,79
18949,img/img_00116731.jpg,full-body clothes,169,71,120,49,231,62
18950,img/img_00116749.jpg,upper-body clothes,173,123,229,106,261,88
18951,img/img_00116752.jpg,upper-body clothes,492,304,304,0,492,0
18952,img/img_00116753.jpg,upper-body clothes,335,186,318,132,488,153
18953,img/img_00116764.jpg,upper-body clothes,116,76,152,76,223,107
18954,img/img_00116771.jpg,upper-body clothes,215,110,201,91,294,79
18955,img/img_00116774.jpg,upper-body clothes,425,250,250,0,425,0
18956,img/img_00116775.jpg,upper-body clothes,285,207,314,107,425,140
18957,img/img_00116776.jpg,upper-body clothes,269,155,254,99,404,135
18958,img/img_00116780.jpg,upper-body clothes,289,146,251,105,406,117
18959,img/img_00116800.jpg,lower-body clothes,80,102,221,119,317,237
18960,img/img_00116841.jpg,upper-body clothes,125,105,260,155,222,97
18961,img/img_00116844.jpg,upper-body clothes,113,75,116,41,175,62
18962,img/img_00116852.jpg,upper-body clothes,214,51,149,98,304,90
18963,img/img_00116854.jpg,upper-body clothes,298,167,230,63,451,153
18964,img/img_00116864.jpg,lower-body clothes,177,65,188,123,503,326
18965,img/img_00116873.jpg,upper-body clothes,93,171,195,24,202,109
18966,img/img_00116883.jpg,lower-body clothes,375,35,174,139,387,12
18967,img/img_00116885.jpg,lower-body clothes,242,308,308,0,242,0
18968,img/img_00116893.jpg,lower-body clothes,359,142,268,126,433,74
18969,img/img_00116894.jpg,lower-body clothes,268,111,160,49,269,1
18970,img/img_00116900.jpg,upper-body clothes,328,186,311,125,489,161
18971,img/img_00116905.jpg,upper-body clothes,5,156,156,0,5,0
18972,img/img_00116907.jpg,upper-body clothes,307,102,241,139,462,155
18973,img/img_00116910.jpg,upper-body clothes,152,65,179,114,266,114
18974,img/img_00116911.jpg,upper-body clothes,377,90,231,141,503,126
18975,img/img_00116941.jpg,full-body clothes,185,46,131,85,235,50
18976,img/img_00116943.jpg,full-body clothes,243,121,173,52,315,72
18977,img/img_00116947.jpg,upper-body clothes,206,89,178,89,313,107
18978,img/img_00116951.jpg,upper-body clothes,492,366,366,0,492,0
18979,img/img_00116957.jpg,upper-body clothes,240,213,339,126,314,74
18980,img/img_00116958.jpg,upper-body clothes,291,49,191,142,397,106
18981,img/img_00116972.jpg,full-body clothes,280,56,201,145,367,87
18982,img/img_00116974.jpg,full-body clothes,259,62,163,101,355,96
18983,img/img_00116987.jpg,full-body clothes,217,93,223,130,302,85
18984,img/img_00116993.jpg,full-body clothes,379,152,282,130,491,112
18985,img/img_00116996.jpg,full-body clothes,341,106,227,121,452,111
18986,img/img_00116999.jpg,full-body clothes,472,76,315,239,495,23
18987,img/img_00117006.jpg,full-body clothes,448,120,256,136,500,52
18988,img/img_00117021.jpg,full-body clothes,290,89,228,139,351,61
18989,img/img_00117028.jpg,full-body clothes,287,276,276,0,287,0
18990,img/img_00117029.jpg,full-body clothes,324,191,260,69,471,147
18991,img/img_00117031.jpg,full-body clothes,166,86,243,157,236,70
18992,img/img_00117037.jpg,full-body clothes,225,153,186,33,304,79
18993,img/img_00117042.jpg,full-body clothes,497,285,285,0,497,0
18994,img/img_00117046.jpg,full-body clothes,338,191,252,61,473,135
18995,img/img_00117049.jpg,full-body clothes,352,281,396,115,481,129
18996,img/img_00117050.jpg,full-body clothes,266,128,212,84,330,64
18997,img/img_00117080.jpg,full-body clothes,108,55,169,114,174,66
18998,img/img_00117081.jpg,full-body clothes,356,99,203,104,480,124
18999,img/img_00117087.jpg,upper-body clothes,55,364,364,0,55,0
19000,img/img_00117093.jpg,upper-body clothes,196,253,253,0,196,0
19001,img/img_00117106.jpg,upper-body clothes,217,122,462,340,350,133
19002,img/img_00117108.jpg,upper-body clothes,194,234,234,0,194,0
19003,img/img_00117116.jpg,full-body clothes,284,92,181,89,399,115
19004,img/img_00117125.jpg,full-body clothes,389,124,237,113,470,81
19005,img/img_00117132.jpg,full-body clothes,324,169,265,96,439,115
19006,img/img_00117133.jpg,full-body clothes,328,194,290,96,456,128
19007,img/img_00117142.jpg,full-body clothes,225,77,182,105,280,55
19008,img/img_00117147.jpg,full-body clothes,323,149,222,73,453,130
19009,img/img_00117153.jpg,upper-body clothes,249,38,97,59,333,84
19010,img/img_00117154.jpg,upper-body clothes,152,84,170,86,209,57
19011,img/img_00117156.jpg,upper-body clothes,109,47,140,93,152,43
19012,img/img_00117159.jpg,full-body clothes,334,70,233,163,481,147
19013,img/img_00117166.jpg,full-body clothes,391,38,186,148,485,94
19014,img/img_00117173.jpg,upper-body clothes,80,55,257,202,253,173
19015,img/img_00117196.jpg,upper-body clothes,301,110,110,0,301,0
19016,img/img_00117197.jpg,upper-body clothes,182,185,185,0,182,0
19017,img/img_00117198.jpg,upper-body clothes,453,278,278,0,453,0
19018,img/img_00117203.jpg,upper-body clothes,402,246,308,62,430,28
19019,img/img_00117210.jpg,upper-body clothes,198,76,196,120,357,159
19020,img/img_00117216.jpg,upper-body clothes,373,123,281,158,437,64
19021,img/img_00117238.jpg,lower-body clothes,96,165,313,148,133,37
19022,img/img_00117240.jpg,lower-body clothes,128,131,211,80,192,64
19023,img/img_00117248.jpg,lower-body clothes,474,503,503,0,474,0
19024,img/img_00117252.jpg,lower-body clothes,315,246,457,211,413,98
19025,img/img_00117257.jpg,lower-body clothes,373,146,236,90,392,19
19026,img/img_00117258.jpg,lower-body clothes,365,103,488,385,408,43
19027,img/img_00117261.jpg,lower-body clothes,387,145,161,16,396,9
19028,img/img_00117262.jpg,lower-body clothes,350,140,199,59,391,41
19029,img/img_00117266.jpg,lower-body clothes,247,77,196,119,447,200
19030,img/img_00117284.jpg,upper-body clothes,248,96,260,164,413,165
19031,img/img_00117291.jpg,upper-body clothes,242,126,199,73,392,150
19032,img/img_00117292.jpg,upper-body clothes,276,66,156,90,383,107
19033,img/img_00117298.jpg,upper-body clothes,205,142,241,99,312,107
19034,img/img_00117301.jpg,upper-body clothes,277,147,333,186,435,158
19035,img/img_00117307.jpg,upper-body clothes,132,70,131,61,199,67
19036,img/img_00117317.jpg,upper-body clothes,174,58,160,102,255,81
19037,img/img_00117329.jpg,upper-body clothes,178,81,135,54,269,91
19038,img/img_00117330.jpg,upper-body clothes,167,196,253,57,310,143
19039,img/img_00117334.jpg,upper-body clothes,330,60,158,98,489,159
19040,img/img_00117339.jpg,upper-body clothes,77,296,296,0,77,0
19041,img/img_00117347.jpg,full-body clothes,225,105,191,86,313,88
19042,img/img_00117352.jpg,full-body clothes,253,91,163,72,301,48
19043,img/img_00117354.jpg,full-body clothes,110,56,111,55,150,40
19044,img/img_00117362.jpg,upper-body clothes,241,124,212,88,378,137
19045,img/img_00117364.jpg,upper-body clothes,280,217,314,97,322,42
19046,img/img_00117367.jpg,upper-body clothes,203,105,105,0,203,0
19047,img/img_00117369.jpg,upper-body clothes,92,51,209,158,229,137
19048,img/img_00117381.jpg,upper-body clothes,309,265,265,0,309,0
19049,img/img_00117402.jpg,upper-body clothes,142,90,144,54,197,55
19050,img/img_00117407.jpg,lower-body clothes,454,89,334,245,484,30
19051,img/img_00117412.jpg,lower-body clothes,409,128,218,90,421,12
19052,img/img_00117416.jpg,lower-body clothes,365,179,282,103,388,23
19053,img/img_00117418.jpg,lower-body clothes,138,67,151,84,307,169
19054,img/img_00117422.jpg,lower-body clothes,254,92,412,320,300,46
19055,img/img_00117437.jpg,lower-body clothes,190,63,145,82,203,13
19056,img/img_00117441.jpg,lower-body clothes,407,138,262,124,424,17
19057,img/img_00117443.jpg,lower-body clothes,458,205,205,0,458,0
19058,img/img_00117451.jpg,lower-body clothes,216,78,212,134,426,210
19059,img/img_00117453.jpg,lower-body clothes,219,96,250,154,435,216
19060,img/img_00117457.jpg,lower-body clothes,275,66,266,200,450,175
19061,img/img_00117463.jpg,lower-body clothes,195,109,186,77,380,185
19062,img/img_00117471.jpg,upper-body clothes,235,164,456,292,411,176
19063,img/img_00117482.jpg,upper-body clothes,228,94,283,189,358,130
19064,img/img_00117485.jpg,upper-body clothes,340,98,194,96,411,71
19065,img/img_00117506.jpg,upper-body clothes,164,327,327,0,164,0
19066,img/img_00117507.jpg,upper-body clothes,351,77,180,103,498,147
19067,img/img_00117511.jpg,upper-body clothes,204,98,146,48,243,39
19068,img/img_00117513.jpg,upper-body clothes,306,169,271,102,437,131
19069,img/img_00117521.jpg,upper-body clothes,141,69,139,70,215,74
19070,img/img_00117525.jpg,upper-body clothes,175,333,333,0,175,0
19071,img/img_00117527.jpg,upper-body clothes,291,73,217,144,398,107
19072,img/img_00117533.jpg,lower-body clothes,117,179,179,0,117,0
19073,img/img_00117543.jpg,lower-body clothes,207,81,170,89,407,200
19074,img/img_00117570.jpg,upper-body clothes,55,265,265,0,55,0
19075,img/img_00117575.jpg,upper-body clothes,277,174,271,97,446,169
19076,img/img_00117579.jpg,upper-body clothes,195,71,160,89,314,119
19077,img/img_00117583.jpg,upper-body clothes,240,125,199,74,374,134
19078,img/img_00117589.jpg,lower-body clothes,412,115,268,153,438,26
19079,img/img_00117594.jpg,lower-body clothes,238,84,223,139,444,206
19080,img/img_00117596.jpg,lower-body clothes,123,135,321,186,286,163
19081,img/img_00117603.jpg,lower-body clothes,250,113,169,56,331,81
19082,img/img_00117611.jpg,upper-body clothes,260,295,295,0,260,0
19083,img/img_00117613.jpg,upper-body clothes,227,94,179,85,307,80
19084,img/img_00117626.jpg,upper-body clothes,247,216,216,0,247,0
19085,img/img_00117631.jpg,lower-body clothes,208,176,360,184,235,27
19086,img/img_00117633.jpg,lower-body clothes,310,410,412,2,376,66
19087,img/img_00117635.jpg,lower-body clothes,53,333,333,0,53,0
19088,img/img_00117640.jpg,lower-body clothes,159,128,172,44,206,47
19089,img/img_00117652.jpg,lower-body clothes,115,162,286,124,486,371
19090,img/img_00117660.jpg,lower-body clothes,276,82,105,23,469,193
19091,img/img_00117662.jpg,lower-body clothes,171,49,203,154,313,142
19092,img/img_00117666.jpg,upper-body clothes,213,139,222,83,352,139
19093,img/img_00117667.jpg,upper-body clothes,296,162,276,114,419,123
19094,img/img_00117672.jpg,upper-body clothes,276,112,188,76,399,123
19095,img/img_00117674.jpg,upper-body clothes,350,117,259,142,473,123
19096,img/img_00117675.jpg,upper-body clothes,163,94,227,133,228,65
19097,img/img_00117676.jpg,upper-body clothes,294,158,252,94,420,126
19098,img/img_00117683.jpg,upper-body clothes,369,166,166,0,369,0
19099,img/img_00117686.jpg,upper-body clothes,333,244,281,37,459,126
19100,img/img_00117692.jpg,upper-body clothes,328,209,270,61,462,134
19101,img/img_00117694.jpg,upper-body clothes,285,190,307,117,479,194
19102,img/img_00117705.jpg,upper-body clothes,184,111,230,119,291,107
19103,img/img_00117724.jpg,upper-body clothes,159,94,166,72,239,80
19104,img/img_00117730.jpg,upper-body clothes,234,190,244,54,270,36
19105,img/img_00117732.jpg,full-body clothes,272,106,240,134,389,117
19106,img/img_00117734.jpg,full-body clothes,238,72,156,84,304,66
19107,img/img_00117742.jpg,upper-body clothes,448,344,344,0,448,0
19108,img/img_00117744.jpg,upper-body clothes,245,197,352,155,439,194
19109,img/img_00117754.jpg,upper-body clothes,159,106,305,199,203,44
19110,img/img_00117758.jpg,upper-body clothes,227,172,231,59,389,162
19111,img/img_00117765.jpg,upper-body clothes,466,286,286,0,466,0
19112,img/img_00117771.jpg,upper-body clothes,253,195,352,157,425,172
19113,img/img_00117776.jpg,full-body clothes,223,51,145,94,278,55
19114,img/img_00117788.jpg,full-body clothes,317,202,368,166,437,120
19115,img/img_00117795.jpg,upper-body clothes,149,113,205,92,271,122
19116,img/img_00117803.jpg,upper-body clothes,253,122,201,79,427,174
19117,img/img_00117805.jpg,upper-body clothes,347,211,220,9,472,125
19118,img/img_00117811.jpg,upper-body clothes,409,281,281,0,409,0
19119,img/img_00117820.jpg,upper-body clothes,425,289,393,104,452,27
19120,img/img_00117827.jpg,full-body clothes,323,41,226,185,437,114
19121,img/img_00117830.jpg,full-body clothes,368,199,292,93,491,123
19122,img/img_00117839.jpg,full-body clothes,352,234,322,88,474,122
19123,img/img_00117841.jpg,full-body clothes,319,186,274,88,447,128
19124,img/img_00117846.jpg,full-body clothes,331,125,230,105,464,133
19125,img/img_00117863.jpg,lower-body clothes,127,181,239,58,129,2
19126,img/img_00117865.jpg,lower-body clothes,56,92,201,109,278,222
19127,img/img_00117891.jpg,lower-body clothes,187,42,98,56,222,35
19128,img/img_00117894.jpg,lower-body clothes,246,75,130,55,247,1
19129,img/img_00117904.jpg,lower-body clothes,191,68,132,64,217,26
19130,img/img_00117910.jpg,lower-body clothes,208,72,167,95,216,8
19131,img/img_00117911.jpg,lower-body clothes,162,50,166,116,185,23
19132,img/img_00117912.jpg,lower-body clothes,357,212,212,0,357,0
19133,img/img_00117924.jpg,upper-body clothes,79,73,247,174,165,86
19134,img/img_00117940.jpg,upper-body clothes,270,137,261,124,414,144
19135,img/img_00117941.jpg,upper-body clothes,234,130,218,88,370,136
19136,img/img_00117943.jpg,upper-body clothes,53,214,214,0,53,0
19137,img/img_00117948.jpg,upper-body clothes,435,468,468,0,435,0
19138,img/img_00117951.jpg,upper-body clothes,292,122,212,90,407,115
19139,img/img_00117963.jpg,lower-body clothes,181,188,195,7,372,191
19140,img/img_00117971.jpg,lower-body clothes,113,58,227,169,307,194
19141,img/img_00117974.jpg,lower-body clothes,180,115,266,151,382,202
19142,img/img_00117984.jpg,full-body clothes,344,252,275,23,428,84
19143,img/img_00117991.jpg,full-body clothes,189,221,221,0,189,0
19144,img/img_00117992.jpg,full-body clothes,321,133,259,126,329,8
19145,img/img_00117997.jpg,lower-body clothes,119,94,169,75,360,241
19146,img/img_00118004.jpg,upper-body clothes,221,176,231,55,392,171
19147,img/img_00118006.jpg,upper-body clothes,176,107,206,99,285,109
19148,img/img_00118010.jpg,upper-body clothes,158,108,219,111,256,98
19149,img/img_00118011.jpg,upper-body clothes,163,141,195,54,259,96
19150,img/img_00118013.jpg,upper-body clothes,316,275,275,0,316,0
19151,img/img_00118017.jpg,upper-body clothes,215,124,247,123,347,132
19152,img/img_00118022.jpg,upper-body clothes,245,173,219,46,364,119
19153,img/img_00118025.jpg,upper-body clothes,144,152,152,0,144,0
19154,img/img_00118027.jpg,upper-body clothes,214,87,224,137,312,98
19155,img/img_00118029.jpg,upper-body clothes,128,105,199,94,221,93
19156,img/img_00118033.jpg,upper-body clothes,279,148,283,135,432,153
19157,img/img_00118035.jpg,upper-body clothes,69,332,332,0,69,0
19158,img/img_00118036.jpg,upper-body clothes,337,322,322,0,337,0
19159,img/img_00118038.jpg,upper-body clothes,162,154,154,0,162,0
19160,img/img_00118041.jpg,upper-body clothes,79,83,139,56,136,57
19161,img/img_00118048.jpg,upper-body clothes,182,122,215,93,262,80
19162,img/img_00118051.jpg,upper-body clothes,135,87,228,141,231,96
19163,img/img_00118061.jpg,upper-body clothes,263,171,305,134,324,61
19164,img/img_00118067.jpg,upper-body clothes,308,175,264,89,437,129
19165,img/img_00118085.jpg,upper-body clothes,324,181,350,169,447,123
19166,img/img_00118087.jpg,upper-body clothes,72,50,128,78,121,49
19167,img/img_00118089.jpg,upper-body clothes,197,150,215,65,296,99
19168,img/img_00118091.jpg,upper-body clothes,109,85,131,46,180,71
19169,img/img_00118097.jpg,upper-body clothes,153,105,199,94,265,112
19170,img/img_00118112.jpg,full-body clothes,339,222,222,0,339,0
19171,img/img_00118122.jpg,upper-body clothes,116,72,157,85,187,71
19172,img/img_00118136.jpg,upper-body clothes,217,264,264,0,217,0
19173,img/img_00118147.jpg,upper-body clothes,308,178,266,88,435,127
19174,img/img_00118150.jpg,upper-body clothes,157,84,221,137,243,86
19175,img/img_00118168.jpg,upper-body clothes,69,43,106,63,115,46
19176,img/img_00118174.jpg,upper-body clothes,274,176,243,67,441,167
19177,img/img_00118182.jpg,upper-body clothes,178,50,187,137,367,189
19178,img/img_00118197.jpg,upper-body clothes,172,74,180,106,260,88
19179,img/img_00118202.jpg,upper-body clothes,197,115,190,75,327,130
19180,img/img_00118204.jpg,upper-body clothes,139,82,183,101,226,87
19181,img/img_00118205.jpg,upper-body clothes,106,53,103,50,165,59
19182,img/img_00118212.jpg,upper-body clothes,169,89,190,101,252,83
19183,img/img_00118213.jpg,upper-body clothes,155,196,196,0,155,0
19184,img/img_00118214.jpg,upper-body clothes,130,73,164,91,204,74
19185,img/img_00118216.jpg,upper-body clothes,50,44,140,96,84,34
19186,img/img_00118224.jpg,upper-body clothes,109,69,125,56,164,55
19187,img/img_00118227.jpg,upper-body clothes,161,137,192,55,253,92
19188,img/img_00118232.jpg,upper-body clothes,315,84,182,98,471,156
19189,img/img_00118246.jpg,upper-body clothes,123,101,183,82,205,82
19190,img/img_00118250.jpg,upper-body clothes,115,89,186,97,198,83
19191,img/img_00118253.jpg,upper-body clothes,307,275,330,55,441,134
19192,img/img_00118254.jpg,upper-body clothes,142,109,167,58,200,58
19193,img/img_00118260.jpg,upper-body clothes,157,105,198,93,246,89
19194,img/img_00118264.jpg,upper-body clothes,190,64,190,126,208,18
19195,img/img_00118273.jpg,upper-body clothes,370,98,241,143,457,87
19196,img/img_00118307.jpg,upper-body clothes,300,140,320,180,448,148
19197,img/img_00118308.jpg,upper-body clothes,145,175,361,186,267,122
19198,img/img_00118311.jpg,upper-body clothes,247,200,200,0,247,0
19199,img/img_00118316.jpg,upper-body clothes,499,170,170,0,499,0
19200,img/img_00118320.jpg,upper-body clothes,166,117,236,119,312,146
19201,img/img_00118328.jpg,upper-body clothes,195,117,251,134,329,134
19202,img/img_00118332.jpg,upper-body clothes,96,66,216,150,202,106
19203,img/img_00118334.jpg,upper-body clothes,89,68,185,117,174,85
19204,img/img_00118339.jpg,upper-body clothes,92,68,192,124,183,91
19205,img/img_00118343.jpg,upper-body clothes,151,98,224,126,282,131
19206,img/img_00118353.jpg,upper-body clothes,196,108,234,126,320,124
19207,img/img_00118374.jpg,upper-body clothes,270,113,207,94,416,146
19208,img/img_00118378.jpg,upper-body clothes,190,190,274,84,313,123
19209,img/img_00118391.jpg,upper-body clothes,268,226,226,0,268,0
19210,img/img_00118398.jpg,upper-body clothes,285,105,167,62,444,159
19211,img/img_00118411.jpg,full-body clothes,260,283,283,0,260,0
19212,img/img_00118414.jpg,full-body clothes,302,94,203,109,394,92
19213,img/img_00118428.jpg,lower-body clothes,52,58,146,88,147,95
19214,img/img_00118432.jpg,lower-body clothes,400,129,251,122,421,21
19215,img/img_00118445.jpg,lower-body clothes,171,48,118,70,207,36
19216,img/img_00118459.jpg,upper-body clothes,108,62,166,104,189,81
19217,img/img_00118463.jpg,upper-body clothes,306,59,180,121,402,96
19218,img/img_00118468.jpg,upper-body clothes,108,60,96,36,172,64
19219,img/img_00118469.jpg,upper-body clothes,298,122,254,132,436,138
19220,img/img_00118474.jpg,upper-body clothes,220,85,199,114,330,110
19221,img/img_00118480.jpg,full-body clothes,185,103,315,212,263,78
19222,img/img_00118491.jpg,full-body clothes,295,308,308,0,295,0
19223,img/img_00118493.jpg,full-body clothes,374,199,199,0,374,0
19224,img/img_00118511.jpg,upper-body clothes,134,80,121,41,223,89
19225,img/img_00118520.jpg,full-body clothes,152,83,156,73,242,90
19226,img/img_00118523.jpg,full-body clothes,357,140,250,110,483,126
19227,img/img_00118535.jpg,upper-body clothes,422,265,265,0,422,0
19228,img/img_00118543.jpg,upper-body clothes,238,155,233,78,362,124
19229,img/img_00118546.jpg,upper-body clothes,328,65,211,146,451,123
19230,img/img_00118549.jpg,upper-body clothes,156,110,240,130,243,87
19231,img/img_00118550.jpg,upper-body clothes,119,87,216,129,253,134
19232,img/img_00118556.jpg,upper-body clothes,275,242,320,78,441,166
19233,img/img_00118564.jpg,upper-body clothes,111,74,181,107,210,99
19234,img/img_00118565.jpg,upper-body clothes,126,89,177,88,229,103
19235,img/img_00118566.jpg,upper-body clothes,163,129,218,89,306,143
19236,img/img_00118568.jpg,upper-body clothes,107,68,211,143,197,90
19237,img/img_00118587.jpg,upper-body clothes,217,125,231,106,334,117
19238,img/img_00118607.jpg,full-body clothes,282,314,314,0,282,0
19239,img/img_00118610.jpg,full-body clothes,326,51,150,99,425,99
19240,img/img_00118612.jpg,full-body clothes,281,164,245,81,452,171
19241,img/img_00118614.jpg,full-body clothes,325,170,291,121,440,115
19242,img/img_00118628.jpg,full-body clothes,303,143,260,117,407,104
19243,img/img_00118632.jpg,upper-body clothes,256,162,237,75,373,117
19244,img/img_00118633.jpg,upper-body clothes,146,108,160,52,234,88
19245,img/img_00118635.jpg,upper-body clothes,249,163,242,79,401,152
19246,img/img_00118637.jpg,upper-body clothes,265,151,198,47,383,118
19247,img/img_00118644.jpg,full-body clothes,132,41,112,71,166,34
19248,img/img_00118649.jpg,upper-body clothes,388,247,338,91,468,80
19249,img/img_00118654.jpg,upper-body clothes,84,63,148,85,166,82
19250,img/img_00118664.jpg,upper-body clothes,246,113,194,81,356,110
19251,img/img_00118678.jpg,upper-body clothes,121,64,180,116,207,86
19252,img/img_00118679.jpg,upper-body clothes,175,93,254,161,256,81
19253,img/img_00118706.jpg,upper-body clothes,226,143,346,203,329,103
19254,img/img_00118714.jpg,upper-body clothes,135,112,225,113,256,121
19255,img/img_00118723.jpg,full-body clothes,289,183,183,0,289,0
19256,img/img_00118725.jpg,full-body clothes,385,185,185,0,385,0
19257,img/img_00118737.jpg,upper-body clothes,163,78,138,60,226,63
19258,img/img_00118743.jpg,upper-body clothes,330,185,281,96,486,156
19259,img/img_00118748.jpg,upper-body clothes,285,128,316,188,434,149
19260,img/img_00118759.jpg,upper-body clothes,315,79,269,190,470,155
19261,img/img_00118765.jpg,upper-body clothes,212,110,247,137,306,94
19262,img/img_00118771.jpg,upper-body clothes,306,90,201,111,433,127
19263,img/img_00118786.jpg,upper-body clothes,150,67,180,113,215,65
19264,img/img_00118787.jpg,upper-body clothes,39,125,125,0,39,0
19265,img/img_00118791.jpg,upper-body clothes,81,46,209,163,277,196
19266,img/img_00118792.jpg,upper-body clothes,280,140,286,146,344,64
19267,img/img_00118795.jpg,upper-body clothes,273,132,310,178,412,139
19268,img/img_00118798.jpg,upper-body clothes,200,93,448,355,280,80
19269,img/img_00118809.jpg,upper-body clothes,208,114,268,154,325,117
19270,img/img_00118810.jpg,upper-body clothes,221,105,187,82,426,205
19271,img/img_00118813.jpg,upper-body clothes,270,139,289,150,406,136
19272,img/img_00118816.jpg,upper-body clothes,377,275,275,0,377,0
19273,img/img_00118818.jpg,upper-body clothes,361,358,358,0,361,0
19274,img/img_00118840.jpg,full-body clothes,258,55,205,150,346,88
19275,img/img_00118856.jpg,upper-body clothes,137,108,401,293,259,122
19276,img/img_00118872.jpg,lower-body clothes,114,89,209,120,342,228
19277,img/img_00118875.jpg,lower-body clothes,175,144,252,108,284,109
19278,img/img_00118876.jpg,lower-body clothes,79,98,136,38,250,171
19279,img/img_00118877.jpg,lower-body clothes,141,169,240,71,445,304
19280,img/img_00118883.jpg,upper-body clothes,289,142,263,121,424,135
19281,img/img_00118886.jpg,upper-body clothes,202,121,192,71,324,122
19282,img/img_00118888.jpg,upper-body clothes,179,118,208,90,295,116
19283,img/img_00118898.jpg,upper-body clothes,174,108,231,123,251,77
19284,img/img_00118901.jpg,upper-body clothes,341,98,267,169,474,133
19285,img/img_00118902.jpg,upper-body clothes,280,140,326,186,416,136
19286,img/img_00118906.jpg,upper-body clothes,176,62,170,108,254,78
19287,img/img_00118912.jpg,upper-body clothes,161,72,115,43,219,58
19288,img/img_00118923.jpg,upper-body clothes,413,231,293,62,472,59
19289,img/img_00118928.jpg,lower-body clothes,170,99,195,96,395,225
19290,img/img_00118938.jpg,lower-body clothes,270,179,179,0,270,0
19291,img/img_00118943.jpg,lower-body clothes,296,99,254,155,466,170
19292,img/img_00118945.jpg,lower-body clothes,139,91,235,144,331,192
19293,img/img_00118949.jpg,lower-body clothes,302,89,248,159,464,162
19294,img/img_00118950.jpg,lower-body clothes,158,348,348,0,158,0
19295,img/img_00118955.jpg,full-body clothes,164,60,148,88,222,58
19296,img/img_00118957.jpg,full-body clothes,345,78,203,125,433,88
19297,img/img_00118972.jpg,full-body clothes,189,132,182,50,240,51
19298,img/img_00118974.jpg,full-body clothes,167,30,127,97,223,56
19299,img/img_00118976.jpg,full-body clothes,308,191,269,78,481,173
19300,img/img_00118983.jpg,full-body clothes,255,34,135,101,326,71
19301,img/img_00118987.jpg,full-body clothes,327,64,290,226,429,102
19302,img/img_00118994.jpg,upper-body clothes,191,125,217,92,295,104
19303,img/img_00118999.jpg,upper-body clothes,180,71,182,111,267,87
19304,img/img_00119001.jpg,upper-body clothes,245,146,256,110,391,146
19305,img/img_00119007.jpg,upper-body clothes,237,165,272,107,291,54
19306,img/img_00119009.jpg,upper-body clothes,161,171,261,90,269,108
19307,img/img_00119023.jpg,upper-body clothes,222,157,238,81,318,96
19308,img/img_00119040.jpg,upper-body clothes,277,161,265,104,420,143
19309,img/img_00119047.jpg,upper-body clothes,181,114,217,103,320,139
19310,img/img_00119048.jpg,upper-body clothes,165,67,160,93,260,95
19311,img/img_00119054.jpg,upper-body clothes,146,83,136,53,229,83
19312,img/img_00119063.jpg,upper-body clothes,152,135,203,68,264,112
19313,img/img_00119066.jpg,upper-body clothes,266,171,171,0,266,0
19314,img/img_00119068.jpg,upper-body clothes,287,194,250,56,311,24
19315,img/img_00119070.jpg,upper-body clothes,307,242,242,0,307,0
19316,img/img_00119072.jpg,upper-body clothes,261,104,229,125,390,129
19317,img/img_00119094.jpg,lower-body clothes,218,103,258,155,438,220
19318,img/img_00119100.jpg,lower-body clothes,160,142,233,91,393,233
19319,img/img_00119128.jpg,lower-body clothes,157,202,253,51,201,44
19320,img/img_00119130.jpg,lower-body clothes,137,174,276,102,475,338
19321,img/img_00119148.jpg,lower-body clothes,125,258,258,0,125,0
19322,img/img_00119159.jpg,lower-body clothes,197,56,320,264,473,276
19323,img/img_00119161.jpg,lower-body clothes,257,115,260,145,456,199
19324,img/img_00119170.jpg,full-body clothes,345,185,240,55,446,101
19325,img/img_00119172.jpg,full-body clothes,247,306,306,0,247,0
19326,img/img_00119176.jpg,full-body clothes,187,68,99,31,226,39
19327,img/img_00119183.jpg,full-body clothes,249,59,104,45,328,79
19328,img/img_00119189.jpg,upper-body clothes,99,100,174,74,204,105
19329,img/img_00119197.jpg,upper-body clothes,169,63,207,144,253,84
19330,img/img_00119201.jpg,upper-body clothes,271,186,260,74,421,150
19331,img/img_00119205.jpg,upper-body clothes,162,73,151,78,231,69
19332,img/img_00119210.jpg,upper-body clothes,143,382,382,0,143,0
19333,img/img_00119216.jpg,upper-body clothes,411,334,414,80,447,36
19334,img/img_00119227.jpg,upper-body clothes,498,300,300,0,498,0
19335,img/img_00119242.jpg,lower-body clothes,269,420,466,46,330,61
19336,img/img_00119258.jpg,upper-body clothes,165,163,242,79,294,129
19337,img/img_00119263.jpg,upper-body clothes,172,134,325,191,333,161
19338,img/img_00119268.jpg,upper-body clothes,86,86,202,116,228,142
19339,img/img_00119276.jpg,upper-body clothes,144,91,196,105,216,72
19340,img/img_00119282.jpg,upper-body clothes,335,235,313,78,493,158
19341,img/img_00119288.jpg,upper-body clothes,233,159,202,43,245,12
19342,img/img_00119295.jpg,upper-body clothes,73,203,203,0,73,0
19343,img/img_00119309.jpg,lower-body clothes,74,51,125,74,172,98
19344,img/img_00119311.jpg,lower-body clothes,73,106,205,99,271,198
19345,img/img_00119321.jpg,full-body clothes,363,41,226,185,505,142
19346,img/img_00119349.jpg,lower-body clothes,192,155,276,121,497,305
19347,img/img_00119356.jpg,lower-body clothes,69,67,133,66,115,46
19348,img/img_00119357.jpg,lower-body clothes,141,280,280,0,141,0
19349,img/img_00119362.jpg,full-body clothes,287,131,131,0,287,0
19350,img/img_00119365.jpg,full-body clothes,398,114,223,109,474,76
19351,img/img_00119366.jpg,full-body clothes,383,131,236,105,477,94
19352,img/img_00119367.jpg,full-body clothes,402,122,223,101,484,82
19353,img/img_00119368.jpg,full-body clothes,478,295,295,0,478,0
19354,img/img_00119374.jpg,full-body clothes,424,107,318,211,503,79
19355,img/img_00119379.jpg,full-body clothes,416,62,213,151,500,84
19356,img/img_00119404.jpg,upper-body clothes,66,47,125,78,120,54
19357,img/img_00119419.jpg,full-body clothes,375,98,248,150,441,66
19358,img/img_00119425.jpg,full-body clothes,173,43,108,65,228,55
19359,img/img_00119426.jpg,full-body clothes,414,99,229,130,503,89
19360,img/img_00119439.jpg,full-body clothes,322,72,245,173,459,137
19361,img/img_00119444.jpg,full-body clothes,392,237,237,0,392,0
19362,img/img_00119453.jpg,upper-body clothes,283,173,274,101,416,133
19363,img/img_00119455.jpg,upper-body clothes,149,145,211,66,282,133
19364,img/img_00119463.jpg,full-body clothes,276,98,242,144,419,143
19365,img/img_00119465.jpg,full-body clothes,231,114,223,109,302,71
19366,img/img_00119466.jpg,full-body clothes,201,122,277,155,292,91
19367,img/img_00119474.jpg,full-body clothes,175,78,137,59,234,59
19368,img/img_00119475.jpg,full-body clothes,148,78,124,46,215,67
19369,img/img_00119480.jpg,full-body clothes,272,46,177,131,405,133
19370,img/img_00119484.jpg,full-body clothes,310,239,275,36,448,138
19371,img/img_00119496.jpg,full-body clothes,131,68,97,29,182,51
19372,img/img_00119524.jpg,upper-body clothes,98,118,183,65,216,118
19373,img/img_00119527.jpg,upper-body clothes,255,221,292,71,391,136
19374,img/img_00119528.jpg,full-body clothes,455,343,343,0,455,0
19375,img/img_00119530.jpg,full-body clothes,339,197,294,97,470,131
19376,img/img_00119537.jpg,full-body clothes,252,137,227,90,300,48
19377,img/img_00119541.jpg,full-body clothes,186,137,211,74,255,69
19378,img/img_00119545.jpg,full-body clothes,333,189,298,109,470,137
19379,img/img_00119546.jpg,full-body clothes,338,215,299,84,466,128
19380,img/img_00119560.jpg,full-body clothes,104,95,95,0,104,0
19381,img/img_00119564.jpg,full-body clothes,243,126,206,80,326,83
19382,img/img_00119566.jpg,full-body clothes,243,103,214,111,327,84
19383,img/img_00119567.jpg,full-body clothes,283,84,161,77,334,51
19384,img/img_00119572.jpg,full-body clothes,306,156,214,58,447,141
19385,img/img_00119574.jpg,full-body clothes,274,155,230,75,408,134
19386,img/img_00119576.jpg,full-body clothes,361,281,281,0,361,0
19387,img/img_00119580.jpg,upper-body clothes,243,254,254,0,243,0
19388,img/img_00119584.jpg,upper-body clothes,337,442,442,0,337,0
19389,img/img_00119589.jpg,upper-body clothes,138,83,83,0,138,0
19390,img/img_00119597.jpg,full-body clothes,355,171,204,33,442,87
19391,img/img_00119598.jpg,full-body clothes,242,136,239,103,324,82
19392,img/img_00119600.jpg,full-body clothes,283,291,390,99,436,153
19393,img/img_00119615.jpg,upper-body clothes,176,149,263,114,279,103
19394,img/img_00119623.jpg,upper-body clothes,85,65,410,345,156,71
19395,img/img_00119625.jpg,upper-body clothes,152,152,199,47,262,110
19396,img/img_00119626.jpg,upper-body clothes,77,53,239,186,261,184
19397,img/img_00119641.jpg,lower-body clothes,140,133,177,44,318,178
19398,img/img_00119642.jpg,lower-body clothes,207,238,238,0,207,0
19399,img/img_00119656.jpg,full-body clothes,213,89,215,126,309,96
19400,img/img_00119657.jpg,full-body clothes,364,163,267,104,472,108
19401,img/img_00119660.jpg,full-body clothes,365,213,286,73,465,100
19402,img/img_00119668.jpg,full-body clothes,215,116,207,91,281,66
19403,img/img_00119671.jpg,lower-body clothes,127,89,192,103,444,317
19404,img/img_00119674.jpg,lower-body clothes,134,175,211,36,146,12
19405,img/img_00119676.jpg,lower-body clothes,36,49,115,66,124,88
19406,img/img_00119679.jpg,lower-body clothes,41,23,119,96,130,89
19407,img/img_00119682.jpg,lower-body clothes,123,173,264,91,417,294
19408,img/img_00119695.jpg,full-body clothes,218,136,166,30,295,77
19409,img/img_00119699.jpg,full-body clothes,320,223,297,74,438,118
19410,img/img_00119700.jpg,full-body clothes,114,68,148,80,154,40
19411,img/img_00119702.jpg,full-body clothes,381,221,275,54,484,103
19412,img/img_00119706.jpg,upper-body clothes,135,131,271,140,299,164
19413,img/img_00119708.jpg,upper-body clothes,330,221,221,0,330,0
19414,img/img_00119721.jpg,upper-body clothes,475,259,259,0,475,0
19415,img/img_00119723.jpg,upper-body clothes,69,61,151,90,176,107
19416,img/img_00119740.jpg,full-body clothes,354,158,158,0,354,0
19417,img/img_00119744.jpg,full-body clothes,176,94,176,82,244,68
19418,img/img_00119752.jpg,full-body clothes,193,115,268,153,380,187
19419,img/img_00119759.jpg,lower-body clothes,62,75,142,67,195,133
19420,img/img_00119764.jpg,full-body clothes,325,128,267,139,432,107
19421,img/img_00119778.jpg,upper-body clothes,174,141,196,55,274,100
19422,img/img_00119780.jpg,upper-body clothes,123,80,115,35,192,69
19423,img/img_00119783.jpg,upper-body clothes,252,214,272,58,391,139
19424,img/img_00119786.jpg,upper-body clothes,156,92,170,78,264,108
19425,img/img_00119788.jpg,full-body clothes,359,147,260,113,451,92
19426,img/img_00119796.jpg,full-body clothes,377,141,245,104,455,78
19427,img/img_00119797.jpg,full-body clothes,260,68,174,106,313,53
19428,img/img_00119800.jpg,full-body clothes,369,62,97,35,444,75
19429,img/img_00119802.jpg,full-body clothes,327,76,173,97,401,74
19430,img/img_00119805.jpg,full-body clothes,257,69,154,85,320,63
19431,img/img_00119809.jpg,full-body clothes,238,46,189,143,291,53
19432,img/img_00119816.jpg,full-body clothes,214,111,202,91,308,94
19433,img/img_00119822.jpg,full-body clothes,247,455,455,0,247,0
19434,img/img_00119827.jpg,full-body clothes,246,150,150,0,246,0
19435,img/img_00119830.jpg,full-body clothes,199,119,253,134,338,139
19436,img/img_00119835.jpg,full-body clothes,169,270,270,0,169,0
19437,img/img_00119839.jpg,full-body clothes,340,167,248,81,467,127
19438,img/img_00119840.jpg,full-body clothes,269,184,233,49,403,134
19439,img/img_00119841.jpg,full-body clothes,114,318,318,0,114,0
19440,img/img_00119844.jpg,full-body clothes,383,286,286,0,383,0
19441,img/img_00119848.jpg,lower-body clothes,401,143,281,138,417,16
19442,img/img_00119876.jpg,lower-body clothes,493,297,297,0,493,0
19443,img/img_00119877.jpg,lower-body clothes,333,125,270,145,340,7
19444,img/img_00119884.jpg,full-body clothes,224,39,107,68,314,90
19445,img/img_00119886.jpg,full-body clothes,234,81,129,48,248,14
19446,img/img_00119899.jpg,full-body clothes,373,91,211,120,463,90
19447,img/img_00119900.jpg,full-body clothes,379,103,275,172,460,81
19448,img/img_00119903.jpg,full-body clothes,436,66,290,224,501,65
19449,img/img_00119904.jpg,full-body clothes,287,40,207,167,416,129
19450,img/img_00119911.jpg,full-body clothes,154,67,108,41,186,32
19451,img/img_00119912.jpg,full-body clothes,192,90,167,77,299,107
19452,img/img_00119917.jpg,full-body clothes,321,83,219,136,434,113
19453,img/img_00119924.jpg,lower-body clothes,142,149,501,352,338,196
19454,img/img_00119929.jpg,lower-body clothes,77,107,163,56,91,14
19455,img/img_00119935.jpg,lower-body clothes,47,183,183,0,47,0
19456,img/img_00119945.jpg,lower-body clothes,201,291,297,6,333,132
19457,img/img_00119957.jpg,upper-body clothes,273,86,200,114,369,96
19458,img/img_00119959.jpg,upper-body clothes,75,53,75,22,105,30
19459,img/img_00119964.jpg,upper-body clothes,191,68,162,94,274,83
19460,img/img_00119969.jpg,lower-body clothes,180,146,320,174,289,109
19461,img/img_00119974.jpg,full-body clothes,228,125,176,51,292,64
19462,img/img_00119975.jpg,full-body clothes,294,155,245,90,411,117
19463,img/img_00119977.jpg,full-body clothes,207,62,178,116,318,111
19464,img/img_00119978.jpg,full-body clothes,162,92,254,162,283,121
19465,img/img_00119988.jpg,full-body clothes,330,210,276,66,454,124
19466,img/img_00119989.jpg,full-body clothes,356,137,249,112,481,125
19467,img/img_00119990.jpg,full-body clothes,374,80,240,160,475,101
19468,img/img_00119991.jpg,full-body clothes,367,172,248,76,469,102
19469,img/img_00120006.jpg,full-body clothes,442,349,349,0,442,0
19470,img/img_00120016.jpg,full-body clothes,202,74,210,136,293,91
19471,img/img_00120018.jpg,full-body clothes,229,114,247,133,303,74
19472,img/img_00120020.jpg,full-body clothes,354,162,272,110,491,137
19473,img/img_00120032.jpg,lower-body clothes,227,263,327,64,277,50
19474,img/img_00120033.jpg,lower-body clothes,138,146,232,86,187,49
19475,img/img_00120034.jpg,lower-body clothes,202,194,261,67,455,253
19476,img/img_00120040.jpg,full-body clothes,301,203,288,85,375,74
19477,img/img_00120045.jpg,full-body clothes,312,271,296,25,429,117
19478,img/img_00120048.jpg,full-body clothes,224,104,127,23,300,76
19479,img/img_00120053.jpg,full-body clothes,347,45,277,232,464,117
19480,img/img_00120064.jpg,lower-body clothes,154,156,199,43,356,202
19481,img/img_00120068.jpg,lower-body clothes,317,228,496,268,393,76
19482,img/img_00120070.jpg,lower-body clothes,288,222,222,0,288,0
19483,img/img_00120071.jpg,lower-body clothes,183,155,219,64,370,187
19484,img/img_00120073.jpg,lower-body clothes,433,403,403,0,433,0
19485,img/img_00120092.jpg,lower-body clothes,53,78,131,53,196,143
19486,img/img_00120095.jpg,full-body clothes,353,219,230,11,361,8
19487,img/img_00120099.jpg,full-body clothes,238,88,180,92,343,105
19488,img/img_00120108.jpg,upper-body clothes,290,254,365,111,371,81
19489,img/img_00120110.jpg,upper-body clothes,267,148,236,88,382,115
19490,img/img_00120117.jpg,lower-body clothes,187,86,146,60,195,8
19491,img/img_00120134.jpg,upper-body clothes,263,146,263,117,415,152
19492,img/img_00120136.jpg,upper-body clothes,215,91,187,96,349,134
19493,img/img_00120140.jpg,upper-body clothes,222,141,261,120,373,151
19494,img/img_00120141.jpg,upper-body clothes,420,189,301,112,488,68
19495,img/img_00120149.jpg,upper-body clothes,351,170,288,118,462,111
19496,img/img_00120154.jpg,upper-body clothes,294,250,250,0,294,0
19497,img/img_00120160.jpg,upper-body clothes,152,65,163,98,238,86
19498,img/img_00120167.jpg,upper-body clothes,340,238,318,80,473,133
19499,img/img_00120186.jpg,upper-body clothes,311,153,284,131,449,138
19500,img/img_00120188.jpg,upper-body clothes,248,122,246,124,367,119
19501,img/img_00120196.jpg,upper-body clothes,292,192,192,0,292,0
19502,img/img_00120199.jpg,full-body clothes,382,161,264,103,467,85
19503,img/img_00120202.jpg,full-body clothes,348,138,211,73,479,131
19504,img/img_00120204.jpg,full-body clothes,158,116,185,69,260,102
19505,img/img_00120211.jpg,full-body clothes,375,235,335,100,500,125
19506,img/img_00120215.jpg,full-body clothes,297,138,172,34,374,77
19507,img/img_00120221.jpg,full-body clothes,273,119,235,116,359,86
19508,img/img_00120222.jpg,full-body clothes,344,145,260,115,425,81
19509,img/img_00120223.jpg,full-body clothes,233,53,188,135,345,112
19510,img/img_00120224.jpg,full-body clothes,195,124,298,174,283,88
19511,img/img_00120232.jpg,upper-body clothes,58,56,99,43,119,61
19512,img/img_00120233.jpg,upper-body clothes,105,66,147,81,178,73
19513,img/img_00120238.jpg,upper-body clothes,261,128,202,74,409,148
19514,img/img_00120243.jpg,upper-body clothes,361,260,260,0,361,0
19515,img/img_00120246.jpg,full-body clothes,508,304,304,0,508,0
19516,img/img_00120254.jpg,full-body clothes,196,115,165,50,276,80
19517,img/img_00120265.jpg,full-body clothes,365,119,227,108,486,121
19518,img/img_00120272.jpg,upper-body clothes,400,328,328,0,400,0
19519,img/img_00120280.jpg,upper-body clothes,216,209,209,0,216,0
19520,img/img_00120281.jpg,upper-body clothes,217,30,224,194,306,89
19521,img/img_00120282.jpg,full-body clothes,294,187,236,49,438,144
19522,img/img_00120295.jpg,upper-body clothes,319,306,306,0,319,0
19523,img/img_00120296.jpg,upper-body clothes,164,137,236,99,257,93
19524,img/img_00120303.jpg,upper-body clothes,271,111,246,135,435,164
19525,img/img_00120313.jpg,upper-body clothes,123,33,107,74,196,73
19526,img/img_00120314.jpg,upper-body clothes,226,283,283,0,226,0
19527,img/img_00120323.jpg,full-body clothes,240,131,131,0,240,0
19528,img/img_00120325.jpg,full-body clothes,268,114,273,159,354,86
19529,img/img_00120326.jpg,full-body clothes,373,205,205,0,373,0
19530,img/img_00120339.jpg,full-body clothes,380,209,209,0,380,0
19531,img/img_00120340.jpg,upper-body clothes,207,81,191,110,347,140
19532,img/img_00120341.jpg,upper-body clothes,493,475,475,0,493,0
19533,img/img_00120345.jpg,upper-body clothes,184,113,164,51,291,107
19534,img/img_00120348.jpg,upper-body clothes,182,135,255,120,375,193
19535,img/img_00120350.jpg,upper-body clothes,357,82,247,165,492,135
19536,img/img_00120354.jpg,upper-body clothes,375,125,238,113,469,94
19537,img/img_00120365.jpg,full-body clothes,459,314,314,0,459,0
19538,img/img_00120383.jpg,full-body clothes,319,143,241,98,437,118
19539,img/img_00120415.jpg,upper-body clothes,333,275,360,85,432,99
19540,img/img_00120427.jpg,upper-body clothes,445,385,385,0,445,0
19541,img/img_00120434.jpg,upper-body clothes,188,163,163,0,188,0
19542,img/img_00120435.jpg,upper-body clothes,128,72,302,230,227,99
19543,img/img_00120442.jpg,full-body clothes,342,143,231,88,468,126
19544,img/img_00120448.jpg,full-body clothes,323,177,207,30,464,141
19545,img/img_00120450.jpg,full-body clothes,212,98,225,127,292,80
19546,img/img_00120463.jpg,lower-body clothes,115,169,252,83,406,291
19547,img/img_00120473.jpg,lower-body clothes,80,111,322,211,211,131
19548,img/img_00120482.jpg,full-body clothes,280,245,245,0,280,0
19549,img/img_00120488.jpg,full-body clothes,364,47,205,158,490,126
19550,img/img_00120490.jpg,full-body clothes,299,167,257,90,420,121
19551,img/img_00120494.jpg,upper-body clothes,176,135,271,136,260,84
19552,img/img_00120498.jpg,upper-body clothes,247,151,255,104,324,77
19553,img/img_00120500.jpg,upper-body clothes,343,200,259,59,390,47
19554,img/img_00120501.jpg,upper-body clothes,194,168,284,116,303,109
19555,img/img_00120502.jpg,upper-body clothes,169,336,336,0,169,0
19556,img/img_00120505.jpg,upper-body clothes,278,215,244,29,401,123
19557,img/img_00120507.jpg,upper-body clothes,355,278,313,35,451,96
19558,img/img_00120515.jpg,full-body clothes,359,79,249,170,470,111
19559,img/img_00120520.jpg,full-body clothes,213,40,184,144,291,78
19560,img/img_00120531.jpg,upper-body clothes,293,167,306,139,452,159
19561,img/img_00120539.jpg,upper-body clothes,126,84,154,70,197,71
19562,img/img_00120549.jpg,upper-body clothes,165,108,299,191,185,20
19563,img/img_00120552.jpg,upper-body clothes,494,286,286,0,494,0
19564,img/img_00120553.jpg,upper-body clothes,1,1,1,0,1,0
19565,img/img_00120555.jpg,upper-body clothes,413,261,261,0,413,0
19566,img/img_00120556.jpg,upper-body clothes,311,339,339,0,311,0
19567,img/img_00120559.jpg,upper-body clothes,113,77,249,172,201,88
19568,img/img_00120560.jpg,upper-body clothes,260,74,105,31,381,121
19569,img/img_00120567.jpg,upper-body clothes,251,74,189,115,365,114
19570,img/img_00120569.jpg,upper-body clothes,285,185,331,146,462,177
19571,img/img_00120571.jpg,upper-body clothes,133,54,130,76,231,98
19572,img/img_00120592.jpg,lower-body clothes,87,103,232,129,275,188
19573,img/img_00120594.jpg,lower-body clothes,134,102,291,189,445,311
19574,img/img_00120596.jpg,lower-body clothes,56,93,192,99,262,206
19575,img/img_00120604.jpg,full-body clothes,369,334,334,0,369,0
19576,img/img_00120610.jpg,full-body clothes,378,66,199,133,501,123
19577,img/img_00120620.jpg,full-body clothes,223,121,146,25,304,81
19578,img/img_00120623.jpg,full-body clothes,297,162,293,131,472,175
19579,img/img_00120625.jpg,full-body clothes,290,103,223,120,392,102
19580,img/img_00120626.jpg,full-body clothes,284,267,267,0,284,0
19581,img/img_00120647.jpg,upper-body clothes,174,123,219,96,310,136
19582,img/img_00120649.jpg,upper-body clothes,95,94,150,56,167,72
19583,img/img_00120658.jpg,upper-body clothes,194,169,263,94,347,153
19584,img/img_00120660.jpg,upper-body clothes,142,108,195,87,261,119
19585,img/img_00120674.jpg,full-body clothes,204,83,180,97,267,63
19586,img/img_00120685.jpg,full-body clothes,406,278,352,74,479,73
19587,img/img_00120691.jpg,full-body clothes,181,83,160,77,259,78
19588,img/img_00120692.jpg,full-body clothes,347,41,181,140,455,108
19589,img/img_00120693.jpg,full-body clothes,323,174,278,104,408,85
19590,img/img_00120697.jpg,full-body clothes,357,57,217,160,484,127
19591,img/img_00120702.jpg,full-body clothes,317,47,200,153,417,100
19592,img/img_00120717.jpg,upper-body clothes,57,178,178,0,57,0
19593,img/img_00120747.jpg,upper-body clothes,207,418,418,0,207,0
19594,img/img_00120751.jpg,upper-body clothes,216,159,289,130,355,139
19595,img/img_00120755.jpg,upper-body clothes,149,140,140,0,149,0
19596,img/img_00120758.jpg,upper-body clothes,133,96,155,59,217,84
19597,img/img_00120761.jpg,upper-body clothes,138,117,276,159,264,126
19598,img/img_00120770.jpg,full-body clothes,352,218,276,58,442,90
19599,img/img_00120780.jpg,full-body clothes,384,269,414,145,482,98
19600,img/img_00120783.jpg,upper-body clothes,218,173,281,108,339,121
19601,img/img_00120786.jpg,upper-body clothes,193,171,314,143,350,157
19602,img/img_00120799.jpg,full-body clothes,334,168,261,93,453,119
19603,img/img_00120813.jpg,full-body clothes,139,60,148,88,194,55
19604,img/img_00120822.jpg,upper-body clothes,338,139,268,129,465,127
19605,img/img_00120830.jpg,upper-body clothes,348,161,274,113,472,124
19606,img/img_00120835.jpg,upper-body clothes,151,166,166,0,151,0
19607,img/img_00120844.jpg,upper-body clothes,156,88,215,127,256,100
19608,img/img_00120846.jpg,upper-body clothes,130,97,149,52,193,63
19609,img/img_00120851.jpg,upper-body clothes,284,193,258,65,462,178
19610,img/img_00120852.jpg,upper-body clothes,193,96,201,105,323,130
19611,img/img_00120855.jpg,upper-body clothes,279,200,317,117,454,175
19612,img/img_00120858.jpg,upper-body clothes,511,239,239,0,511,0
19613,img/img_00120861.jpg,upper-body clothes,161,92,199,107,241,80
19614,img/img_00120862.jpg,upper-body clothes,256,88,244,156,358,102
19615,img/img_00120863.jpg,upper-body clothes,80,65,133,68,127,47
19616,img/img_00120864.jpg,upper-body clothes,82,71,145,74,151,69
19617,img/img_00120868.jpg,upper-body clothes,292,128,233,105,433,141
19618,img/img_00120869.jpg,upper-body clothes,414,370,370,0,414,0
19619,img/img_00120876.jpg,upper-body clothes,141,105,201,96,237,96
19620,img/img_00120889.jpg,upper-body clothes,61,67,170,103,150,89
19621,img/img_00120893.jpg,upper-body clothes,488,400,400,0,488,0
19622,img/img_00120894.jpg,upper-body clothes,190,219,219,0,190,0
19623,img/img_00120897.jpg,upper-body clothes,197,150,192,42,228,31
19624,img/img_00120898.jpg,upper-body clothes,461,364,364,0,461,0
19625,img/img_00120907.jpg,lower-body clothes,96,132,167,35,122,26
19626,img/img_00120908.jpg,lower-body clothes,101,158,202,44,252,151
19627,img/img_00120914.jpg,lower-body clothes,155,53,153,100,300,145
19628,img/img_00120915.jpg,lower-body clothes,242,68,190,122,312,70
19629,img/img_00120916.jpg,lower-body clothes,397,30,203,173,417,20
19630,img/img_00120917.jpg,lower-body clothes,342,257,257,0,342,0
19631,img/img_00120918.jpg,lower-body clothes,238,182,237,55,248,10
19632,img/img_00120922.jpg,lower-body clothes,339,112,289,177,426,87
19633,img/img_00120924.jpg,upper-body clothes,131,105,105,0,131,0
19634,img/img_00120929.jpg,upper-body clothes,311,60,179,119,422,111
19635,img/img_00120930.jpg,upper-body clothes,181,93,220,127,269,88
19636,img/img_00120931.jpg,upper-body clothes,170,46,207,161,253,83
19637,img/img_00120935.jpg,upper-body clothes,158,56,121,65,223,65
19638,img/img_00120944.jpg,upper-body clothes,168,135,202,67,280,112
19639,img/img_00120956.jpg,lower-body clothes,148,189,299,110,157,9
19640,img/img_00120957.jpg,lower-body clothes,244,327,392,65,379,135
19641,img/img_00120961.jpg,lower-body clothes,69,114,247,133,281,212
19642,img/img_00120970.jpg,lower-body clothes,161,193,265,72,470,309
19643,img/img_00120985.jpg,lower-body clothes,96,91,155,64,294,198
19644,img/img_00120987.jpg,lower-body clothes,146,119,233,114,384,238
19645,img/img_00120994.jpg,lower-body clothes,117,96,192,96,387,270
19646,img/img_00121010.jpg,upper-body clothes,423,222,222,0,423,0
19647,img/img_00121018.jpg,lower-body clothes,445,205,298,93,463,18
19648,img/img_00121025.jpg,lower-body clothes,339,111,205,94,342,3
19649,img/img_00121026.jpg,lower-body clothes,182,55,140,85,212,30
19650,img/img_00121028.jpg,lower-body clothes,143,65,131,66,216,73
19651,img/img_00121034.jpg,lower-body clothes,309,74,153,79,315,6
19652,img/img_00121046.jpg,lower-body clothes,348,291,291,0,348,0
19653,img/img_00121048.jpg,lower-body clothes,236,121,243,122,422,186
19654,img/img_00121050.jpg,lower-body clothes,412,54,234,180,427,15
19655,img/img_00121052.jpg,lower-body clothes,94,130,240,110,272,178
19656,img/img_00121053.jpg,lower-body clothes,228,75,187,112,408,180
19657,img/img_00121055.jpg,lower-body clothes,138,51,181,130,260,122
19658,img/img_00121056.jpg,lower-body clothes,161,51,125,74,277,116
19659,img/img_00121057.jpg,lower-body clothes,315,213,213,0,315,0
19660,img/img_00121064.jpg,lower-body clothes,201,74,137,63,217,16
19661,img/img_00121065.jpg,lower-body clothes,219,73,182,109,395,176
19662,img/img_00121067.jpg,lower-body clothes,248,117,236,119,450,202
19663,img/img_00121068.jpg,lower-body clothes,111,57,127,70,203,92
19664,img/img_00121076.jpg,lower-body clothes,195,64,132,68,208,13
19665,img/img_00121082.jpg,lower-body clothes,170,74,221,147,405,235
19666,img/img_00121083.jpg,lower-body clothes,96,54,110,56,196,100
19667,img/img_00121084.jpg,lower-body clothes,150,57,139,82,305,155
19668,img/img_00121097.jpg,full-body clothes,226,152,178,26,325,99
19669,img/img_00121101.jpg,full-body clothes,396,116,236,120,474,78
19670,img/img_00121112.jpg,full-body clothes,338,43,182,139,410,72
19671,img/img_00121113.jpg,full-body clothes,374,124,253,129,451,77
19672,img/img_00121123.jpg,upper-body clothes,387,47,205,158,458,71
19673,img/img_00121127.jpg,upper-body clothes,406,188,188,0,406,0
19674,img/img_00121132.jpg,upper-body clothes,131,127,127,0,131,0
19675,img/img_00121139.jpg,upper-body clothes,313,253,253,0,313,0
19676,img/img_00121141.jpg,upper-body clothes,138,93,145,52,237,99
19677,img/img_00121142.jpg,upper-body clothes,210,43,116,73,284,74
19678,img/img_00121151.jpg,lower-body clothes,119,358,358,0,119,0
19679,img/img_00121165.jpg,full-body clothes,320,115,292,177,437,117
19680,img/img_00121168.jpg,full-body clothes,385,122,261,139,493,108
19681,img/img_00121172.jpg,full-body clothes,352,170,346,176,475,123
19682,img/img_00121183.jpg,upper-body clothes,279,112,220,108,441,162
19683,img/img_00121189.jpg,upper-body clothes,112,64,300,236,231,119
19684,img/img_00121191.jpg,upper-body clothes,288,183,183,0,288,0
19685,img/img_00121200.jpg,lower-body clothes,188,82,223,141,417,229
19686,img/img_00121212.jpg,lower-body clothes,139,91,298,207,353,214
19687,img/img_00121216.jpg,full-body clothes,220,35,221,186,294,74
19688,img/img_00121217.jpg,full-body clothes,223,76,153,77,297,74
19689,img/img_00121222.jpg,full-body clothes,341,259,352,93,461,120
19690,img/img_00121246.jpg,lower-body clothes,44,333,333,0,44,0
19691,img/img_00121247.jpg,lower-body clothes,171,89,144,55,193,22
19692,img/img_00121263.jpg,lower-body clothes,181,159,304,145,215,34
19693,img/img_00121266.jpg,lower-body clothes,59,58,152,94,216,157
19694,img/img_00121269.jpg,lower-body clothes,161,166,253,87,461,300
19695,img/img_00121281.jpg,lower-body clothes,94,122,205,83,325,231
19696,img/img_00121284.jpg,upper-body clothes,180,118,339,221,338,158
19697,img/img_00121285.jpg,upper-body clothes,124,44,105,61,203,79
19698,img/img_00121289.jpg,upper-body clothes,124,79,195,116,275,151
19699,img/img_00121310.jpg,full-body clothes,360,199,269,70,462,102
19700,img/img_00121316.jpg,upper-body clothes,439,232,232,0,439,0
19701,img/img_00121317.jpg,upper-body clothes,133,90,152,62,254,121
19702,img/img_00121327.jpg,upper-body clothes,149,105,166,61,246,97
19703,img/img_00121329.jpg,upper-body clothes,158,103,279,176,270,112
19704,img/img_00121330.jpg,upper-body clothes,196,395,395,0,196,0
19705,img/img_00121331.jpg,upper-body clothes,278,84,187,103,314,36
19706,img/img_00121353.jpg,upper-body clothes,198,173,228,55,350,152
19707,img/img_00121356.jpg,upper-body clothes,189,193,261,68,372,183
19708,img/img_00121366.jpg,upper-body clothes,118,43,123,80,206,88
19709,img/img_00121371.jpg,upper-body clothes,261,126,249,123,408,147
19710,img/img_00121382.jpg,lower-body clothes,186,85,106,21,360,174
19711,img/img_00121385.jpg,lower-body clothes,182,93,239,146,459,277
19712,img/img_00121389.jpg,lower-body clothes,349,188,188,0,349,0
19713,img/img_00121394.jpg,lower-body clothes,143,93,205,112,358,215
19714,img/img_00121400.jpg,lower-body clothes,136,83,198,115,373,237
19715,img/img_00121410.jpg,full-body clothes,489,183,183,0,489,0
19716,img/img_00121416.jpg,full-body clothes,372,135,235,100,475,103
19717,img/img_00121417.jpg,full-body clothes,380,62,225,163,482,102
19718,img/img_00121421.jpg,full-body clothes,318,254,254,0,318,0
19719,img/img_00121432.jpg,full-body clothes,409,129,245,116,491,82
19720,img/img_00121436.jpg,full-body clothes,433,120,274,154,492,59
19721,img/img_00121437.jpg,full-body clothes,494,210,210,0,494,0
19722,img/img_00121462.jpg,full-body clothes,288,93,254,161,360,72
19723,img/img_00121473.jpg,full-body clothes,191,143,214,71,276,85
19724,img/img_00121482.jpg,upper-body clothes,273,106,243,137,449,176
19725,img/img_00121501.jpg,upper-body clothes,152,94,144,50,228,76
19726,img/img_00121506.jpg,upper-body clothes,92,85,136,51,165,73
19727,img/img_00121508.jpg,upper-body clothes,241,440,440,0,241,0
19728,img/img_00121517.jpg,upper-body clothes,171,43,215,172,237,66
19729,img/img_00121521.jpg,full-body clothes,463,127,276,149,491,28
19730,img/img_00121523.jpg,full-body clothes,356,78,229,151,470,114
19731,img/img_00121529.jpg,full-body clothes,290,231,231,0,290,0
19732,img/img_00121532.jpg,full-body clothes,356,81,272,191,464,108
19733,img/img_00121536.jpg,full-body clothes,187,44,125,81,226,39
19734,img/img_00121540.jpg,upper-body clothes,117,145,226,81,250,133
19735,img/img_00121544.jpg,upper-body clothes,177,84,185,101,246,69
19736,img/img_00121547.jpg,upper-body clothes,368,149,255,106,425,57
19737,img/img_00121551.jpg,upper-body clothes,157,206,206,0,157,0
19738,img/img_00121556.jpg,upper-body clothes,134,81,126,45,204,70
19739,img/img_00121561.jpg,upper-body clothes,141,132,191,59,234,93
19740,img/img_00121565.jpg,upper-body clothes,129,82,141,59,191,62
19741,img/img_00121569.jpg,upper-body clothes,368,233,334,101,484,116
19742,img/img_00121572.jpg,upper-body clothes,215,173,279,106,361,146
19743,img/img_00121580.jpg,full-body clothes,250,59,153,94,311,61
19744,img/img_00121581.jpg,full-body clothes,196,53,163,110,262,66
19745,img/img_00121591.jpg,full-body clothes,356,113,261,148,465,109
19746,img/img_00121596.jpg,full-body clothes,321,131,262,131,437,116
19747,img/img_00121604.jpg,full-body clothes,174,56,141,85,220,46
19748,img/img_00121616.jpg,upper-body clothes,193,55,129,74,306,113
19749,img/img_00121620.jpg,upper-body clothes,256,30,208,178,404,148
19750,img/img_00121621.jpg,upper-body clothes,248,150,150,0,248,0
19751,img/img_00121623.jpg,upper-body clothes,211,152,274,122,381,170
19752,img/img_00121629.jpg,upper-body clothes,257,163,220,57,395,138
19753,img/img_00121630.jpg,upper-body clothes,257,174,266,92,432,175
19754,img/img_00121631.jpg,upper-body clothes,399,186,186,0,399,0
19755,img/img_00121632.jpg,upper-body clothes,223,79,269,190,329,106
19756,img/img_00121638.jpg,upper-body clothes,138,132,203,71,277,139
19757,img/img_00121645.jpg,full-body clothes,368,106,233,127,465,97
19758,img/img_00121652.jpg,upper-body clothes,443,324,324,0,443,0
19759,img/img_00121653.jpg,upper-body clothes,282,188,188,0,282,0
19760,img/img_00121657.jpg,lower-body clothes,113,124,241,117,285,172
19761,img/img_00121658.jpg,lower-body clothes,110,125,258,133,272,162
19762,img/img_00121675.jpg,lower-body clothes,218,57,238,181,436,218
19763,img/img_00121682.jpg,lower-body clothes,149,32,156,124,263,114
19764,img/img_00121687.jpg,lower-body clothes,264,77,228,151,462,198
19765,img/img_00121702.jpg,lower-body clothes,139,56,167,111,299,160
19766,img/img_00121707.jpg,lower-body clothes,109,79,185,106,275,166
19767,img/img_00121710.jpg,upper-body clothes,454,198,198,0,454,0
19768,img/img_00121715.jpg,upper-body clothes,276,167,261,94,422,146
19769,img/img_00121717.jpg,upper-body clothes,246,244,244,0,246,0
19770,img/img_00121726.jpg,upper-body clothes,101,88,202,114,206,105
19771,img/img_00121728.jpg,upper-body clothes,90,59,129,70,162,72
19772,img/img_00121729.jpg,upper-body clothes,189,148,239,91,346,157
19773,img/img_00121741.jpg,full-body clothes,200,65,185,120,261,61
19774,img/img_00121742.jpg,full-body clothes,216,97,220,123,304,88
19775,img/img_00121748.jpg,full-body clothes,376,100,246,146,510,134
19776,img/img_00121752.jpg,full-body clothes,116,69,181,112,176,60
19777,img/img_00121760.jpg,lower-body clothes,279,313,326,13,292,13
19778,img/img_00121776.jpg,upper-body clothes,273,173,263,90,417,144
19779,img/img_00121777.jpg,upper-body clothes,289,105,215,110,424,135
19780,img/img_00121786.jpg,upper-body clothes,283,167,232,65,414,131
19781,img/img_00121792.jpg,full-body clothes,215,120,264,144,297,82
19782,img/img_00121800.jpg,full-body clothes,332,178,293,115,456,124
19783,img/img_00121801.jpg,full-body clothes,238,127,232,105,320,82
19784,img/img_00121803.jpg,full-body clothes,222,140,327,187,321,99
19785,img/img_00121813.jpg,lower-body clothes,206,88,88,0,206,0
19786,img/img_00121815.jpg,lower-body clothes,161,93,269,176,423,262
19787,img/img_00121823.jpg,upper-body clothes,239,130,229,99,447,208
19788,img/img_00121833.jpg,upper-body clothes,314,108,327,219,448,134
19789,img/img_00121838.jpg,lower-body clothes,178,47,202,155,194,16
19790,img/img_00121843.jpg,lower-body clothes,232,91,221,130,325,93
19791,img/img_00121844.jpg,lower-body clothes,187,168,244,76,213,26
19792,img/img_00121855.jpg,lower-body clothes,94,100,213,113,263,169
19793,img/img_00121866.jpg,lower-body clothes,198,155,155,0,198,0
19794,img/img_00121874.jpg,upper-body clothes,251,182,261,79,413,162
19795,img/img_00121880.jpg,full-body clothes,217,197,197,0,217,0
19796,img/img_00121881.jpg,full-body clothes,209,60,176,116,278,69
19797,img/img_00121883.jpg,full-body clothes,409,230,294,64,507,98
19798,img/img_00121884.jpg,full-body clothes,292,234,234,0,292,0
19799,img/img_00121888.jpg,full-body clothes,339,216,275,59,449,110
19800,img/img_00121895.jpg,full-body clothes,357,74,209,135,468,111
19801,img/img_00121901.jpg,upper-body clothes,242,133,218,85,384,142
19802,img/img_00121909.jpg,upper-body clothes,58,41,95,54,115,57
19803,img/img_00121917.jpg,full-body clothes,285,155,233,78,384,99
19804,img/img_00121925.jpg,full-body clothes,503,176,261,85,504,1
19805,img/img_00121928.jpg,full-body clothes,185,258,258,0,185,0
19806,img/img_00121934.jpg,full-body clothes,178,105,166,61,264,86
19807,img/img_00121935.jpg,full-body clothes,327,164,285,121,439,112
19808,img/img_00121937.jpg,full-body clothes,263,132,172,40,346,83
19809,img/img_00121944.jpg,full-body clothes,326,81,219,138,452,126
19810,img/img_00121945.jpg,full-body clothes,194,102,253,151,294,100
19811,img/img_00121954.jpg,lower-body clothes,149,97,286,189,377,228
19812,img/img_00121978.jpg,full-body clothes,285,149,230,81,398,113
19813,img/img_00121979.jpg,full-body clothes,244,162,230,68,430,186
19814,img/img_00121981.jpg,full-body clothes,188,130,220,90,253,65
19815,img/img_00121983.jpg,full-body clothes,339,167,249,82,450,111
19816,img/img_00121991.jpg,upper-body clothes,502,266,266,0,502,0
19817,img/img_00121992.jpg,upper-body clothes,150,93,133,40,238,88
19818,img/img_00122008.jpg,upper-body clothes,177,98,163,65,256,79
19819,img/img_00122017.jpg,upper-body clothes,112,80,123,43,182,70
19820,img/img_00122030.jpg,upper-body clothes,245,55,233,178,373,128
19821,img/img_00122034.jpg,upper-body clothes,412,236,236,0,412,0
19822,img/img_00122051.jpg,full-body clothes,454,63,208,145,477,23
19823,img/img_00122061.jpg,lower-body clothes,197,118,241,123,395,198
19824,img/img_00122071.jpg,upper-body clothes,188,131,260,129,322,134
19825,img/img_00122085.jpg,full-body clothes,270,76,224,148,350,80
19826,img/img_00122089.jpg,full-body clothes,473,144,144,0,473,0
19827,img/img_00122103.jpg,full-body clothes,202,35,160,125,278,76
19828,img/img_00122105.jpg,full-body clothes,134,63,152,89,199,65
19829,img/img_00122114.jpg,full-body clothes,188,110,203,93,263,75
19830,img/img_00122129.jpg,upper-body clothes,173,95,208,113,309,136
19831,img/img_00122135.jpg,upper-body clothes,211,80,203,123,358,147
19832,img/img_00122136.jpg,upper-body clothes,372,216,216,0,372,0
19833,img/img_00122140.jpg,upper-body clothes,158,114,127,13,251,93
19834,img/img_00122142.jpg,upper-body clothes,215,129,208,79,352,137
19835,img/img_00122145.jpg,upper-body clothes,298,105,138,33,432,134
19836,img/img_00122146.jpg,upper-body clothes,117,96,133,37,153,36
19837,img/img_00122159.jpg,full-body clothes,270,122,229,107,355,85
19838,img/img_00122186.jpg,full-body clothes,190,150,219,69,299,109
19839,img/img_00122188.jpg,full-body clothes,191,188,188,0,191,0
19840,img/img_00122189.jpg,full-body clothes,268,254,254,0,268,0
19841,img/img_00122193.jpg,full-body clothes,257,239,353,114,429,172
19842,img/img_00122201.jpg,upper-body clothes,218,92,194,102,345,127
19843,img/img_00122210.jpg,upper-body clothes,218,195,266,71,369,151
19844,img/img_00122211.jpg,upper-body clothes,253,202,300,98,307,54
19845,img/img_00122214.jpg,full-body clothes,321,242,296,54,408,87
19846,img/img_00122215.jpg,full-body clothes,237,84,152,68,288,51
19847,img/img_00122219.jpg,full-body clothes,236,86,173,87,287,51
19848,img/img_00122222.jpg,full-body clothes,244,119,204,85,329,85
19849,img/img_00122233.jpg,lower-body clothes,170,120,245,125,482,312
19850,img/img_00122234.jpg,lower-body clothes,45,78,189,111,234,189
19851,img/img_00122236.jpg,lower-body clothes,107,155,239,84,388,281
19852,img/img_00122251.jpg,lower-body clothes,83,78,149,71,173,90
19853,img/img_00122253.jpg,lower-body clothes,249,161,313,152,364,115
19854,img/img_00122271.jpg,full-body clothes,407,89,233,144,483,76
19855,img/img_00122280.jpg,lower-body clothes,340,116,275,159,369,29
19856,img/img_00122284.jpg,lower-body clothes,301,487,487,0,301,0
19857,img/img_00122287.jpg,lower-body clothes,214,245,245,0,214,0
19858,img/img_00122290.jpg,lower-body clothes,60,115,226,111,289,229
19859,img/img_00122300.jpg,full-body clothes,323,94,243,149,437,114
19860,img/img_00122307.jpg,full-body clothes,175,75,186,111,246,71
19861,img/img_00122314.jpg,full-body clothes,234,52,240,188,312,78
19862,img/img_00122318.jpg,full-body clothes,299,181,275,94,464,165
19863,img/img_00122321.jpg,full-body clothes,282,64,64,0,282,0
19864,img/img_00122335.jpg,upper-body clothes,249,167,281,114,362,113
19865,img/img_00122340.jpg,lower-body clothes,71,59,176,117,205,134
19866,img/img_00122344.jpg,lower-body clothes,83,70,148,78,230,147
19867,img/img_00122345.jpg,lower-body clothes,80,89,214,125,275,195
19868,img/img_00122346.jpg,lower-body clothes,155,126,225,99,405,250
19869,img/img_00122352.jpg,lower-body clothes,145,176,251,75,471,326
19870,img/img_00122358.jpg,lower-body clothes,180,60,188,128,454,274
19871,img/img_00122362.jpg,upper-body clothes,282,128,239,111,442,160
19872,img/img_00122363.jpg,upper-body clothes,234,177,284,107,386,152
19873,img/img_00122365.jpg,upper-body clothes,327,143,193,50,438,111
19874,img/img_00122369.jpg,upper-body clothes,312,244,304,60,492,180
19875,img/img_00122371.jpg,lower-body clothes,220,204,256,52,284,64
19876,img/img_00122394.jpg,lower-body clothes,251,251,325,74,372,121
19877,img/img_00122396.jpg,lower-body clothes,86,91,212,121,240,154
19878,img/img_00122400.jpg,full-body clothes,232,116,264,148,318,86
19879,img/img_00122415.jpg,full-body clothes,254,113,212,99,409,155
19880,img/img_00122417.jpg,full-body clothes,336,118,201,83,446,110
19881,img/img_00122418.jpg,full-body clothes,228,111,144,33,331,103
19882,img/img_00122420.jpg,full-body clothes,315,202,202,0,315,0
19883,img/img_00122431.jpg,full-body clothes,328,120,199,79,402,74
19884,img/img_00122432.jpg,full-body clothes,170,79,219,140,305,135
19885,img/img_00122450.jpg,lower-body clothes,126,91,301,210,340,214
19886,img/img_00122451.jpg,lower-body clothes,78,248,479,231,222,144
19887,img/img_00122454.jpg,lower-body clothes,106,113,449,336,269,163
19888,img/img_00122467.jpg,upper-body clothes,136,55,202,147,274,138
19889,img/img_00122481.jpg,upper-body clothes,300,78,218,140,440,140
19890,img/img_00122489.jpg,upper-body clothes,219,50,243,193,275,56
19891,img/img_00122513.jpg,upper-body clothes,300,191,263,72,411,111
19892,img/img_00122515.jpg,upper-body clothes,198,85,165,80,289,91
19893,img/img_00122528.jpg,upper-body clothes,291,154,154,0,291,0
19894,img/img_00122529.jpg,upper-body clothes,203,58,170,112,282,79
19895,img/img_00122536.jpg,upper-body clothes,260,149,244,95,373,113
19896,img/img_00122537.jpg,upper-body clothes,191,134,245,111,345,154
19897,img/img_00122550.jpg,upper-body clothes,389,190,263,73,473,84
19898,img/img_00122556.jpg,upper-body clothes,168,93,251,158,285,117
19899,img/img_00122559.jpg,upper-body clothes,127,88,201,113,268,141
19900,img/img_00122563.jpg,lower-body clothes,53,54,141,87,174,121
19901,img/img_00122564.jpg,lower-body clothes,117,139,228,89,450,333
19902,img/img_00122568.jpg,lower-body clothes,123,94,306,212,351,228
19903,img/img_00122570.jpg,lower-body clothes,197,150,227,77,233,36
19904,img/img_00122573.jpg,lower-body clothes,267,264,287,23,381,114
19905,img/img_00122580.jpg,lower-body clothes,95,82,149,67,104,9
19906,img/img_00122581.jpg,lower-body clothes,72,81,141,60,115,43
19907,img/img_00122582.jpg,lower-body clothes,210,175,263,88,234,24
19908,img/img_00122593.jpg,upper-body clothes,274,94,191,97,405,131
19909,img/img_00122599.jpg,upper-body clothes,101,63,130,67,168,67
19910,img/img_00122601.jpg,upper-body clothes,165,166,279,113,297,132
19911,img/img_00122602.jpg,upper-body clothes,104,100,155,55,172,68
19912,img/img_00122603.jpg,upper-body clothes,248,339,339,0,248,0
19913,img/img_00122608.jpg,upper-body clothes,281,264,352,88,461,180
19914,img/img_00122610.jpg,upper-body clothes,198,38,121,83,296,98
19915,img/img_00122615.jpg,upper-body clothes,80,77,96,19,110,30
19916,img/img_00122618.jpg,upper-body clothes,210,228,282,54,347,137
19917,img/img_00122621.jpg,upper-body clothes,259,255,291,36,408,149
19918,img/img_00122622.jpg,upper-body clothes,243,136,179,43,321,78
19919,img/img_00122636.jpg,upper-body clothes,132,113,376,263,197,65
19920,img/img_00122637.jpg,upper-body clothes,258,222,284,62,445,187
19921,img/img_00122647.jpg,upper-body clothes,450,326,334,8,494,44
19922,img/img_00122651.jpg,upper-body clothes,360,392,448,56,435,75
19923,img/img_00122652.jpg,upper-body clothes,334,183,240,57,405,71
19924,img/img_00122655.jpg,upper-body clothes,155,298,298,0,155,0
19925,img/img_00122668.jpg,upper-body clothes,309,138,214,76,442,133
19926,img/img_00122677.jpg,upper-body clothes,348,276,276,0,348,0
19927,img/img_00122678.jpg,upper-body clothes,355,115,371,256,497,142
19928,img/img_00122689.jpg,upper-body clothes,173,112,257,145,260,87
19929,img/img_00122693.jpg,upper-body clothes,301,288,288,0,301,0
19930,img/img_00122705.jpg,upper-body clothes,112,102,166,64,239,127
19931,img/img_00122709.jpg,upper-body clothes,267,120,267,147,400,133
19932,img/img_00122710.jpg,upper-body clothes,298,144,252,108,451,153
19933,img/img_00122717.jpg,upper-body clothes,143,132,168,36,226,83
19934,img/img_00122726.jpg,upper-body clothes,471,267,267,0,471,0
19935,img/img_00122728.jpg,upper-body clothes,282,124,199,75,426,144
19936,img/img_00122729.jpg,upper-body clothes,284,205,205,0,284,0
19937,img/img_00122730.jpg,upper-body clothes,332,115,229,114,398,66
19938,img/img_00122737.jpg,upper-body clothes,295,137,302,165,454,159
19939,img/img_00122740.jpg,upper-body clothes,316,57,331,274,447,131
19940,img/img_00122744.jpg,upper-body clothes,324,210,264,54,483,159
19941,img/img_00122746.jpg,upper-body clothes,201,120,314,194,342,141
19942,img/img_00122778.jpg,upper-body clothes,314,193,193,0,314,0
19943,img/img_00122780.jpg,upper-body clothes,341,206,233,27,369,28
19944,img/img_00122783.jpg,upper-body clothes,125,63,261,198,228,103
19945,img/img_00122786.jpg,upper-body clothes,269,228,288,60,322,53
19946,img/img_00122796.jpg,upper-body clothes,268,163,334,171,434,166
19947,img/img_00122801.jpg,full-body clothes,421,75,178,103,495,74
19948,img/img_00122803.jpg,full-body clothes,412,132,235,103,495,83
19949,img/img_00122815.jpg,upper-body clothes,194,260,260,0,194,0
19950,img/img_00122833.jpg,upper-body clothes,191,152,320,168,366,175
19951,img/img_00122834.jpg,upper-body clothes,251,168,347,179,409,158
19952,img/img_00122841.jpg,upper-body clothes,321,123,311,188,484,163
19953,img/img_00122851.jpg,lower-body clothes,109,166,245,79,472,363
19954,img/img_00122854.jpg,lower-body clothes,37,51,176,125,141,104
19955,img/img_00122864.jpg,upper-body clothes,264,133,235,102,286,22
19956,img/img_00122868.jpg,upper-body clothes,156,99,330,231,449,293
19957,img/img_00122883.jpg,upper-body clothes,213,56,282,226,250,37
19958,img/img_00122885.jpg,upper-body clothes,274,172,194,22,427,153
19959,img/img_00122892.jpg,full-body clothes,198,72,125,53,241,43
19960,img/img_00122894.jpg,full-body clothes,108,115,115,0,108,0
19961,img/img_00122897.jpg,full-body clothes,191,55,165,110,230,39
19962,img/img_00122898.jpg,full-body clothes,370,78,226,148,429,59
19963,img/img_00122903.jpg,full-body clothes,335,145,244,99,487,152
19964,img/img_00122907.jpg,full-body clothes,318,69,284,215,404,86
19965,img/img_00122913.jpg,full-body clothes,233,58,175,117,273,40
19966,img/img_00122915.jpg,full-body clothes,409,501,501,0,409,0
19967,img/img_00122929.jpg,full-body clothes,367,212,269,57,485,118
19968,img/img_00122934.jpg,full-body clothes,247,79,168,89,330,83
19969,img/img_00122937.jpg,full-body clothes,203,124,217,93,276,73
19970,img/img_00122946.jpg,upper-body clothes,260,65,251,186,379,119
19971,img/img_00122947.jpg,upper-body clothes,147,59,141,82,210,63
19972,img/img_00122958.jpg,upper-body clothes,183,152,275,123,359,176
19973,img/img_00122960.jpg,upper-body clothes,100,76,141,65,178,78
19974,img/img_00122969.jpg,full-body clothes,237,308,308,0,237,0
19975,img/img_00122970.jpg,full-body clothes,422,152,203,51,508,86
19976,img/img_00122981.jpg,full-body clothes,363,33,200,167,467,104
19977,img/img_00122984.jpg,full-body clothes,271,53,141,88,327,56
19978,img/img_00122989.jpg,upper-body clothes,224,136,136,0,224,0
19979,img/img_00123002.jpg,upper-body clothes,112,73,155,82,198,86
19980,img/img_00123005.jpg,upper-body clothes,210,164,216,52,350,140
19981,img/img_00123010.jpg,upper-body clothes,131,66,144,78,203,72
19982,img/img_00123014.jpg,upper-body clothes,171,63,186,123,269,98
19983,img/img_00123016.jpg,upper-body clothes,350,254,254,0,350,0
19984,img/img_00123019.jpg,upper-body clothes,200,99,155,56,296,96
19985,img/img_00123022.jpg,upper-body clothes,169,152,176,24,259,90
19986,img/img_00123024.jpg,upper-body clothes,108,33,201,168,220,112
19987,img/img_00123025.jpg,upper-body clothes,155,92,248,156,248,93
19988,img/img_00123039.jpg,upper-body clothes,242,150,262,112,395,153
19989,img/img_00123050.jpg,full-body clothes,321,190,190,0,321,0
19990,img/img_00123054.jpg,full-body clothes,360,240,473,233,437,77
