,filename,class,height,width,xmax,xmin,ymax,ymin
0,img/img_00000002.jpg,upper-body clothes,95,108,182,74,199,104
1,img/img_00000012.jpg,upper-body clothes,145,91,143,52,213,68
2,img/img_00000021.jpg,upper-body clothes,185,127,218,91,341,156
3,img/img_00000024.jpg,upper-body clothes,161,85,85,0,161,0
4,img/img_00000035.jpg,lower-body clothes,290,110,225,115,465,175
5,img/img_00000037.jpg,lower-body clothes,128,195,306,111,309,181
6,img/img_00000038.jpg,lower-body clothes,261,92,215,123,451,190
7,img/img_00000040.jpg,lower-body clothes,266,173,270,97,471,205
8,img/img_00000042.jpg,lower-body clothes,103,42,193,151,323,220
9,img/img_00000044.jpg,lower-body clothes,185,193,263,70,475,290
10,img/img_00000052.jpg,lower-body clothes,174,122,285,163,324,150
11,img/img_00000060.jpg,upper-body clothes,322,33,153,120,435,113
12,img/img_00000063.jpg,upper-body clothes,129,91,235,144,203,74
13,img/img_00000074.jpg,upper-body clothes,504,277,277,0,504,0
14,img/img_00000079.jpg,upper-body clothes,268,128,227,99,421,153
15,img/img_00000080.jpg,upper-body clothes,234,158,158,0,234,0
16,img/img_00000083.jpg,upper-body clothes,315,155,292,137,475,160
17,img/img_00000109.jpg,full-body clothes,151,54,188,134,197,46
18,img/img_00000114.jpg,full-body clothes,162,79,134,55,223,61
19,img/img_00000116.jpg,full-body clothes,356,55,190,135,472,116
20,img/img_00000117.jpg,full-body clothes,326,172,246,74,469,143
21,img/img_00000119.jpg,full-body clothes,280,140,202,62,372,92
22,img/img_00000135.jpg,full-body clothes,184,101,188,87,250,66
23,img/img_00000137.jpg,upper-body clothes,255,203,285,82,396,141
24,img/img_00000140.jpg,upper-body clothes,236,153,178,25,248,12
25,img/img_00000148.jpg,full-body clothes,210,74,219,145,282,72
26,img/img_00000156.jpg,full-body clothes,217,93,137,44,294,77
27,img/img_00000164.jpg,upper-body clothes,237,141,141,0,237,0
28,img/img_00000176.jpg,lower-body clothes,245,110,253,143,436,191
29,img/img_00000183.jpg,lower-body clothes,74,229,229,0,74,0
30,img/img_00000186.jpg,lower-body clothes,367,176,276,100,394,27
31,img/img_00000193.jpg,full-body clothes,262,115,269,154,369,107
32,img/img_00000194.jpg,full-body clothes,373,93,191,98,489,116
33,img/img_00000219.jpg,upper-body clothes,222,64,173,109,352,130
34,img/img_00000224.jpg,upper-body clothes,109,93,125,32,210,101
35,img/img_00000233.jpg,full-body clothes,195,255,255,0,195,0
36,img/img_00000240.jpg,full-body clothes,210,112,166,54,304,94
37,img/img_00000245.jpg,full-body clothes,150,53,148,95,186,36
38,img/img_00000249.jpg,full-body clothes,239,66,187,121,290,51
39,img/img_00000256.jpg,upper-body clothes,281,207,361,154,442,161
40,img/img_00000261.jpg,upper-body clothes,116,70,146,76,195,79
41,img/img_00000263.jpg,lower-body clothes,101,121,231,110,274,173
42,img/img_00000264.jpg,lower-body clothes,302,304,304,0,302,0
43,img/img_00000276.jpg,lower-body clothes,92,144,326,182,417,325
44,img/img_00000280.jpg,lower-body clothes,396,324,324,0,396,0
45,img/img_00000288.jpg,full-body clothes,292,168,168,0,292,0
46,img/img_00000290.jpg,full-body clothes,197,224,224,0,197,0
47,img/img_00000292.jpg,full-body clothes,258,317,317,0,258,0
48,img/img_00000301.jpg,lower-body clothes,243,201,201,0,243,0
49,img/img_00000303.jpg,lower-body clothes,150,77,178,101,264,114
50,img/img_00000317.jpg,full-body clothes,152,78,148,70,212,60
51,img/img_00000332.jpg,lower-body clothes,53,67,130,63,141,88
52,img/img_00000335.jpg,upper-body clothes,246,331,331,0,246,0
53,img/img_00000343.jpg,upper-body clothes,94,77,206,129,206,112
54,img/img_00000347.jpg,upper-body clothes,285,173,265,92,447,162
55,img/img_00000349.jpg,upper-body clothes,207,288,288,0,207,0
56,img/img_00000351.jpg,upper-body clothes,161,174,366,192,378,217
57,img/img_00000352.jpg,upper-body clothes,210,50,237,187,279,69
58,img/img_00000357.jpg,upper-body clothes,251,176,270,94,381,130
59,img/img_00000359.jpg,upper-body clothes,167,114,220,106,277,110
60,img/img_00000374.jpg,upper-body clothes,164,163,272,109,291,127
61,img/img_00000378.jpg,upper-body clothes,104,73,145,72,179,75
62,img/img_00000379.jpg,upper-body clothes,143,40,223,183,214,71
63,img/img_00000387.jpg,full-body clothes,244,67,188,121,286,42
64,img/img_00000392.jpg,full-body clothes,203,101,245,144,298,95
65,img/img_00000398.jpg,full-body clothes,257,145,342,197,378,121
66,img/img_00000402.jpg,full-body clothes,356,294,294,0,356,0
67,img/img_00000404.jpg,full-body clothes,348,347,347,0,348,0
68,img/img_00000413.jpg,full-body clothes,351,127,193,66,442,91
69,img/img_00000414.jpg,full-body clothes,338,96,246,150,428,90
70,img/img_00000415.jpg,full-body clothes,336,51,188,137,410,74
71,img/img_00000419.jpg,full-body clothes,272,61,185,124,340,68
72,img/img_00000428.jpg,full-body clothes,126,81,173,92,178,52
73,img/img_00000430.jpg,full-body clothes,144,56,121,65,189,45
74,img/img_00000435.jpg,full-body clothes,384,198,267,69,484,100
75,img/img_00000439.jpg,full-body clothes,347,136,239,103,492,145
76,img/img_00000447.jpg,full-body clothes,189,48,124,76,256,67
77,img/img_00000455.jpg,upper-body clothes,120,95,158,63,230,110
78,img/img_00000456.jpg,upper-body clothes,200,109,209,100,333,133
79,img/img_00000462.jpg,upper-body clothes,142,77,149,72,224,82
80,img/img_00000465.jpg,upper-body clothes,143,67,149,82,197,54
81,img/img_00000477.jpg,upper-body clothes,308,113,240,127,443,135
82,img/img_00000484.jpg,upper-body clothes,165,98,198,100,291,126
83,img/img_00000507.jpg,lower-body clothes,100,316,316,0,100,0
84,img/img_00000509.jpg,lower-body clothes,27,336,336,0,27,0
85,img/img_00000521.jpg,lower-body clothes,133,112,304,192,453,320
86,img/img_00000534.jpg,upper-body clothes,125,76,182,106,200,75
87,img/img_00000535.jpg,upper-body clothes,253,126,212,86,372,119
88,img/img_00000542.jpg,upper-body clothes,216,125,233,108,334,118
89,img/img_00000547.jpg,upper-body clothes,282,132,322,190,429,147
90,img/img_00000553.jpg,lower-body clothes,316,206,206,0,316,0
91,img/img_00000559.jpg,lower-body clothes,37,64,110,46,93,56
92,img/img_00000563.jpg,upper-body clothes,430,275,275,0,430,0
93,img/img_00000566.jpg,upper-body clothes,379,154,154,0,379,0
94,img/img_00000573.jpg,upper-body clothes,155,100,156,56,219,64
95,img/img_00000583.jpg,lower-body clothes,83,146,237,91,389,306
96,img/img_00000585.jpg,lower-body clothes,169,172,266,94,490,321
97,img/img_00000587.jpg,full-body clothes,160,64,179,115,180,20
98,img/img_00000590.jpg,full-body clothes,354,160,344,184,483,129
99,img/img_00000592.jpg,full-body clothes,287,52,281,229,363,76
100,img/img_00000593.jpg,full-body clothes,332,126,243,117,431,99
101,img/img_00000602.jpg,full-body clothes,369,112,222,110,474,105
102,img/img_00000607.jpg,lower-body clothes,108,132,195,63,359,251
103,img/img_00000610.jpg,lower-body clothes,80,99,189,90,293,213
104,img/img_00000613.jpg,upper-body clothes,83,61,135,74,127,44
105,img/img_00000622.jpg,upper-body clothes,255,145,264,119,401,146
106,img/img_00000625.jpg,upper-body clothes,262,127,246,119,383,121
107,img/img_00000628.jpg,upper-body clothes,337,129,234,105,456,119
108,img/img_00000632.jpg,upper-body clothes,315,50,208,158,439,124
109,img/img_00000635.jpg,upper-body clothes,246,107,201,94,445,199
110,img/img_00000637.jpg,upper-body clothes,184,117,244,127,307,123
111,img/img_00000653.jpg,lower-body clothes,390,74,201,127,411,21
112,img/img_00000659.jpg,upper-body clothes,244,109,181,72,470,226
113,img/img_00000662.jpg,upper-body clothes,189,95,202,107,342,153
114,img/img_00000666.jpg,upper-body clothes,165,70,208,138,299,134
115,img/img_00000667.jpg,upper-body clothes,260,204,264,60,369,109
116,img/img_00000674.jpg,upper-body clothes,156,63,211,148,286,130
117,img/img_00000675.jpg,upper-body clothes,379,168,168,0,379,0
118,img/img_00000681.jpg,upper-body clothes,308,111,269,158,464,156
119,img/img_00000683.jpg,upper-body clothes,329,204,302,98,356,27
120,img/img_00000684.jpg,upper-body clothes,195,71,339,268,295,100
121,img/img_00000686.jpg,upper-body clothes,395,314,314,0,395,0
122,img/img_00000687.jpg,upper-body clothes,500,312,312,0,500,0
123,img/img_00000690.jpg,upper-body clothes,119,84,169,85,252,133
124,img/img_00000692.jpg,upper-body clothes,217,175,279,104,337,120
125,img/img_00000707.jpg,upper-body clothes,281,58,207,149,348,67
126,img/img_00000717.jpg,upper-body clothes,356,72,216,144,477,121
127,img/img_00000724.jpg,upper-body clothes,309,88,209,121,400,91
128,img/img_00000735.jpg,full-body clothes,246,54,157,103,299,53
129,img/img_00000739.jpg,full-body clothes,207,238,238,0,207,0
130,img/img_00000746.jpg,full-body clothes,407,134,231,97,486,79
131,img/img_00000750.jpg,full-body clothes,424,98,217,119,501,77
132,img/img_00000758.jpg,full-body clothes,387,177,299,122,477,90
133,img/img_00000767.jpg,full-body clothes,287,75,197,122,377,90
134,img/img_00000769.jpg,full-body clothes,317,92,247,155,390,73
135,img/img_00000771.jpg,full-body clothes,321,98,273,175,413,92
136,img/img_00000772.jpg,full-body clothes,300,93,212,119,395,95
137,img/img_00000773.jpg,full-body clothes,289,122,236,114,355,66
138,img/img_00000790.jpg,upper-body clothes,236,98,223,125,380,144
139,img/img_00000794.jpg,upper-body clothes,346,219,416,197,421,75
140,img/img_00000796.jpg,upper-body clothes,345,130,192,62,474,129
141,img/img_00000809.jpg,upper-body clothes,236,66,236,170,349,113
142,img/img_00000815.jpg,upper-body clothes,100,53,125,72,147,47
143,img/img_00000819.jpg,upper-body clothes,157,51,175,124,226,69
144,img/img_00000820.jpg,upper-body clothes,278,112,218,106,418,140
145,img/img_00000821.jpg,upper-body clothes,158,41,157,116,241,83
146,img/img_00000823.jpg,upper-body clothes,241,84,248,164,347,106
147,img/img_00000830.jpg,upper-body clothes,262,79,333,254,409,147
148,img/img_00000845.jpg,full-body clothes,359,220,342,122,475,116
149,img/img_00000866.jpg,upper-body clothes,307,112,237,125,440,133
150,img/img_00000879.jpg,upper-body clothes,258,190,190,0,258,0
151,img/img_00000883.jpg,upper-body clothes,287,150,246,96,413,126
152,img/img_00000885.jpg,upper-body clothes,223,237,237,0,223,0
153,img/img_00000897.jpg,upper-body clothes,234,254,254,0,234,0
154,img/img_00000917.jpg,full-body clothes,204,113,164,51,290,86
155,img/img_00000918.jpg,full-body clothes,197,105,425,320,296,99
156,img/img_00000924.jpg,upper-body clothes,178,90,234,144,333,155
157,img/img_00000940.jpg,full-body clothes,175,65,166,101,243,68
158,img/img_00000944.jpg,full-body clothes,174,114,191,77,287,113
159,img/img_00000946.jpg,full-body clothes,124,65,185,120,170,46
160,img/img_00000962.jpg,lower-body clothes,230,62,148,86,418,188
161,img/img_00000963.jpg,lower-body clothes,343,73,306,233,369,26
162,img/img_00000991.jpg,upper-body clothes,194,181,181,0,194,0
163,img/img_00001000.jpg,upper-body clothes,354,291,329,38,443,89
164,img/img_00001003.jpg,upper-body clothes,109,99,165,66,168,59
165,img/img_00001004.jpg,upper-body clothes,217,134,134,0,217,0
166,img/img_00001010.jpg,upper-body clothes,191,292,292,0,191,0
167,img/img_00001013.jpg,lower-body clothes,146,121,162,41,156,10
168,img/img_00001029.jpg,upper-body clothes,289,260,260,0,289,0
169,img/img_00001039.jpg,upper-body clothes,218,72,160,88,358,140
170,img/img_00001053.jpg,full-body clothes,417,65,86,21,488,71
171,img/img_00001056.jpg,full-body clothes,354,105,218,113,429,75
172,img/img_00001058.jpg,full-body clothes,293,306,306,0,293,0
173,img/img_00001061.jpg,full-body clothes,409,109,149,40,485,76
174,img/img_00001074.jpg,upper-body clothes,130,92,144,52,200,70
175,img/img_00001098.jpg,upper-body clothes,332,333,333,0,332,0
176,img/img_00001102.jpg,full-body clothes,196,46,184,138,285,89
177,img/img_00001109.jpg,full-body clothes,376,82,177,95,489,113
178,img/img_00001113.jpg,full-body clothes,224,90,245,155,305,81
179,img/img_00001119.jpg,full-body clothes,274,138,218,80,336,62
180,img/img_00001135.jpg,full-body clothes,187,169,169,0,187,0
181,img/img_00001138.jpg,full-body clothes,120,50,88,38,171,51
182,img/img_00001139.jpg,full-body clothes,390,145,267,122,473,83
183,img/img_00001140.jpg,full-body clothes,384,313,313,0,384,0
184,img/img_00001146.jpg,upper-body clothes,387,183,183,0,387,0
185,img/img_00001147.jpg,upper-body clothes,146,59,126,67,215,69
186,img/img_00001148.jpg,upper-body clothes,173,124,203,79,253,80
187,img/img_00001151.jpg,upper-body clothes,128,79,300,221,207,79
188,img/img_00001152.jpg,upper-body clothes,123,132,189,57,217,94
189,img/img_00001158.jpg,upper-body clothes,149,54,105,51,214,65
190,img/img_00001160.jpg,upper-body clothes,342,117,251,134,479,137
191,img/img_00001166.jpg,upper-body clothes,283,277,277,0,283,0
192,img/img_00001168.jpg,upper-body clothes,211,163,209,46,264,53
193,img/img_00001175.jpg,upper-body clothes,241,59,234,175,378,137
194,img/img_00001176.jpg,upper-body clothes,316,111,279,168,459,143
195,img/img_00001190.jpg,full-body clothes,360,101,207,106,367,7
196,img/img_00001201.jpg,upper-body clothes,236,153,263,110,367,131
197,img/img_00001224.jpg,full-body clothes,451,188,282,94,484,33
198,img/img_00001230.jpg,full-body clothes,198,37,120,83,235,37
199,img/img_00001232.jpg,upper-body clothes,187,302,302,0,187,0
200,img/img_00001246.jpg,upper-body clothes,169,79,161,82,266,97
201,img/img_00001248.jpg,upper-body clothes,92,61,156,95,177,85
202,img/img_00001259.jpg,full-body clothes,192,152,247,95,282,90
203,img/img_00001262.jpg,full-body clothes,283,233,272,39,382,99
204,img/img_00001263.jpg,full-body clothes,340,219,344,125,477,137
205,img/img_00001272.jpg,upper-body clothes,251,208,208,0,251,0
206,img/img_00001281.jpg,full-body clothes,383,101,216,115,473,90
207,img/img_00001285.jpg,full-body clothes,205,86,222,136,230,25
208,img/img_00001294.jpg,upper-body clothes,139,50,95,45,199,60
209,img/img_00001296.jpg,upper-body clothes,151,115,213,98,255,104
210,img/img_00001299.jpg,upper-body clothes,226,165,239,74,356,130
211,img/img_00001307.jpg,upper-body clothes,228,112,168,56,329,101
212,img/img_00001310.jpg,upper-body clothes,184,101,164,63,263,79
213,img/img_00001317.jpg,upper-body clothes,387,75,272,197,454,67
214,img/img_00001319.jpg,upper-body clothes,385,295,330,35,477,92
215,img/img_00001321.jpg,lower-body clothes,384,165,261,96,450,66
216,img/img_00001340.jpg,lower-body clothes,405,129,249,120,447,42
217,img/img_00001341.jpg,lower-body clothes,413,119,314,195,436,23
218,img/img_00001342.jpg,lower-body clothes,438,143,247,104,450,12
219,img/img_00001350.jpg,lower-body clothes,278,72,138,66,308,30
220,img/img_00001352.jpg,lower-body clothes,377,154,261,107,465,88
221,img/img_00001357.jpg,lower-body clothes,266,93,220,127,478,212
222,img/img_00001360.jpg,lower-body clothes,274,55,223,168,435,161
223,img/img_00001366.jpg,lower-body clothes,39,410,410,0,39,0
224,img/img_00001368.jpg,lower-body clothes,421,170,247,77,443,22
225,img/img_00001379.jpg,lower-body clothes,211,87,195,108,250,39
226,img/img_00001385.jpg,lower-body clothes,356,150,318,168,442,86
227,img/img_00001391.jpg,upper-body clothes,325,352,352,0,325,0
228,img/img_00001393.jpg,upper-body clothes,154,113,117,4,295,141
229,img/img_00001403.jpg,upper-body clothes,80,97,138,41,161,81
230,img/img_00001407.jpg,upper-body clothes,292,59,121,62,432,140
231,img/img_00001413.jpg,upper-body clothes,154,73,167,94,240,86
232,img/img_00001432.jpg,upper-body clothes,227,105,243,138,351,124
233,img/img_00001455.jpg,upper-body clothes,204,116,226,110,380,176
234,img/img_00001477.jpg,upper-body clothes,208,149,255,106,364,156
235,img/img_00001484.jpg,upper-body clothes,155,116,207,91,236,81
236,img/img_00001508.jpg,upper-body clothes,220,142,213,71,311,91
237,img/img_00001512.jpg,upper-body clothes,354,185,334,149,469,115
238,img/img_00001515.jpg,upper-body clothes,389,180,180,0,389,0
239,img/img_00001534.jpg,upper-body clothes,386,180,180,0,386,0
240,img/img_00001542.jpg,upper-body clothes,303,209,388,179,447,144
241,img/img_00001550.jpg,lower-body clothes,120,99,159,60,286,166
242,img/img_00001551.jpg,lower-body clothes,225,79,217,138,428,203
243,img/img_00001554.jpg,lower-body clothes,125,40,103,63,229,104
244,img/img_00001559.jpg,lower-body clothes,297,223,375,152,334,37
245,img/img_00001560.jpg,lower-body clothes,373,99,233,134,403,30
246,img/img_00001562.jpg,lower-body clothes,162,112,226,114,370,208
247,img/img_00001564.jpg,lower-body clothes,237,118,305,187,292,55
248,img/img_00001568.jpg,upper-body clothes,286,180,285,105,432,146
249,img/img_00001576.jpg,upper-body clothes,205,86,186,100,278,73
250,img/img_00001590.jpg,full-body clothes,367,154,263,109,484,117
251,img/img_00001592.jpg,full-body clothes,338,134,255,121,444,106
252,img/img_00001599.jpg,upper-body clothes,286,91,143,52,402,116
253,img/img_00001631.jpg,upper-body clothes,251,47,233,186,409,158
254,img/img_00001635.jpg,full-body clothes,370,89,229,140,467,97
255,img/img_00001636.jpg,full-body clothes,215,135,249,114,293,78
256,img/img_00001645.jpg,upper-body clothes,411,261,365,104,496,85
257,img/img_00001657.jpg,full-body clothes,217,42,162,120,272,55
258,img/img_00001669.jpg,upper-body clothes,231,76,220,144,370,139
259,img/img_00001670.jpg,upper-body clothes,238,215,259,44,479,241
260,img/img_00001672.jpg,upper-body clothes,315,217,307,90,470,155
261,img/img_00001675.jpg,upper-body clothes,306,225,311,86,460,154
262,img/img_00001676.jpg,upper-body clothes,331,166,252,86,409,78
263,img/img_00001678.jpg,upper-body clothes,191,127,188,61,286,95
264,img/img_00001686.jpg,lower-body clothes,197,61,129,68,213,16
265,img/img_00001696.jpg,lower-body clothes,137,38,116,78,225,88
266,img/img_00001697.jpg,lower-body clothes,110,46,132,86,213,103
267,img/img_00001706.jpg,upper-body clothes,90,48,247,199,219,129
268,img/img_00001713.jpg,upper-body clothes,200,164,164,0,200,0
269,img/img_00001716.jpg,upper-body clothes,273,188,294,106,354,81
270,img/img_00001718.jpg,full-body clothes,398,93,264,171,479,81
271,img/img_00001729.jpg,full-body clothes,402,139,281,142,509,107
272,img/img_00001743.jpg,upper-body clothes,183,167,222,55,317,134
273,img/img_00001745.jpg,upper-body clothes,297,211,248,37,460,163
274,img/img_00001756.jpg,upper-body clothes,164,92,229,137,295,131
275,img/img_00001770.jpg,upper-body clothes,300,98,205,107,424,124
276,img/img_00001773.jpg,upper-body clothes,282,191,331,140,470,188
277,img/img_00001788.jpg,lower-body clothes,326,243,243,0,326,0
278,img/img_00001791.jpg,lower-body clothes,264,102,305,203,437,173
279,img/img_00001795.jpg,lower-body clothes,139,136,336,200,490,351
280,img/img_00001799.jpg,lower-body clothes,286,101,157,56,306,20
281,img/img_00001805.jpg,full-body clothes,144,74,188,114,190,46
282,img/img_00001811.jpg,full-body clothes,163,28,94,66,215,52
283,img/img_00001812.jpg,full-body clothes,312,26,173,147,394,82
284,img/img_00001820.jpg,upper-body clothes,124,71,132,61,196,72
285,img/img_00001825.jpg,upper-body clothes,200,185,348,163,380,180
286,img/img_00001833.jpg,upper-body clothes,143,109,253,144,254,111
287,img/img_00001840.jpg,upper-body clothes,225,477,477,0,225,0
288,img/img_00001843.jpg,full-body clothes,249,41,202,161,280,31
289,img/img_00001844.jpg,full-body clothes,402,170,287,117,426,24
290,img/img_00001849.jpg,full-body clothes,235,122,240,118,309,74
291,img/img_00001855.jpg,upper-body clothes,142,49,123,74,200,58
292,img/img_00001871.jpg,upper-body clothes,97,68,139,71,163,66
293,img/img_00001879.jpg,upper-body clothes,130,76,119,43,199,69
294,img/img_00001886.jpg,upper-body clothes,95,18,108,90,132,37
295,img/img_00001888.jpg,upper-body clothes,62,86,152,66,190,128
296,img/img_00001891.jpg,upper-body clothes,278,319,319,0,278,0
297,img/img_00001896.jpg,upper-body clothes,366,177,177,0,366,0
298,img/img_00001920.jpg,lower-body clothes,260,316,335,19,340,80
299,img/img_00001923.jpg,lower-body clothes,66,87,194,107,259,193
300,img/img_00001925.jpg,lower-body clothes,34,69,154,85,159,125
301,img/img_00001930.jpg,lower-body clothes,238,253,253,0,238,0
302,img/img_00001931.jpg,lower-body clothes,156,127,237,110,329,173
303,img/img_00001949.jpg,full-body clothes,335,79,196,117,406,71
304,img/img_00001952.jpg,lower-body clothes,56,60,148,88,170,114
305,img/img_00001953.jpg,lower-body clothes,130,154,249,95,142,12
306,img/img_00001963.jpg,lower-body clothes,119,154,213,59,323,204
307,img/img_00001970.jpg,upper-body clothes,251,90,168,78,390,139
308,img/img_00001987.jpg,full-body clothes,225,147,207,60,267,42
309,img/img_00001994.jpg,lower-body clothes,27,63,182,119,158,131
310,img/img_00001995.jpg,lower-body clothes,70,140,230,90,354,284
311,img/img_00001998.jpg,lower-body clothes,76,88,255,167,265,189
312,img/img_00002011.jpg,full-body clothes,335,173,263,90,362,27
313,img/img_00002012.jpg,full-body clothes,450,369,369,0,450,0
314,img/img_00002022.jpg,full-body clothes,349,144,202,58,458,109
315,img/img_00002023.jpg,full-body clothes,340,64,165,101,456,116
316,img/img_00002027.jpg,full-body clothes,226,118,189,71,299,73
317,img/img_00002032.jpg,lower-body clothes,14,208,208,0,14,0
318,img/img_00002034.jpg,lower-body clothes,267,194,221,27,487,220
319,img/img_00002043.jpg,upper-body clothes,190,121,230,109,364,174
320,img/img_00002050.jpg,upper-body clothes,97,100,152,52,171,74
321,img/img_00002055.jpg,full-body clothes,286,252,252,0,286,0
322,img/img_00002058.jpg,full-body clothes,452,304,304,0,452,0
323,img/img_00002067.jpg,full-body clothes,198,244,244,0,198,0
324,img/img_00002076.jpg,full-body clothes,168,94,168,74,227,59
325,img/img_00002086.jpg,upper-body clothes,274,118,220,102,419,145
326,img/img_00002097.jpg,upper-body clothes,229,89,142,53,235,6
327,img/img_00002103.jpg,upper-body clothes,259,142,242,100,477,218
328,img/img_00002105.jpg,upper-body clothes,152,115,208,93,239,87
329,img/img_00002108.jpg,upper-body clothes,191,55,189,134,267,76
330,img/img_00002115.jpg,upper-body clothes,211,83,214,131,362,151
331,img/img_00002117.jpg,upper-body clothes,208,198,259,61,411,203
332,img/img_00002120.jpg,upper-body clothes,42,283,283,0,42,0
333,img/img_00002124.jpg,upper-body clothes,146,244,244,0,146,0
334,img/img_00002129.jpg,upper-body clothes,209,181,212,31,232,23
335,img/img_00002131.jpg,upper-body clothes,404,297,297,0,404,0
336,img/img_00002136.jpg,upper-body clothes,112,190,190,0,112,0
337,img/img_00002158.jpg,upper-body clothes,314,382,382,0,314,0
338,img/img_00002160.jpg,upper-body clothes,125,225,225,0,125,0
339,img/img_00002164.jpg,upper-body clothes,94,149,149,0,94,0
340,img/img_00002169.jpg,upper-body clothes,267,123,233,110,408,141
341,img/img_00002182.jpg,upper-body clothes,123,90,90,0,123,0
342,img/img_00002187.jpg,upper-body clothes,269,225,305,80,392,123
343,img/img_00002201.jpg,full-body clothes,356,93,187,94,461,105
344,img/img_00002210.jpg,full-body clothes,405,68,190,122,495,90
345,img/img_00002211.jpg,full-body clothes,356,101,304,203,438,82
346,img/img_00002212.jpg,full-body clothes,478,287,287,0,478,0
347,img/img_00002214.jpg,full-body clothes,293,144,220,76,391,98
348,img/img_00002223.jpg,lower-body clothes,414,111,164,53,427,13
349,img/img_00002238.jpg,upper-body clothes,158,131,189,58,266,108
350,img/img_00002241.jpg,upper-body clothes,296,127,229,102,443,147
351,img/img_00002251.jpg,upper-body clothes,96,76,229,153,152,56
352,img/img_00002262.jpg,upper-body clothes,193,111,215,104,345,152
353,img/img_00002264.jpg,upper-body clothes,211,114,188,74,377,166
354,img/img_00002268.jpg,upper-body clothes,198,128,195,67,306,108
355,img/img_00002272.jpg,lower-body clothes,246,90,228,138,461,215
356,img/img_00002276.jpg,lower-body clothes,357,215,319,104,363,6
357,img/img_00002278.jpg,lower-body clothes,261,147,147,0,261,0
358,img/img_00002283.jpg,lower-body clothes,227,91,192,101,408,181
359,img/img_00002284.jpg,lower-body clothes,247,117,164,47,252,5
360,img/img_00002290.jpg,full-body clothes,282,239,304,65,385,103
361,img/img_00002293.jpg,full-body clothes,338,270,270,0,338,0
362,img/img_00002297.jpg,full-body clothes,272,181,181,0,272,0
363,img/img_00002308.jpg,upper-body clothes,193,99,158,59,302,109
364,img/img_00002323.jpg,upper-body clothes,220,175,252,77,389,169
365,img/img_00002335.jpg,upper-body clothes,138,226,247,21,249,111
366,img/img_00002338.jpg,upper-body clothes,154,98,157,59,242,88
367,img/img_00002341.jpg,upper-body clothes,196,193,279,86,334,138
368,img/img_00002346.jpg,upper-body clothes,118,132,219,87,228,110
369,img/img_00002347.jpg,upper-body clothes,395,268,425,157,507,112
370,img/img_00002349.jpg,upper-body clothes,241,218,286,68,410,169
371,img/img_00002350.jpg,upper-body clothes,175,181,181,0,175,0
372,img/img_00002394.jpg,upper-body clothes,190,157,212,55,318,128
373,img/img_00002417.jpg,full-body clothes,241,122,246,124,350,109
374,img/img_00002420.jpg,full-body clothes,202,133,191,58,294,92
375,img/img_00002426.jpg,upper-body clothes,176,250,250,0,176,0
376,img/img_00002435.jpg,upper-body clothes,174,168,168,0,174,0
377,img/img_00002444.jpg,upper-body clothes,115,129,157,28,228,113
378,img/img_00002450.jpg,upper-body clothes,361,111,235,124,429,68
379,img/img_00002457.jpg,upper-body clothes,260,163,256,93,404,144
380,img/img_00002466.jpg,upper-body clothes,202,66,228,162,297,95
381,img/img_00002470.jpg,lower-body clothes,198,145,332,187,250,52
382,img/img_00002472.jpg,lower-body clothes,62,76,138,62,70,8
383,img/img_00002474.jpg,upper-body clothes,192,111,228,117,309,117
384,img/img_00002475.jpg,upper-body clothes,223,186,264,78,389,166
385,img/img_00002495.jpg,upper-body clothes,304,142,249,107,458,154
386,img/img_00002517.jpg,upper-body clothes,141,62,184,122,235,94
387,img/img_00002520.jpg,upper-body clothes,270,187,273,86,444,174
388,img/img_00002521.jpg,upper-body clothes,219,129,171,42,326,107
389,img/img_00002525.jpg,upper-body clothes,103,54,155,101,145,42
390,img/img_00002531.jpg,upper-body clothes,249,115,280,165,448,199
391,img/img_00002534.jpg,upper-body clothes,341,86,176,90,433,92
392,img/img_00002544.jpg,full-body clothes,362,127,201,74,480,118
393,img/img_00002560.jpg,full-body clothes,396,56,150,94,490,94
394,img/img_00002576.jpg,full-body clothes,65,36,59,23,67,2
395,img/img_00002582.jpg,full-body clothes,341,179,218,39,460,119
396,img/img_00002583.jpg,upper-body clothes,300,279,279,0,300,0
397,img/img_00002586.jpg,upper-body clothes,239,53,214,161,333,94
398,img/img_00002587.jpg,upper-body clothes,115,109,157,48,198,83
399,img/img_00002591.jpg,full-body clothes,177,73,163,90,239,62
400,img/img_00002606.jpg,full-body clothes,305,65,186,121,417,112
401,img/img_00002613.jpg,full-body clothes,149,71,108,37,208,59
402,img/img_00002614.jpg,full-body clothes,105,63,189,126,158,53
403,img/img_00002619.jpg,full-body clothes,152,83,151,68,210,58
404,img/img_00002622.jpg,full-body clothes,189,105,160,55,279,90
405,img/img_00002643.jpg,full-body clothes,392,82,112,30,479,87
406,img/img_00002649.jpg,full-body clothes,280,40,126,86,340,60
407,img/img_00002657.jpg,full-body clothes,447,266,266,0,447,0
408,img/img_00002671.jpg,lower-body clothes,202,34,115,81,217,15
409,img/img_00002684.jpg,lower-body clothes,95,66,190,124,301,206
410,img/img_00002689.jpg,lower-body clothes,50,52,180,128,232,182
411,img/img_00002695.jpg,lower-body clothes,99,125,184,59,319,220
412,img/img_00002701.jpg,lower-body clothes,78,64,148,84,224,146
413,img/img_00002702.jpg,lower-body clothes,186,158,235,77,208,22
414,img/img_00002705.jpg,lower-body clothes,97,83,136,53,102,5
415,img/img_00002706.jpg,lower-body clothes,138,157,243,86,176,38
416,img/img_00002711.jpg,upper-body clothes,301,146,218,72,469,168
417,img/img_00002712.jpg,upper-body clothes,154,54,182,128,249,95
418,img/img_00002720.jpg,upper-body clothes,141,44,129,85,213,72
419,img/img_00002726.jpg,full-body clothes,415,150,242,92,501,86
420,img/img_00002736.jpg,lower-body clothes,249,19,97,78,257,8
421,img/img_00002743.jpg,lower-body clothes,92,40,77,37,190,98
422,img/img_00002745.jpg,lower-body clothes,41,71,71,0,41,0
423,img/img_00002746.jpg,upper-body clothes,193,95,206,111,331,138
424,img/img_00002747.jpg,upper-body clothes,247,134,287,153,433,186
425,img/img_00002748.jpg,upper-body clothes,199,214,214,0,199,0
426,img/img_00002751.jpg,upper-body clothes,100,67,136,69,174,74
427,img/img_00002760.jpg,upper-body clothes,92,41,283,242,133,41
428,img/img_00002767.jpg,full-body clothes,329,84,186,102,456,127
429,img/img_00002773.jpg,full-body clothes,281,94,168,74,338,57
430,img/img_00002781.jpg,upper-body clothes,243,238,238,0,243,0
431,img/img_00002784.jpg,upper-body clothes,186,244,294,50,257,71
432,img/img_00002786.jpg,upper-body clothes,178,68,188,120,331,153
433,img/img_00002792.jpg,full-body clothes,246,115,211,96,350,104
434,img/img_00002795.jpg,full-body clothes,163,97,204,107,270,107
435,img/img_00002796.jpg,full-body clothes,285,218,264,46,405,120
436,img/img_00002806.jpg,lower-body clothes,85,84,127,43,114,29
437,img/img_00002820.jpg,upper-body clothes,204,68,146,78,346,142
438,img/img_00002841.jpg,upper-body clothes,156,135,135,0,156,0
439,img/img_00002842.jpg,upper-body clothes,189,124,240,116,225,36
440,img/img_00002846.jpg,upper-body clothes,319,61,175,114,395,76
441,img/img_00002852.jpg,upper-body clothes,211,61,251,190,330,119
442,img/img_00002861.jpg,upper-body clothes,155,87,142,55,222,67
443,img/img_00002862.jpg,upper-body clothes,409,253,286,33,436,27
444,img/img_00002866.jpg,upper-body clothes,277,71,254,183,423,146
445,img/img_00002872.jpg,upper-body clothes,260,184,184,0,260,0
446,img/img_00002878.jpg,lower-body clothes,213,467,467,0,213,0
447,img/img_00002887.jpg,lower-body clothes,44,36,74,38,112,68
448,img/img_00002894.jpg,lower-body clothes,229,193,193,0,229,0
449,img/img_00002896.jpg,upper-body clothes,89,73,109,36,147,58
450,img/img_00002902.jpg,upper-body clothes,146,142,209,67,282,136
451,img/img_00002907.jpg,upper-body clothes,90,67,195,128,166,76
452,img/img_00002913.jpg,full-body clothes,405,39,150,111,499,94
453,img/img_00002919.jpg,full-body clothes,358,110,232,122,497,139
454,img/img_00002920.jpg,full-body clothes,211,29,110,81,266,55
455,img/img_00002922.jpg,full-body clothes,323,165,235,70,437,114
456,img/img_00002925.jpg,upper-body clothes,63,248,248,0,63,0
457,img/img_00002933.jpg,upper-body clothes,126,80,212,132,213,87
458,img/img_00002940.jpg,upper-body clothes,130,82,189,107,215,85
459,img/img_00002946.jpg,upper-body clothes,366,249,295,46,420,54
460,img/img_00002949.jpg,upper-body clothes,326,69,186,117,470,144
461,img/img_00002957.jpg,upper-body clothes,238,154,281,127,299,61
462,img/img_00002962.jpg,upper-body clothes,152,277,277,0,152,0
463,img/img_00002974.jpg,lower-body clothes,137,130,207,77,418,281
464,img/img_00002996.jpg,lower-body clothes,71,101,244,143,258,187
465,img/img_00003001.jpg,lower-body clothes,52,52,131,79,134,82
466,img/img_00003014.jpg,full-body clothes,202,123,294,171,292,90
467,img/img_00003015.jpg,full-body clothes,175,82,123,41,232,57
468,img/img_00003016.jpg,full-body clothes,334,71,176,105,453,119
469,img/img_00003018.jpg,full-body clothes,250,112,192,80,338,88
470,img/img_00003020.jpg,full-body clothes,203,142,208,66,262,59
471,img/img_00003022.jpg,full-body clothes,345,139,197,58,455,110
472,img/img_00003025.jpg,full-body clothes,264,130,172,42,361,97
473,img/img_00003052.jpg,full-body clothes,252,96,238,142,328,76
474,img/img_00003062.jpg,full-body clothes,143,45,118,73,184,41
475,img/img_00003065.jpg,upper-body clothes,134,32,152,120,193,59
476,img/img_00003068.jpg,upper-body clothes,126,45,277,232,198,72
477,img/img_00003070.jpg,upper-body clothes,388,197,197,0,388,0
478,img/img_00003074.jpg,upper-body clothes,141,103,149,46,206,65
479,img/img_00003079.jpg,upper-body clothes,327,185,259,74,448,121
480,img/img_00003085.jpg,full-body clothes,342,186,218,32,442,100
481,img/img_00003095.jpg,full-body clothes,408,145,234,89,489,81
482,img/img_00003107.jpg,full-body clothes,213,100,157,57,290,77
483,img/img_00003108.jpg,full-body clothes,318,233,233,0,318,0
484,img/img_00003110.jpg,full-body clothes,286,199,199,0,286,0
485,img/img_00003122.jpg,lower-body clothes,387,60,179,119,403,16
486,img/img_00003125.jpg,lower-body clothes,135,55,197,142,258,123
487,img/img_00003130.jpg,lower-body clothes,398,141,258,117,406,8
488,img/img_00003132.jpg,lower-body clothes,147,47,184,137,266,119
489,img/img_00003140.jpg,upper-body clothes,273,134,223,89,398,125
490,img/img_00003154.jpg,upper-body clothes,105,60,118,58,148,43
491,img/img_00003158.jpg,upper-body clothes,294,75,222,147,400,106
492,img/img_00003165.jpg,upper-body clothes,264,131,253,122,409,145
493,img/img_00003167.jpg,upper-body clothes,220,169,270,101,355,135
494,img/img_00003186.jpg,upper-body clothes,179,61,183,122,327,148
495,img/img_00003194.jpg,full-body clothes,229,97,160,63,314,85
496,img/img_00003196.jpg,full-body clothes,219,369,369,0,219,0
497,img/img_00003221.jpg,upper-body clothes,104,83,129,46,172,68
498,img/img_00003242.jpg,upper-body clothes,148,47,149,102,230,82
499,img/img_00003252.jpg,upper-body clothes,172,86,203,117,287,115
500,img/img_00003254.jpg,upper-body clothes,217,54,224,170,310,93
501,img/img_00003259.jpg,upper-body clothes,61,57,135,78,115,54
502,img/img_00003267.jpg,upper-body clothes,149,47,140,93,238,89
503,img/img_00003276.jpg,upper-body clothes,75,101,161,60,141,66
504,img/img_00003284.jpg,upper-body clothes,210,149,244,95,354,144
505,img/img_00003285.jpg,upper-body clothes,116,65,131,66,195,79
506,img/img_00003290.jpg,lower-body clothes,442,191,369,178,453,11
507,img/img_00003291.jpg,lower-body clothes,350,259,259,0,350,0
508,img/img_00003298.jpg,upper-body clothes,238,61,218,157,350,112
509,img/img_00003299.jpg,upper-body clothes,142,61,144,83,188,46
510,img/img_00003303.jpg,upper-body clothes,306,26,172,146,401,95
511,img/img_00003307.jpg,upper-body clothes,298,169,270,101,485,187
512,img/img_00003308.jpg,upper-body clothes,248,118,255,137,349,101
513,img/img_00003312.jpg,upper-body clothes,287,108,238,130,444,157
514,img/img_00003320.jpg,upper-body clothes,241,113,199,86,357,116
515,img/img_00003328.jpg,upper-body clothes,128,94,212,118,220,92
516,img/img_00003331.jpg,upper-body clothes,297,23,170,147,394,97
517,img/img_00003335.jpg,upper-body clothes,294,209,285,76,446,152
518,img/img_00003338.jpg,upper-body clothes,181,250,250,0,181,0
519,img/img_00003344.jpg,upper-body clothes,180,121,305,184,277,97
520,img/img_00003349.jpg,lower-body clothes,94,129,437,308,343,249
521,img/img_00003351.jpg,lower-body clothes,111,144,246,102,156,45
522,img/img_00003353.jpg,lower-body clothes,85,125,202,77,441,356
523,img/img_00003359.jpg,lower-body clothes,74,13,123,110,91,17
524,img/img_00003366.jpg,upper-body clothes,135,71,126,55,201,66
525,img/img_00003369.jpg,upper-body clothes,164,96,233,137,297,133
526,img/img_00003377.jpg,upper-body clothes,292,49,127,78,409,117
527,img/img_00003378.jpg,upper-body clothes,88,53,136,83,153,65
528,img/img_00003381.jpg,upper-body clothes,242,82,160,78,379,137
529,img/img_00003387.jpg,upper-body clothes,215,108,215,107,331,116
530,img/img_00003389.jpg,full-body clothes,258,82,158,76,353,95
531,img/img_00003393.jpg,full-body clothes,405,98,231,133,496,91
532,img/img_00003400.jpg,full-body clothes,310,68,201,133,376,66
533,img/img_00003403.jpg,full-body clothes,307,62,247,185,433,126
534,img/img_00003406.jpg,full-body clothes,176,57,108,51,214,38
535,img/img_00003407.jpg,full-body clothes,132,122,122,0,132,0
536,img/img_00003412.jpg,full-body clothes,179,110,210,100,272,93
537,img/img_00003415.jpg,full-body clothes,181,87,229,142,264,83
538,img/img_00003424.jpg,full-body clothes,293,133,267,134,349,56
539,img/img_00003439.jpg,full-body clothes,239,121,181,60,334,95
540,img/img_00003444.jpg,full-body clothes,194,102,232,130,267,73
541,img/img_00003448.jpg,upper-body clothes,209,160,261,101,355,146
542,img/img_00003455.jpg,upper-body clothes,260,49,240,191,376,116
543,img/img_00003458.jpg,upper-body clothes,151,79,198,119,297,146
544,img/img_00003459.jpg,upper-body clothes,188,38,228,190,305,117
545,img/img_00003465.jpg,upper-body clothes,192,165,264,99,318,126
546,img/img_00003471.jpg,full-body clothes,368,52,194,142,460,92
547,img/img_00003476.jpg,full-body clothes,230,92,211,119,294,64
548,img/img_00003480.jpg,full-body clothes,412,67,118,51,494,82
549,img/img_00003484.jpg,full-body clothes,340,178,263,85,462,122
550,img/img_00003486.jpg,full-body clothes,181,64,115,51,237,56
551,img/img_00003489.jpg,full-body clothes,299,164,257,93,417,118
552,img/img_00003493.jpg,lower-body clothes,221,140,285,145,301,80
553,img/img_00003497.jpg,lower-body clothes,398,97,246,149,440,42
554,img/img_00003517.jpg,lower-body clothes,270,453,453,0,270,0
555,img/img_00003518.jpg,lower-body clothes,84,162,291,129,404,320
556,img/img_00003519.jpg,lower-body clothes,28,32,247,215,216,188
557,img/img_00003520.jpg,lower-body clothes,326,446,446,0,326,0
558,img/img_00003528.jpg,lower-body clothes,132,155,224,69,168,36
559,img/img_00003534.jpg,lower-body clothes,63,91,204,113,265,202
560,img/img_00003535.jpg,lower-body clothes,105,140,217,77,378,273
561,img/img_00003544.jpg,upper-body clothes,84,61,137,76,119,35
562,img/img_00003548.jpg,upper-body clothes,419,254,254,0,419,0
563,img/img_00003557.jpg,lower-body clothes,161,50,116,66,298,137
564,img/img_00003561.jpg,lower-body clothes,172,56,138,82,328,156
565,img/img_00003565.jpg,lower-body clothes,471,70,204,134,490,19
566,img/img_00003567.jpg,lower-body clothes,356,46,194,148,381,25
567,img/img_00003578.jpg,lower-body clothes,347,200,291,91,375,28
568,img/img_00003580.jpg,lower-body clothes,126,51,182,131,268,142
569,img/img_00003584.jpg,lower-body clothes,115,136,234,98,444,329
570,img/img_00003589.jpg,lower-body clothes,324,192,192,0,324,0
571,img/img_00003593.jpg,lower-body clothes,35,87,208,121,216,181
572,img/img_00003595.jpg,upper-body clothes,323,171,387,216,452,129
573,img/img_00003596.jpg,upper-body clothes,311,228,228,0,311,0
574,img/img_00003608.jpg,full-body clothes,355,235,235,0,355,0
575,img/img_00003611.jpg,full-body clothes,202,85,222,137,354,152
576,img/img_00003626.jpg,upper-body clothes,207,191,191,0,207,0
577,img/img_00003630.jpg,upper-body clothes,323,187,187,0,323,0
578,img/img_00003639.jpg,lower-body clothes,89,102,135,33,102,13
579,img/img_00003642.jpg,lower-body clothes,60,115,115,0,60,0
580,img/img_00003645.jpg,lower-body clothes,141,151,219,68,185,44
581,img/img_00003652.jpg,lower-body clothes,82,94,145,51,97,15
582,img/img_00003653.jpg,lower-body clothes,44,48,71,23,49,5
583,img/img_00003658.jpg,lower-body clothes,42,49,99,50,104,62
584,img/img_00003662.jpg,lower-body clothes,48,51,70,19,61,13
585,img/img_00003675.jpg,upper-body clothes,329,210,284,74,425,96
586,img/img_00003677.jpg,upper-body clothes,266,58,239,181,361,95
587,img/img_00003679.jpg,upper-body clothes,160,61,129,68,218,58
588,img/img_00003681.jpg,upper-body clothes,287,173,250,77,428,141
589,img/img_00003692.jpg,upper-body clothes,143,144,178,34,244,101
590,img/img_00003694.jpg,upper-body clothes,208,70,179,109,286,78
591,img/img_00003702.jpg,full-body clothes,244,66,143,77,336,92
592,img/img_00003726.jpg,upper-body clothes,205,172,257,85,367,162
593,img/img_00003739.jpg,upper-body clothes,143,118,246,128,255,112
594,img/img_00003740.jpg,upper-body clothes,298,80,244,164,450,152
595,img/img_00003744.jpg,upper-body clothes,255,61,198,137,420,165
596,img/img_00003755.jpg,upper-body clothes,157,109,173,64,237,80
597,img/img_00003765.jpg,lower-body clothes,416,44,226,182,429,13
598,img/img_00003776.jpg,lower-body clothes,110,91,211,120,335,225
599,img/img_00003777.jpg,lower-body clothes,192,84,142,58,206,14
600,img/img_00003778.jpg,upper-body clothes,164,149,251,102,349,185
601,img/img_00003781.jpg,upper-body clothes,123,96,147,51,195,72
602,img/img_00003782.jpg,upper-body clothes,115,84,139,55,193,78
603,img/img_00003783.jpg,upper-body clothes,97,57,123,66,174,77
604,img/img_00003800.jpg,upper-body clothes,213,48,271,223,340,127
605,img/img_00003803.jpg,upper-body clothes,132,63,118,55,202,70
606,img/img_00003806.jpg,upper-body clothes,150,73,127,54,222,72
607,img/img_00003817.jpg,upper-body clothes,166,168,197,29,331,165
608,img/img_00003822.jpg,full-body clothes,366,51,202,151,471,105
609,img/img_00003825.jpg,full-body clothes,257,41,233,192,337,80
610,img/img_00003828.jpg,full-body clothes,412,36,100,64,502,90
611,img/img_00003835.jpg,full-body clothes,392,64,215,151,475,83
612,img/img_00003837.jpg,full-body clothes,337,108,232,124,473,136
613,img/img_00003838.jpg,upper-body clothes,349,169,266,97,492,143
614,img/img_00003847.jpg,upper-body clothes,125,81,262,181,426,301
615,img/img_00003852.jpg,upper-body clothes,213,98,98,0,213,0
616,img/img_00003858.jpg,upper-body clothes,292,125,357,232,461,169
617,img/img_00003859.jpg,upper-body clothes,289,81,202,121,418,129
618,img/img_00003868.jpg,upper-body clothes,106,79,131,52,176,70
619,img/img_00003880.jpg,upper-body clothes,248,169,273,104,395,147
620,img/img_00003884.jpg,upper-body clothes,114,81,174,93,210,96
621,img/img_00003885.jpg,upper-body clothes,436,363,363,0,436,0
622,img/img_00003891.jpg,upper-body clothes,306,55,232,177,408,102
623,img/img_00003892.jpg,upper-body clothes,249,197,242,45,408,159
624,img/img_00003893.jpg,upper-body clothes,328,141,307,166,452,124
625,img/img_00003894.jpg,upper-body clothes,291,170,295,125,417,126
626,img/img_00003895.jpg,upper-body clothes,121,75,120,45,181,60
627,img/img_00003898.jpg,upper-body clothes,364,273,273,0,364,0
628,img/img_00003899.jpg,upper-body clothes,122,89,148,59,199,77
629,img/img_00003904.jpg,upper-body clothes,112,326,326,0,112,0
630,img/img_00003906.jpg,upper-body clothes,50,157,157,0,50,0
631,img/img_00003920.jpg,upper-body clothes,291,166,340,174,475,184
632,img/img_00003923.jpg,upper-body clothes,138,70,159,89,293,155
633,img/img_00003928.jpg,upper-body clothes,130,68,190,122,231,101
634,img/img_00003931.jpg,upper-body clothes,308,258,300,42,348,40
635,img/img_00003935.jpg,upper-body clothes,252,138,237,99,422,170
636,img/img_00003937.jpg,upper-body clothes,115,63,141,78,189,74
637,img/img_00003942.jpg,upper-body clothes,197,99,223,124,303,106
638,img/img_00003945.jpg,upper-body clothes,162,105,142,37,251,89
639,img/img_00003951.jpg,upper-body clothes,127,133,133,0,127,0
640,img/img_00003962.jpg,upper-body clothes,217,80,124,44,327,110
641,img/img_00003964.jpg,upper-body clothes,446,462,462,0,446,0
642,img/img_00003969.jpg,upper-body clothes,123,63,138,75,204,81
643,img/img_00003970.jpg,lower-body clothes,170,53,146,93,312,142
644,img/img_00003972.jpg,lower-body clothes,103,92,162,70,297,194
645,img/img_00003979.jpg,lower-body clothes,138,13,138,125,250,112
646,img/img_00003981.jpg,upper-body clothes,319,190,248,58,432,113
647,img/img_00003994.jpg,upper-body clothes,141,114,211,97,224,83
648,img/img_00003996.jpg,full-body clothes,200,124,228,104,292,92
649,img/img_00004000.jpg,full-body clothes,162,56,463,407,248,86
650,img/img_00004016.jpg,full-body clothes,193,109,228,119,314,121
651,img/img_00004024.jpg,full-body clothes,284,180,292,112,410,126
652,img/img_00004027.jpg,full-body clothes,271,218,227,9,422,151
653,img/img_00004033.jpg,full-body clothes,351,104,233,129,477,126
654,img/img_00004037.jpg,full-body clothes,353,137,200,63,459,106
655,img/img_00004040.jpg,full-body clothes,117,61,119,58,170,53
656,img/img_00004045.jpg,full-body clothes,349,134,229,95,476,127
657,img/img_00004048.jpg,full-body clothes,360,122,226,104,468,108
658,img/img_00004049.jpg,full-body clothes,346,126,244,118,461,115
659,img/img_00004053.jpg,upper-body clothes,262,94,246,152,395,133
660,img/img_00004069.jpg,full-body clothes,259,332,332,0,259,0
661,img/img_00004078.jpg,full-body clothes,434,61,258,197,474,40
662,img/img_00004081.jpg,full-body clothes,366,113,226,113,479,113
663,img/img_00004082.jpg,full-body clothes,331,155,257,102,451,120
664,img/img_00004084.jpg,full-body clothes,173,180,180,0,173,0
665,img/img_00004087.jpg,full-body clothes,316,72,211,139,404,88
666,img/img_00004093.jpg,full-body clothes,146,205,205,0,146,0
667,img/img_00004096.jpg,full-body clothes,273,337,337,0,273,0
668,img/img_00004098.jpg,full-body clothes,371,122,238,116,484,113
669,img/img_00004107.jpg,full-body clothes,239,45,101,56,324,85
670,img/img_00004109.jpg,full-body clothes,320,122,220,98,449,129
671,img/img_00004113.jpg,full-body clothes,325,110,228,118,426,101
672,img/img_00004116.jpg,full-body clothes,155,63,88,25,194,39
673,img/img_00004129.jpg,full-body clothes,349,211,282,71,464,115
674,img/img_00004145.jpg,full-body clothes,471,439,439,0,471,0
675,img/img_00004147.jpg,full-body clothes,177,140,257,117,261,84
676,img/img_00004149.jpg,full-body clothes,318,111,304,193,387,69
677,img/img_00004181.jpg,full-body clothes,183,73,138,65,233,50
678,img/img_00004194.jpg,upper-body clothes,129,44,44,0,129,0
679,img/img_00004200.jpg,upper-body clothes,66,206,206,0,66,0
680,img/img_00004237.jpg,upper-body clothes,250,282,282,0,250,0
681,img/img_00004239.jpg,full-body clothes,194,148,261,113,288,94
682,img/img_00004241.jpg,full-body clothes,291,61,199,138,454,163
683,img/img_00004242.jpg,full-body clothes,306,65,197,132,436,130
684,img/img_00004256.jpg,full-body clothes,228,115,310,195,309,81
685,img/img_00004267.jpg,full-body clothes,349,88,170,82,457,108
686,img/img_00004268.jpg,full-body clothes,165,58,133,75,223,58
687,img/img_00004269.jpg,full-body clothes,149,70,184,114,193,44
688,img/img_00004273.jpg,full-body clothes,249,71,95,24,329,80
689,img/img_00004275.jpg,full-body clothes,234,60,140,80,301,67
690,img/img_00004277.jpg,full-body clothes,200,80,206,126,269,69
691,img/img_00004278.jpg,full-body clothes,302,70,193,123,486,184
692,img/img_00004279.jpg,upper-body clothes,128,90,210,120,259,131
693,img/img_00004283.jpg,upper-body clothes,236,42,168,126,380,144
694,img/img_00004285.jpg,upper-body clothes,224,45,217,172,382,158
695,img/img_00004295.jpg,lower-body clothes,45,62,180,118,173,128
696,img/img_00004302.jpg,lower-body clothes,198,162,232,70,445,247
697,img/img_00004314.jpg,full-body clothes,394,460,460,0,394,0
698,img/img_00004317.jpg,upper-body clothes,323,119,201,82,344,21
699,img/img_00004336.jpg,upper-body clothes,218,94,235,141,362,144
700,img/img_00004343.jpg,upper-body clothes,223,87,243,156,362,139
701,img/img_00004353.jpg,upper-body clothes,405,360,360,0,405,0
702,img/img_00004357.jpg,upper-body clothes,86,121,321,200,283,197
703,img/img_00004367.jpg,full-body clothes,358,91,241,150,477,119
704,img/img_00004369.jpg,full-body clothes,200,114,263,149,309,109
705,img/img_00004379.jpg,upper-body clothes,230,190,218,28,389,159
706,img/img_00004397.jpg,lower-body clothes,367,144,255,111,444,77
707,img/img_00004398.jpg,lower-body clothes,227,165,258,93,235,8
708,img/img_00004408.jpg,lower-body clothes,259,113,281,168,476,217
709,img/img_00004424.jpg,lower-body clothes,119,41,288,247,263,144
710,img/img_00004428.jpg,lower-body clothes,332,204,204,0,332,0
711,img/img_00004429.jpg,upper-body clothes,474,368,445,77,504,30
712,img/img_00004435.jpg,upper-body clothes,207,287,287,0,207,0
713,img/img_00004452.jpg,full-body clothes,219,252,252,0,219,0
714,img/img_00004456.jpg,full-body clothes,323,212,212,0,323,0
715,img/img_00004464.jpg,full-body clothes,339,143,242,99,470,131
716,img/img_00004490.jpg,full-body clothes,188,67,150,83,315,127
717,img/img_00004491.jpg,full-body clothes,238,211,211,0,238,0
718,img/img_00004501.jpg,full-body clothes,224,228,228,0,224,0
719,img/img_00004502.jpg,full-body clothes,215,252,252,0,215,0
720,img/img_00004505.jpg,full-body clothes,314,93,190,97,412,98
721,img/img_00004544.jpg,full-body clothes,263,149,233,84,380,117
722,img/img_00004545.jpg,full-body clothes,139,75,144,69,205,66
723,img/img_00004551.jpg,full-body clothes,128,80,117,37,166,38
724,img/img_00004558.jpg,full-body clothes,218,77,229,152,386,168
725,img/img_00004567.jpg,full-body clothes,293,256,256,0,293,0
726,img/img_00004581.jpg,full-body clothes,201,119,218,99,267,66
727,img/img_00004584.jpg,full-body clothes,358,193,237,44,465,107
728,img/img_00004586.jpg,full-body clothes,284,153,153,0,284,0
729,img/img_00004587.jpg,full-body clothes,200,107,255,148,327,127
730,img/img_00004590.jpg,full-body clothes,279,98,205,107,437,158
731,img/img_00004592.jpg,full-body clothes,226,271,271,0,226,0
732,img/img_00004593.jpg,full-body clothes,195,51,180,129,258,63
733,img/img_00004603.jpg,full-body clothes,178,90,195,105,290,112
734,img/img_00004605.jpg,full-body clothes,152,90,156,66,221,69
735,img/img_00004610.jpg,full-body clothes,263,70,226,156,372,109
736,img/img_00004619.jpg,full-body clothes,352,61,224,163,472,120
737,img/img_00004624.jpg,full-body clothes,208,29,93,64,284,76
738,img/img_00004643.jpg,full-body clothes,277,59,188,129,464,187
739,img/img_00004650.jpg,full-body clothes,496,197,197,0,496,0
740,img/img_00004655.jpg,full-body clothes,298,203,283,80,414,116
741,img/img_00004657.jpg,full-body clothes,200,53,170,117,329,129
742,img/img_00004661.jpg,full-body clothes,284,159,344,185,483,199
743,img/img_00004665.jpg,full-body clothes,254,102,203,101,454,200
744,img/img_00004671.jpg,full-body clothes,426,132,273,141,501,75
745,img/img_00004683.jpg,full-body clothes,484,251,251,0,484,0
746,img/img_00004685.jpg,full-body clothes,362,122,303,181,474,112
747,img/img_00004692.jpg,full-body clothes,174,37,129,92,232,58
748,img/img_00004693.jpg,full-body clothes,325,82,147,65,498,173
749,img/img_00004696.jpg,full-body clothes,451,307,357,50,468,17
750,img/img_00004697.jpg,full-body clothes,434,465,465,0,434,0
751,img/img_00004704.jpg,full-body clothes,340,80,222,142,466,126
752,img/img_00004706.jpg,full-body clothes,374,97,226,129,452,78
753,img/img_00004715.jpg,full-body clothes,246,174,354,180,429,183
754,img/img_00004720.jpg,full-body clothes,367,94,216,122,491,124
755,img/img_00004722.jpg,full-body clothes,347,89,177,88,477,130
756,img/img_00004739.jpg,full-body clothes,217,162,263,101,402,185
757,img/img_00004747.jpg,full-body clothes,166,104,160,56,272,106
758,img/img_00004748.jpg,full-body clothes,283,106,223,117,451,168
759,img/img_00004756.jpg,full-body clothes,224,131,245,114,311,87
760,img/img_00004758.jpg,full-body clothes,314,60,200,140,491,177
761,img/img_00004759.jpg,full-body clothes,259,116,237,121,433,174
762,img/img_00004760.jpg,full-body clothes,281,23,169,146,447,166
763,img/img_00004767.jpg,full-body clothes,183,121,325,204,213,30
764,img/img_00004771.jpg,full-body clothes,313,56,186,130,490,177
765,img/img_00004773.jpg,full-body clothes,207,115,213,98,226,19
766,img/img_00004776.jpg,full-body clothes,236,128,233,105,433,197
767,img/img_00004777.jpg,full-body clothes,135,138,138,0,135,0
768,img/img_00004781.jpg,full-body clothes,178,101,206,105,256,78
769,img/img_00004790.jpg,full-body clothes,180,83,202,119,258,78
770,img/img_00004806.jpg,full-body clothes,387,107,242,135,499,112
771,img/img_00004809.jpg,full-body clothes,282,123,214,91,471,189
772,img/img_00004813.jpg,full-body clothes,360,318,355,37,482,122
773,img/img_00004815.jpg,full-body clothes,390,99,171,72,501,111
774,img/img_00004820.jpg,full-body clothes,173,88,197,109,262,89
775,img/img_00004821.jpg,full-body clothes,185,60,146,86,235,50
776,img/img_00004828.jpg,full-body clothes,177,99,200,101,272,95
777,img/img_00004831.jpg,full-body clothes,262,368,368,0,262,0
778,img/img_00004834.jpg,full-body clothes,311,163,189,26,438,127
779,img/img_00004844.jpg,full-body clothes,444,128,333,205,487,43
780,img/img_00004847.jpg,full-body clothes,388,134,247,113,508,120
781,img/img_00004855.jpg,full-body clothes,297,175,245,70,404,107
782,img/img_00004859.jpg,full-body clothes,255,147,207,60,343,88
783,img/img_00004864.jpg,full-body clothes,165,22,110,88,224,59
784,img/img_00004866.jpg,full-body clothes,372,84,291,207,472,100
785,img/img_00004868.jpg,full-body clothes,122,300,300,0,122,0
786,img/img_00004877.jpg,full-body clothes,116,61,122,61,196,80
787,img/img_00004896.jpg,upper-body clothes,77,38,118,80,119,42
788,img/img_00004901.jpg,full-body clothes,79,60,197,137,113,34
789,img/img_00004904.jpg,full-body clothes,260,114,245,131,421,161
790,img/img_00004911.jpg,full-body clothes,310,104,109,5,483,173
791,img/img_00004920.jpg,lower-body clothes,104,71,276,205,289,185
792,img/img_00004922.jpg,lower-body clothes,54,89,141,52,218,164
793,img/img_00004942.jpg,full-body clothes,416,213,274,61,499,83
794,img/img_00004944.jpg,full-body clothes,415,96,261,165,504,89
795,img/img_00004949.jpg,full-body clothes,283,114,174,60,337,54
796,img/img_00004954.jpg,full-body clothes,389,82,194,112,462,73
797,img/img_00004955.jpg,full-body clothes,214,44,180,136,287,73
798,img/img_00004956.jpg,full-body clothes,413,93,222,129,498,85
799,img/img_00004957.jpg,full-body clothes,362,161,261,100,454,92
800,img/img_00004965.jpg,full-body clothes,165,91,128,37,237,72
801,img/img_00004982.jpg,full-body clothes,346,73,212,139,465,119
802,img/img_00004984.jpg,full-body clothes,313,44,196,152,420,107
803,img/img_00004987.jpg,full-body clothes,359,121,243,122,471,112
804,img/img_00004988.jpg,full-body clothes,212,112,136,24,274,62
805,img/img_00004992.jpg,full-body clothes,276,225,344,119,404,128
806,img/img_00005001.jpg,full-body clothes,363,132,241,109,492,129
807,img/img_00005002.jpg,full-body clothes,270,114,135,21,352,82
808,img/img_00005010.jpg,full-body clothes,208,80,215,135,292,84
809,img/img_00005011.jpg,full-body clothes,354,99,276,177,462,108
810,img/img_00005018.jpg,full-body clothes,236,93,252,159,317,81
811,img/img_00005045.jpg,full-body clothes,357,199,309,110,444,87
812,img/img_00005048.jpg,full-body clothes,404,101,166,65,484,80
813,img/img_00005051.jpg,full-body clothes,342,78,154,76,430,88
814,img/img_00005062.jpg,full-body clothes,391,87,211,124,496,105
815,img/img_00005066.jpg,full-body clothes,244,127,212,85,367,123
816,img/img_00005069.jpg,full-body clothes,167,64,150,86,215,48
817,img/img_00005071.jpg,full-body clothes,395,46,140,94,478,83
818,img/img_00005081.jpg,full-body clothes,379,141,234,93,458,79
819,img/img_00005100.jpg,full-body clothes,345,50,200,150,423,78
820,img/img_00005101.jpg,full-body clothes,338,102,166,64,424,86
821,img/img_00005102.jpg,full-body clothes,375,64,204,140,450,75
822,img/img_00005107.jpg,full-body clothes,152,242,242,0,152,0
823,img/img_00005111.jpg,full-body clothes,110,216,216,0,110,0
824,img/img_00005119.jpg,full-body clothes,333,282,282,0,333,0
825,img/img_00005123.jpg,upper-body clothes,264,118,236,118,364,100
826,img/img_00005124.jpg,upper-body clothes,120,37,103,66,175,55
827,img/img_00005125.jpg,upper-body clothes,249,140,219,79,384,135
828,img/img_00005127.jpg,upper-body clothes,232,78,211,133,361,129
829,img/img_00005134.jpg,upper-body clothes,172,353,353,0,172,0
830,img/img_00005135.jpg,upper-body clothes,132,378,378,0,132,0
831,img/img_00005138.jpg,upper-body clothes,423,314,314,0,423,0
832,img/img_00005152.jpg,full-body clothes,289,277,277,0,289,0
833,img/img_00005154.jpg,full-body clothes,152,188,188,0,152,0
834,img/img_00005158.jpg,full-body clothes,213,43,128,85,248,35
835,img/img_00005159.jpg,full-body clothes,344,100,213,113,417,73
836,img/img_00005168.jpg,full-body clothes,130,93,158,65,217,87
837,img/img_00005176.jpg,lower-body clothes,120,84,250,166,480,360
838,img/img_00005181.jpg,lower-body clothes,109,106,231,125,346,237
839,img/img_00005183.jpg,lower-body clothes,77,171,249,78,434,357
840,img/img_00005185.jpg,lower-body clothes,180,89,192,103,427,247
841,img/img_00005186.jpg,lower-body clothes,68,90,222,132,281,213
842,img/img_00005192.jpg,lower-body clothes,361,115,231,116,398,37
843,img/img_00005193.jpg,lower-body clothes,188,102,234,132,420,232
844,img/img_00005197.jpg,lower-body clothes,231,149,181,32,285,54
845,img/img_00005201.jpg,lower-body clothes,436,120,289,169,455,19
846,img/img_00005210.jpg,lower-body clothes,216,108,229,121,451,235
847,img/img_00005212.jpg,lower-body clothes,406,97,199,102,453,47
848,img/img_00005228.jpg,lower-body clothes,252,86,167,81,261,9
849,img/img_00005237.jpg,lower-body clothes,338,98,253,155,418,80
850,img/img_00005238.jpg,lower-body clothes,25,424,424,0,25,0
851,img/img_00005239.jpg,lower-body clothes,270,90,140,50,466,196
852,img/img_00005262.jpg,lower-body clothes,424,160,282,122,425,1
853,img/img_00005274.jpg,lower-body clothes,387,130,313,183,400,13
854,img/img_00005289.jpg,lower-body clothes,268,144,204,60,460,192
855,img/img_00005294.jpg,lower-body clothes,247,58,216,158,433,186
856,img/img_00005295.jpg,lower-body clothes,215,75,75,0,215,0
857,img/img_00005298.jpg,lower-body clothes,292,149,227,78,294,2
858,img/img_00005310.jpg,full-body clothes,334,228,293,65,422,88
859,img/img_00005323.jpg,lower-body clothes,170,190,342,152,187,17
860,img/img_00005325.jpg,full-body clothes,316,110,209,99,424,108
861,img/img_00005329.jpg,full-body clothes,167,75,149,74,231,64
862,img/img_00005330.jpg,full-body clothes,175,78,135,57,237,62
863,img/img_00005331.jpg,full-body clothes,340,177,243,66,465,125
864,img/img_00005336.jpg,lower-body clothes,258,72,196,124,265,7
865,img/img_00005339.jpg,lower-body clothes,192,83,141,58,200,8
866,img/img_00005346.jpg,lower-body clothes,346,89,428,339,371,25
867,img/img_00005353.jpg,lower-body clothes,112,102,238,136,272,160
868,img/img_00005358.jpg,lower-body clothes,75,61,83,22,200,125
869,img/img_00005361.jpg,lower-body clothes,148,29,156,127,302,154
870,img/img_00005379.jpg,full-body clothes,229,115,302,187,313,84
871,img/img_00005384.jpg,full-body clothes,205,85,234,149,283,78
872,img/img_00005387.jpg,lower-body clothes,250,210,300,90,304,54
873,img/img_00005389.jpg,lower-body clothes,62,47,207,160,311,249
874,img/img_00005395.jpg,lower-body clothes,298,381,381,0,298,0
875,img/img_00005402.jpg,upper-body clothes,128,108,147,39,216,88
876,img/img_00005405.jpg,full-body clothes,205,122,237,115,292,87
877,img/img_00005412.jpg,full-body clothes,342,55,198,143,447,105
878,img/img_00005413.jpg,full-body clothes,190,88,193,105,256,66
879,img/img_00005417.jpg,full-body clothes,422,371,371,0,422,0
880,img/img_00005419.jpg,full-body clothes,291,181,232,51,419,128
881,img/img_00005420.jpg,full-body clothes,212,50,177,127,283,71
882,img/img_00005430.jpg,upper-body clothes,293,203,361,158,452,159
883,img/img_00005437.jpg,upper-body clothes,188,170,243,73,309,121
884,img/img_00005440.jpg,full-body clothes,355,64,197,133,436,81
885,img/img_00005442.jpg,full-body clothes,140,300,300,0,140,0
886,img/img_00005456.jpg,full-body clothes,224,274,274,0,224,0
887,img/img_00005459.jpg,full-body clothes,229,74,153,79,287,58
888,img/img_00005465.jpg,full-body clothes,172,61,150,89,214,42
889,img/img_00005466.jpg,full-body clothes,112,227,227,0,112,0
890,img/img_00005467.jpg,upper-body clothes,265,115,228,113,405,140
891,img/img_00005476.jpg,full-body clothes,378,58,214,156,458,80
892,img/img_00005494.jpg,full-body clothes,384,109,217,108,465,81
893,img/img_00005503.jpg,upper-body clothes,294,119,208,89,452,158
894,img/img_00005507.jpg,upper-body clothes,1,1,1,0,1,0
895,img/img_00005508.jpg,upper-body clothes,210,308,308,0,210,0
896,img/img_00005509.jpg,full-body clothes,221,58,174,116,366,145
897,img/img_00005517.jpg,upper-body clothes,245,135,135,0,245,0
898,img/img_00005545.jpg,lower-body clothes,79,119,265,146,427,348
899,img/img_00005548.jpg,lower-body clothes,259,186,186,0,259,0
900,img/img_00005563.jpg,full-body clothes,259,118,237,119,343,84
901,img/img_00005574.jpg,upper-body clothes,250,195,195,0,250,0
902,img/img_00005578.jpg,full-body clothes,375,86,240,154,455,80
903,img/img_00005581.jpg,full-body clothes,190,397,397,0,190,0
904,img/img_00005582.jpg,full-body clothes,302,87,178,91,378,76
905,img/img_00005583.jpg,full-body clothes,341,87,238,151,425,84
906,img/img_00005589.jpg,full-body clothes,314,100,223,123,454,140
907,img/img_00005600.jpg,upper-body clothes,209,166,185,19,248,39
908,img/img_00005602.jpg,full-body clothes,266,200,283,83,397,131
909,img/img_00005603.jpg,full-body clothes,297,142,229,87,394,97
910,img/img_00005616.jpg,upper-body clothes,235,131,327,196,408,173
911,img/img_00005640.jpg,lower-body clothes,193,129,340,211,390,197
912,img/img_00005648.jpg,full-body clothes,210,97,260,163,293,83
913,img/img_00005649.jpg,full-body clothes,309,154,259,105,434,125
914,img/img_00005654.jpg,full-body clothes,257,163,215,52,363,106
915,img/img_00005658.jpg,full-body clothes,146,53,142,89,190,44
916,img/img_00005661.jpg,full-body clothes,233,120,320,200,353,120
917,img/img_00005664.jpg,full-body clothes,238,138,252,114,332,94
918,img/img_00005680.jpg,upper-body clothes,149,190,190,0,149,0
919,img/img_00005681.jpg,upper-body clothes,143,57,178,121,235,92
920,img/img_00005682.jpg,upper-body clothes,379,309,361,52,475,96
921,img/img_00005684.jpg,upper-body clothes,407,244,244,0,407,0
922,img/img_00005685.jpg,upper-body clothes,100,82,138,56,231,131
923,img/img_00005705.jpg,full-body clothes,333,97,172,75,455,122
924,img/img_00005707.jpg,full-body clothes,233,129,262,133,306,73
925,img/img_00005716.jpg,upper-body clothes,168,161,247,86,247,79
926,img/img_00005733.jpg,full-body clothes,208,112,221,109,323,115
927,img/img_00005738.jpg,full-body clothes,241,53,276,223,315,74
928,img/img_00005740.jpg,full-body clothes,273,142,282,140,363,90
929,img/img_00005745.jpg,full-body clothes,254,80,265,185,355,101
930,img/img_00005755.jpg,full-body clothes,372,245,271,26,502,130
931,img/img_00005756.jpg,full-body clothes,363,128,246,118,472,109
932,img/img_00005760.jpg,full-body clothes,251,22,207,185,358,107
933,img/img_00005774.jpg,lower-body clothes,114,79,292,213,323,209
934,img/img_00005788.jpg,lower-body clothes,219,119,246,127,482,263
935,img/img_00005810.jpg,upper-body clothes,164,128,128,0,164,0
936,img/img_00005811.jpg,upper-body clothes,359,254,254,0,359,0
937,img/img_00005819.jpg,upper-body clothes,104,49,77,28,162,58
938,img/img_00005831.jpg,full-body clothes,330,167,244,77,455,125
939,img/img_00005836.jpg,full-body clothes,315,156,251,95,443,128
940,img/img_00005837.jpg,full-body clothes,335,161,194,33,464,129
941,img/img_00005845.jpg,full-body clothes,184,125,233,108,322,138
942,img/img_00005846.jpg,full-body clothes,195,93,218,125,344,149
943,img/img_00005854.jpg,full-body clothes,86,46,91,45,113,27
944,img/img_00005859.jpg,full-body clothes,142,66,187,121,192,50
945,img/img_00005866.jpg,lower-body clothes,122,131,292,161,297,175
946,img/img_00005872.jpg,upper-body clothes,456,213,213,0,456,0
947,img/img_00005877.jpg,upper-body clothes,243,149,149,0,243,0
948,img/img_00005884.jpg,upper-body clothes,92,95,125,30,185,93
949,img/img_00005892.jpg,upper-body clothes,307,55,197,142,449,142
950,img/img_00005894.jpg,upper-body clothes,163,156,250,94,293,130
951,img/img_00005901.jpg,upper-body clothes,298,54,228,174,430,132
952,img/img_00005905.jpg,upper-body clothes,297,95,206,111,411,114
953,img/img_00005910.jpg,upper-body clothes,206,254,254,0,206,0
954,img/img_00005915.jpg,upper-body clothes,226,184,314,130,381,155
955,img/img_00005917.jpg,upper-body clothes,131,96,224,128,253,122
956,img/img_00005918.jpg,upper-body clothes,134,82,141,59,204,70
957,img/img_00005925.jpg,full-body clothes,321,251,251,0,321,0
958,img/img_00005932.jpg,full-body clothes,286,188,188,0,286,0
959,img/img_00005936.jpg,full-body clothes,356,102,204,102,428,72
960,img/img_00005937.jpg,full-body clothes,228,48,162,114,277,49
961,img/img_00005944.jpg,full-body clothes,374,177,330,153,474,100
962,img/img_00005948.jpg,upper-body clothes,316,233,285,52,469,153
963,img/img_00005958.jpg,lower-body clothes,41,46,118,72,128,87
964,img/img_00005963.jpg,upper-body clothes,126,100,152,52,201,75
965,img/img_00005969.jpg,upper-body clothes,220,62,161,99,307,87
966,img/img_00005977.jpg,upper-body clothes,201,169,426,257,374,173
967,img/img_00005980.jpg,upper-body clothes,375,279,315,36,449,74
968,img/img_00005981.jpg,upper-body clothes,182,110,201,91,274,92
969,img/img_00005988.jpg,upper-body clothes,382,281,366,85,440,58
970,img/img_00005991.jpg,upper-body clothes,127,111,222,111,214,87
971,img/img_00006007.jpg,full-body clothes,142,77,153,76,186,44
972,img/img_00006012.jpg,full-body clothes,381,167,291,124,477,96
973,img/img_00006025.jpg,lower-body clothes,400,123,257,134,429,29
974,img/img_00006032.jpg,upper-body clothes,315,158,313,155,474,159
975,img/img_00006041.jpg,upper-body clothes,70,161,161,0,70,0
976,img/img_00006047.jpg,upper-body clothes,197,265,265,0,197,0
977,img/img_00006055.jpg,upper-body clothes,245,155,244,89,390,145
978,img/img_00006058.jpg,full-body clothes,211,99,250,151,298,87
979,img/img_00006059.jpg,full-body clothes,261,135,298,163,367,106
980,img/img_00006061.jpg,full-body clothes,238,113,252,139,319,81
981,img/img_00006089.jpg,upper-body clothes,127,102,141,39,206,79
982,img/img_00006102.jpg,upper-body clothes,161,158,199,41,312,151
983,img/img_00006106.jpg,upper-body clothes,92,104,275,171,263,171
984,img/img_00006112.jpg,full-body clothes,387,375,375,0,387,0
985,img/img_00006123.jpg,full-body clothes,382,239,239,0,382,0
986,img/img_00006130.jpg,upper-body clothes,357,110,181,71,481,124
987,img/img_00006132.jpg,upper-body clothes,233,266,266,0,233,0
988,img/img_00006135.jpg,upper-body clothes,128,59,129,70,202,74
989,img/img_00006136.jpg,upper-body clothes,136,91,171,80,252,116
990,img/img_00006141.jpg,lower-body clothes,72,102,236,134,266,194
991,img/img_00006144.jpg,lower-body clothes,237,188,355,167,267,30
992,img/img_00006146.jpg,lower-body clothes,72,116,246,130,331,259
993,img/img_00006161.jpg,upper-body clothes,272,175,266,91,421,149
994,img/img_00006168.jpg,upper-body clothes,137,77,135,58,213,76
995,img/img_00006173.jpg,lower-body clothes,213,121,226,105,230,17
996,img/img_00006174.jpg,lower-body clothes,121,185,340,155,417,296
997,img/img_00006175.jpg,lower-body clothes,69,104,249,145,272,203
998,img/img_00006178.jpg,lower-body clothes,101,110,226,116,290,189
999,img/img_00006179.jpg,lower-body clothes,184,162,289,127,462,278
1000,img/img_00006180.jpg,lower-body clothes,115,169,284,115,127,12
1001,img/img_00006186.jpg,lower-body clothes,53,75,140,65,66,13
1002,img/img_00006194.jpg,full-body clothes,336,157,157,0,336,0
1003,img/img_00006197.jpg,full-body clothes,169,96,206,110,309,140
1004,img/img_00006199.jpg,full-body clothes,348,47,97,50,470,122
1005,img/img_00006203.jpg,full-body clothes,251,137,194,57,359,108
1006,img/img_00006213.jpg,upper-body clothes,213,123,275,152,347,134
1007,img/img_00006219.jpg,upper-body clothes,192,231,231,0,192,0
1008,img/img_00006227.jpg,lower-body clothes,85,112,272,160,155,70
1009,img/img_00006230.jpg,lower-body clothes,51,98,414,316,266,215
1010,img/img_00006231.jpg,lower-body clothes,99,49,204,155,142,43
1011,img/img_00006235.jpg,lower-body clothes,50,80,151,71,211,161
1012,img/img_00006243.jpg,lower-body clothes,46,83,147,64,209,163
1013,img/img_00006244.jpg,lower-body clothes,158,175,250,75,489,331
1014,img/img_00006252.jpg,full-body clothes,124,101,212,111,172,48
1015,img/img_00006260.jpg,full-body clothes,311,147,273,126,332,21
1016,img/img_00006261.jpg,full-body clothes,208,101,227,126,403,195
1017,img/img_00006265.jpg,full-body clothes,116,70,89,19,162,46
1018,img/img_00006272.jpg,upper-body clothes,96,52,296,244,144,48
1019,img/img_00006275.jpg,upper-body clothes,124,82,201,119,257,133
1020,img/img_00006291.jpg,upper-body clothes,177,144,218,74,291,114
1021,img/img_00006298.jpg,full-body clothes,393,110,266,156,477,84
1022,img/img_00006306.jpg,full-body clothes,186,97,237,140,268,82
1023,img/img_00006321.jpg,full-body clothes,232,138,403,265,309,77
1024,img/img_00006322.jpg,full-body clothes,306,211,211,0,306,0
1025,img/img_00006328.jpg,full-body clothes,447,238,282,44,458,11
1026,img/img_00006331.jpg,full-body clothes,388,185,293,108,415,27
1027,img/img_00006333.jpg,full-body clothes,148,72,125,53,215,67
1028,img/img_00006336.jpg,full-body clothes,243,63,190,127,315,72
1029,img/img_00006347.jpg,full-body clothes,320,133,303,170,469,149
1030,img/img_00006348.jpg,full-body clothes,363,140,236,96,489,126
1031,img/img_00006357.jpg,full-body clothes,316,174,211,37,423,107
1032,img/img_00006360.jpg,full-body clothes,229,122,226,104,316,87
1033,img/img_00006363.jpg,full-body clothes,253,26,201,175,342,89
1034,img/img_00006369.jpg,upper-body clothes,131,74,113,39,223,92
1035,img/img_00006372.jpg,upper-body clothes,211,83,182,99,291,80
1036,img/img_00006374.jpg,upper-body clothes,44,68,182,114,255,211
1037,img/img_00006376.jpg,lower-body clothes,399,208,368,160,418,19
1038,img/img_00006379.jpg,lower-body clothes,82,83,160,77,168,86
1039,img/img_00006390.jpg,upper-body clothes,120,87,215,128,227,107
1040,img/img_00006395.jpg,upper-body clothes,204,108,201,93,279,75
1041,img/img_00006401.jpg,upper-body clothes,280,211,211,0,280,0
1042,img/img_00006408.jpg,upper-body clothes,208,312,312,0,208,0
1043,img/img_00006412.jpg,upper-body clothes,90,149,149,0,90,0
1044,img/img_00006415.jpg,upper-body clothes,302,155,223,68,460,158
1045,img/img_00006424.jpg,upper-body clothes,73,37,123,86,125,52
1046,img/img_00006427.jpg,upper-body clothes,158,81,193,112,252,94
1047,img/img_00006433.jpg,full-body clothes,219,112,228,116,304,85
1048,img/img_00006446.jpg,full-body clothes,338,149,250,101,466,128
1049,img/img_00006450.jpg,full-body clothes,210,116,180,64,288,78
1050,img/img_00006453.jpg,upper-body clothes,155,98,230,132,270,115
1051,img/img_00006460.jpg,full-body clothes,479,353,353,0,479,0
1052,img/img_00006482.jpg,lower-body clothes,81,136,226,90,382,301
1053,img/img_00006484.jpg,upper-body clothes,286,178,276,98,430,144
1054,img/img_00006490.jpg,upper-body clothes,1,1,1,0,1,0
1055,img/img_00006494.jpg,upper-body clothes,160,124,250,126,241,81
1056,img/img_00006508.jpg,full-body clothes,338,133,322,189,422,84
1057,img/img_00006510.jpg,full-body clothes,361,61,205,144,437,76
1058,img/img_00006511.jpg,full-body clothes,348,239,239,0,348,0
1059,img/img_00006521.jpg,upper-body clothes,153,133,218,85,266,113
1060,img/img_00006523.jpg,upper-body clothes,191,291,291,0,191,0
1061,img/img_00006524.jpg,upper-body clothes,208,259,259,0,208,0
1062,img/img_00006526.jpg,lower-body clothes,160,169,289,120,469,309
1063,img/img_00006536.jpg,lower-body clothes,139,65,207,142,427,288
1064,img/img_00006540.jpg,lower-body clothes,236,237,237,0,236,0
1065,img/img_00006546.jpg,lower-body clothes,425,172,289,117,429,4
1066,img/img_00006549.jpg,lower-body clothes,222,88,256,168,423,201
1067,img/img_00006562.jpg,lower-body clothes,72,137,137,0,72,0
1068,img/img_00006565.jpg,lower-body clothes,195,101,279,178,426,231
1069,img/img_00006575.jpg,upper-body clothes,201,174,245,71,402,201
1070,img/img_00006579.jpg,upper-body clothes,180,207,244,37,335,155
1071,img/img_00006583.jpg,upper-body clothes,492,286,286,0,492,0
1072,img/img_00006595.jpg,upper-body clothes,127,113,205,92,221,94
1073,img/img_00006601.jpg,upper-body clothes,109,108,156,48,189,80
1074,img/img_00006602.jpg,upper-body clothes,95,78,193,115,186,91
1075,img/img_00006608.jpg,upper-body clothes,146,91,119,28,218,72
1076,img/img_00006610.jpg,upper-body clothes,267,160,188,28,403,136
1077,img/img_00006619.jpg,upper-body clothes,150,115,221,106,246,96
1078,img/img_00006627.jpg,full-body clothes,162,80,123,43,214,52
1079,img/img_00006632.jpg,lower-body clothes,223,151,203,52,227,4
1080,img/img_00006636.jpg,lower-body clothes,502,173,194,21,508,6
1081,img/img_00006641.jpg,lower-body clothes,430,15,198,183,439,9
1082,img/img_00006642.jpg,lower-body clothes,218,79,153,74,229,11
1083,img/img_00006645.jpg,lower-body clothes,291,134,235,101,372,81
1084,img/img_00006657.jpg,upper-body clothes,205,162,235,73,355,150
1085,img/img_00006659.jpg,upper-body clothes,86,93,265,172,191,105
1086,img/img_00006661.jpg,upper-body clothes,159,108,201,93,242,83
1087,img/img_00006665.jpg,full-body clothes,267,160,256,96,352,85
1088,img/img_00006679.jpg,upper-body clothes,172,109,202,93,219,47
1089,img/img_00006684.jpg,full-body clothes,170,90,166,76,245,75
1090,img/img_00006685.jpg,full-body clothes,356,143,234,91,502,146
1091,img/img_00006689.jpg,full-body clothes,318,62,311,249,446,128
1092,img/img_00006700.jpg,full-body clothes,246,161,288,127,405,159
1093,img/img_00006702.jpg,full-body clothes,226,134,255,121,310,84
1094,img/img_00006710.jpg,full-body clothes,260,134,251,117,355,95
1095,img/img_00006717.jpg,lower-body clothes,86,92,308,216,279,193
1096,img/img_00006719.jpg,lower-body clothes,106,21,157,136,300,194
1097,img/img_00006723.jpg,lower-body clothes,128,159,270,111,466,338
1098,img/img_00006737.jpg,upper-body clothes,159,101,141,40,235,76
1099,img/img_00006743.jpg,lower-body clothes,121,109,176,67,128,7
1100,img/img_00006745.jpg,lower-body clothes,223,302,348,46,338,115
1101,img/img_00006748.jpg,lower-body clothes,276,38,186,148,370,94
1102,img/img_00006753.jpg,lower-body clothes,92,140,223,83,340,248
1103,img/img_00006758.jpg,lower-body clothes,166,109,310,201,341,175
1104,img/img_00006763.jpg,lower-body clothes,336,378,381,3,342,6
1105,img/img_00006768.jpg,upper-body clothes,234,93,203,110,330,96
1106,img/img_00006770.jpg,upper-body clothes,234,149,230,81,349,115
1107,img/img_00006774.jpg,upper-body clothes,233,85,230,145,347,114
1108,img/img_00006775.jpg,upper-body clothes,200,183,303,120,347,147
1109,img/img_00006776.jpg,upper-body clothes,251,110,154,44,382,131
1110,img/img_00006782.jpg,upper-body clothes,297,380,380,0,297,0
1111,img/img_00006788.jpg,upper-body clothes,253,179,292,113,395,142
1112,img/img_00006801.jpg,upper-body clothes,115,66,195,129,221,106
1113,img/img_00006802.jpg,upper-body clothes,331,60,82,22,477,146
1114,img/img_00006809.jpg,upper-body clothes,289,197,325,128,403,114
1115,img/img_00006810.jpg,upper-body clothes,313,240,283,43,453,140
1116,img/img_00006815.jpg,upper-body clothes,356,81,192,111,475,119
1117,img/img_00006819.jpg,upper-body clothes,215,106,177,71,226,11
1118,img/img_00006821.jpg,upper-body clothes,401,420,420,0,401,0
1119,img/img_00006822.jpg,upper-body clothes,303,92,205,113,429,126
1120,img/img_00006825.jpg,upper-body clothes,220,72,160,88,288,68
1121,img/img_00006836.jpg,full-body clothes,405,58,210,152,473,68
1122,img/img_00006837.jpg,full-body clothes,154,180,180,0,154,0
1123,img/img_00006842.jpg,full-body clothes,344,64,208,144,418,74
1124,img/img_00006858.jpg,full-body clothes,272,183,183,0,272,0
1125,img/img_00006880.jpg,full-body clothes,232,221,221,0,232,0
1126,img/img_00006887.jpg,lower-body clothes,122,158,411,253,432,310
1127,img/img_00006906.jpg,lower-body clothes,439,38,192,154,450,11
1128,img/img_00006907.jpg,lower-body clothes,287,87,210,123,448,161
1129,img/img_00006911.jpg,lower-body clothes,206,44,169,125,233,27
1130,img/img_00006916.jpg,upper-body clothes,242,179,239,60,385,143
1131,img/img_00006919.jpg,upper-body clothes,258,230,368,138,405,147
1132,img/img_00006920.jpg,upper-body clothes,202,277,277,0,202,0
1133,img/img_00006922.jpg,upper-body clothes,148,387,387,0,148,0
1134,img/img_00006933.jpg,full-body clothes,219,72,133,61,287,68
1135,img/img_00006955.jpg,lower-body clothes,204,150,225,75,386,182
1136,img/img_00006969.jpg,full-body clothes,192,86,273,187,276,84
1137,img/img_00006970.jpg,full-body clothes,360,201,313,112,468,108
1138,img/img_00006973.jpg,full-body clothes,212,129,455,326,277,65
1139,img/img_00006978.jpg,upper-body clothes,405,194,194,0,405,0
1140,img/img_00006995.jpg,full-body clothes,418,175,298,123,489,71
1141,img/img_00006996.jpg,full-body clothes,125,201,201,0,125,0
1142,img/img_00006999.jpg,full-body clothes,210,87,194,107,315,105
1143,img/img_00007000.jpg,upper-body clothes,89,250,250,0,89,0
1144,img/img_00007012.jpg,upper-body clothes,365,211,300,89,502,137
1145,img/img_00007015.jpg,upper-body clothes,341,137,275,138,480,139
1146,img/img_00007017.jpg,upper-body clothes,157,72,156,84,184,27
1147,img/img_00007021.jpg,upper-body clothes,94,77,154,77,159,65
1148,img/img_00007027.jpg,upper-body clothes,157,92,134,42,243,86
1149,img/img_00007028.jpg,upper-body clothes,281,181,291,110,405,124
1150,img/img_00007031.jpg,upper-body clothes,209,92,175,83,256,47
1151,img/img_00007033.jpg,upper-body clothes,189,50,182,132,287,98
1152,img/img_00007039.jpg,upper-body clothes,316,216,216,0,316,0
1153,img/img_00007045.jpg,upper-body clothes,206,108,167,59,271,65
1154,img/img_00007046.jpg,upper-body clothes,312,171,266,95,467,155
1155,img/img_00007056.jpg,full-body clothes,201,120,152,32,285,84
1156,img/img_00007060.jpg,upper-body clothes,324,379,379,0,324,0
1157,img/img_00007071.jpg,full-body clothes,305,160,294,134,440,135
1158,img/img_00007082.jpg,full-body clothes,159,77,145,68,220,61
1159,img/img_00007090.jpg,lower-body clothes,161,36,200,164,357,196
1160,img/img_00007096.jpg,lower-body clothes,139,100,170,70,350,211
1161,img/img_00007099.jpg,lower-body clothes,123,50,176,126,225,102
1162,img/img_00007108.jpg,lower-body clothes,127,82,416,334,346,219
1163,img/img_00007121.jpg,lower-body clothes,120,362,362,0,120,0
1164,img/img_00007129.jpg,lower-body clothes,138,28,205,177,363,225
1165,img/img_00007132.jpg,lower-body clothes,424,339,339,0,424,0
1166,img/img_00007134.jpg,lower-body clothes,394,72,239,167,438,44
1167,img/img_00007142.jpg,full-body clothes,215,86,268,182,300,85
1168,img/img_00007143.jpg,full-body clothes,320,386,386,0,320,0
1169,img/img_00007163.jpg,full-body clothes,364,224,224,0,364,0
1170,img/img_00007175.jpg,full-body clothes,367,65,206,141,475,108
1171,img/img_00007184.jpg,full-body clothes,391,137,202,65,488,97
1172,img/img_00007187.jpg,full-body clothes,311,221,252,31,379,68
1173,img/img_00007201.jpg,upper-body clothes,105,80,120,40,182,77
1174,img/img_00007216.jpg,full-body clothes,354,87,205,118,442,88
1175,img/img_00007217.jpg,full-body clothes,380,93,287,194,459,79
1176,img/img_00007222.jpg,full-body clothes,295,85,194,109,299,4
1177,img/img_00007224.jpg,full-body clothes,331,377,377,0,331,0
1178,img/img_00007228.jpg,full-body clothes,413,117,312,195,499,86
1179,img/img_00007240.jpg,upper-body clothes,307,133,245,112,394,87
1180,img/img_00007249.jpg,upper-body clothes,189,153,216,63,274,85
1181,img/img_00007257.jpg,upper-body clothes,106,23,75,52,146,40
1182,img/img_00007261.jpg,upper-body clothes,184,154,300,146,341,157
1183,img/img_00007263.jpg,upper-body clothes,110,85,237,152,179,69
1184,img/img_00007265.jpg,full-body clothes,193,127,207,80,284,91
1185,img/img_00007267.jpg,full-body clothes,215,147,205,58,296,81
1186,img/img_00007273.jpg,full-body clothes,190,114,207,93,265,75
1187,img/img_00007279.jpg,full-body clothes,208,98,143,45,275,67
1188,img/img_00007280.jpg,full-body clothes,151,90,151,61,217,66
1189,img/img_00007283.jpg,full-body clothes,246,102,215,113,428,182
1190,img/img_00007284.jpg,full-body clothes,318,108,238,130,432,114
1191,img/img_00007286.jpg,full-body clothes,298,150,232,82,426,128
1192,img/img_00007297.jpg,lower-body clothes,85,105,206,101,260,175
1193,img/img_00007303.jpg,lower-body clothes,106,99,272,173,355,249
1194,img/img_00007310.jpg,lower-body clothes,131,68,189,121,298,167
1195,img/img_00007311.jpg,lower-body clothes,146,70,248,178,305,159
1196,img/img_00007318.jpg,full-body clothes,127,79,111,32,176,49
1197,img/img_00007319.jpg,full-body clothes,257,121,170,49,335,78
1198,img/img_00007324.jpg,full-body clothes,282,224,302,78,367,85
1199,img/img_00007328.jpg,full-body clothes,173,93,194,101,246,73
1200,img/img_00007329.jpg,full-body clothes,357,170,261,91,469,112
1201,img/img_00007330.jpg,full-body clothes,271,35,188,153,381,110
1202,img/img_00007350.jpg,lower-body clothes,323,287,287,0,323,0
1203,img/img_00007354.jpg,lower-body clothes,188,94,182,88,205,17
1204,img/img_00007356.jpg,lower-body clothes,159,124,154,30,172,13
1205,img/img_00007359.jpg,lower-body clothes,380,164,335,171,437,57
1206,img/img_00007368.jpg,full-body clothes,203,112,267,155,285,82
1207,img/img_00007373.jpg,full-body clothes,329,154,256,102,449,120
1208,img/img_00007382.jpg,upper-body clothes,307,126,278,152,471,164
1209,img/img_00007387.jpg,upper-body clothes,329,163,248,85,472,143
1210,img/img_00007389.jpg,upper-body clothes,243,139,139,0,243,0
1211,img/img_00007401.jpg,full-body clothes,200,79,204,125,263,63
1212,img/img_00007413.jpg,full-body clothes,140,148,148,0,140,0
1213,img/img_00007426.jpg,full-body clothes,261,99,194,95,325,64
1214,img/img_00007429.jpg,full-body clothes,214,113,258,145,293,79
1215,img/img_00007441.jpg,upper-body clothes,257,63,98,35,404,147
1216,img/img_00007451.jpg,lower-body clothes,232,82,238,156,443,211
1217,img/img_00007455.jpg,lower-body clothes,116,41,104,63,223,107
1218,img/img_00007461.jpg,lower-body clothes,278,95,226,131,487,209
1219,img/img_00007462.jpg,lower-body clothes,269,95,256,161,459,190
1220,img/img_00007466.jpg,lower-body clothes,157,95,95,0,157,0
1221,img/img_00007469.jpg,lower-body clothes,236,85,203,118,436,200
1222,img/img_00007477.jpg,upper-body clothes,370,315,315,0,370,0
1223,img/img_00007479.jpg,upper-body clothes,109,143,143,0,109,0
1224,img/img_00007501.jpg,lower-body clothes,202,92,235,143,443,241
1225,img/img_00007505.jpg,upper-body clothes,144,89,145,56,211,67
1226,img/img_00007509.jpg,full-body clothes,284,76,218,142,456,172
1227,img/img_00007511.jpg,full-body clothes,219,100,208,108,290,71
1228,img/img_00007517.jpg,full-body clothes,186,126,126,0,186,0
1229,img/img_00007542.jpg,lower-body clothes,96,111,234,123,249,153
1230,img/img_00007553.jpg,full-body clothes,305,63,221,158,394,89
1231,img/img_00007571.jpg,full-body clothes,240,64,182,118,292,52
1232,img/img_00007575.jpg,upper-body clothes,215,204,204,0,215,0
1233,img/img_00007577.jpg,upper-body clothes,250,196,196,0,250,0
1234,img/img_00007578.jpg,upper-body clothes,269,180,316,136,452,183
1235,img/img_00007586.jpg,upper-body clothes,159,96,144,48,223,64
1236,img/img_00007588.jpg,upper-body clothes,97,61,136,75,167,70
1237,img/img_00007604.jpg,full-body clothes,242,61,174,113,289,47
1238,img/img_00007610.jpg,full-body clothes,243,90,167,77,289,46
1239,img/img_00007612.jpg,full-body clothes,260,80,167,87,318,58
1240,img/img_00007627.jpg,full-body clothes,502,368,368,0,502,0
1241,img/img_00007628.jpg,full-body clothes,374,242,368,126,413,39
1242,img/img_00007633.jpg,full-body clothes,198,113,188,75,304,106
1243,img/img_00007637.jpg,upper-body clothes,199,55,135,80,296,97
1244,img/img_00007638.jpg,upper-body clothes,159,150,286,136,305,146
1245,img/img_00007641.jpg,full-body clothes,324,88,190,102,443,119
1246,img/img_00007643.jpg,full-body clothes,147,87,101,14,203,56
1247,img/img_00007655.jpg,upper-body clothes,132,86,217,131,219,87
1248,img/img_00007661.jpg,upper-body clothes,182,127,184,57,288,106
1249,img/img_00007668.jpg,full-body clothes,269,75,204,129,298,29
1250,img/img_00007674.jpg,full-body clothes,147,71,152,81,198,51
1251,img/img_00007679.jpg,full-body clothes,220,62,171,109,268,48
1252,img/img_00007685.jpg,upper-body clothes,192,25,159,134,280,88
1253,img/img_00007686.jpg,upper-body clothes,134,51,130,79,200,66
1254,img/img_00007694.jpg,upper-body clothes,495,182,182,0,495,0
1255,img/img_00007695.jpg,upper-body clothes,168,316,316,0,168,0
1256,img/img_00007700.jpg,upper-body clothes,202,184,234,50,217,15
1257,img/img_00007704.jpg,upper-body clothes,124,102,200,98,221,97
1258,img/img_00007718.jpg,lower-body clothes,246,68,461,393,356,110
1259,img/img_00007727.jpg,lower-body clothes,379,124,279,155,410,31
1260,img/img_00007740.jpg,upper-body clothes,142,73,230,157,233,91
1261,img/img_00007749.jpg,lower-body clothes,465,111,336,225,469,4
1262,img/img_00007752.jpg,lower-body clothes,282,194,280,86,313,31
1263,img/img_00007756.jpg,lower-body clothes,194,84,172,88,407,213
1264,img/img_00007761.jpg,upper-body clothes,63,46,90,44,111,48
1265,img/img_00007770.jpg,lower-body clothes,219,105,218,113,433,214
1266,img/img_00007773.jpg,lower-body clothes,94,111,231,120,271,177
1267,img/img_00007777.jpg,lower-body clothes,101,174,277,103,413,312
1268,img/img_00007779.jpg,lower-body clothes,113,163,278,115,416,303
1269,img/img_00007780.jpg,lower-body clothes,45,79,101,22,253,208
1270,img/img_00007781.jpg,full-body clothes,361,144,262,118,491,130
1271,img/img_00007782.jpg,full-body clothes,217,88,248,160,295,78
1272,img/img_00007789.jpg,full-body clothes,371,194,334,140,447,76
1273,img/img_00007791.jpg,full-body clothes,424,152,233,81,489,65
1274,img/img_00007794.jpg,full-body clothes,210,92,240,148,287,77
1275,img/img_00007795.jpg,full-body clothes,252,36,252,216,310,58
1276,img/img_00007798.jpg,upper-body clothes,135,79,140,61,256,121
1277,img/img_00007808.jpg,upper-body clothes,301,43,169,126,415,114
1278,img/img_00007815.jpg,upper-body clothes,300,211,375,164,454,154
1279,img/img_00007817.jpg,upper-body clothes,67,48,213,165,127,60
1280,img/img_00007822.jpg,upper-body clothes,102,190,190,0,102,0
1281,img/img_00007823.jpg,upper-body clothes,287,185,298,113,438,151
1282,img/img_00007833.jpg,upper-body clothes,429,269,269,0,429,0
1283,img/img_00007841.jpg,full-body clothes,245,69,178,109,330,85
1284,img/img_00007845.jpg,full-body clothes,136,55,188,133,180,44
1285,img/img_00007862.jpg,lower-body clothes,213,80,186,106,416,203
1286,img/img_00007864.jpg,lower-body clothes,427,143,239,96,430,3
1287,img/img_00007865.jpg,lower-body clothes,223,90,284,194,451,228
1288,img/img_00007870.jpg,lower-body clothes,413,49,150,101,421,8
1289,img/img_00007871.jpg,lower-body clothes,408,126,275,149,430,22
1290,img/img_00007873.jpg,lower-body clothes,418,10,120,110,452,34
1291,img/img_00007878.jpg,lower-body clothes,287,110,302,192,414,127
1292,img/img_00007893.jpg,lower-body clothes,115,162,258,96,130,15
1293,img/img_00007901.jpg,upper-body clothes,283,126,215,89,334,51
1294,img/img_00007903.jpg,upper-body clothes,294,62,233,171,302,8
1295,img/img_00007905.jpg,upper-body clothes,178,222,222,0,178,0
1296,img/img_00007907.jpg,upper-body clothes,12,109,109,0,12,0
1297,img/img_00007912.jpg,upper-body clothes,210,187,345,158,365,155
1298,img/img_00007914.jpg,full-body clothes,255,115,244,129,338,83
1299,img/img_00007926.jpg,full-body clothes,307,119,119,0,307,0
1300,img/img_00007931.jpg,full-body clothes,332,303,303,0,332,0
1301,img/img_00007932.jpg,full-body clothes,337,181,249,68,445,108
1302,img/img_00007934.jpg,lower-body clothes,96,143,277,134,281,185
1303,img/img_00007941.jpg,full-body clothes,170,243,243,0,170,0
1304,img/img_00007946.jpg,full-body clothes,354,309,347,38,479,125
1305,img/img_00007949.jpg,full-body clothes,238,100,240,140,346,108
1306,img/img_00007959.jpg,upper-body clothes,149,113,212,99,162,13
1307,img/img_00007962.jpg,upper-body clothes,204,111,312,201,322,118
1308,img/img_00007964.jpg,upper-body clothes,138,62,118,56,196,58
1309,img/img_00007967.jpg,upper-body clothes,124,52,163,111,190,66
1310,img/img_00007970.jpg,upper-body clothes,164,69,127,58,235,71
1311,img/img_00007976.jpg,upper-body clothes,17,111,111,0,17,0
1312,img/img_00007981.jpg,upper-body clothes,158,63,152,89,221,63
1313,img/img_00007985.jpg,upper-body clothes,73,242,242,0,73,0
1314,img/img_00007986.jpg,upper-body clothes,299,122,307,185,444,145
1315,img/img_00007989.jpg,upper-body clothes,236,82,299,217,255,19
1316,img/img_00007990.jpg,upper-body clothes,112,360,360,0,112,0
1317,img/img_00007994.jpg,upper-body clothes,60,213,213,0,60,0
1318,img/img_00007999.jpg,upper-body clothes,154,72,187,115,211,57
1319,img/img_00008000.jpg,upper-body clothes,309,155,292,137,362,53
1320,img/img_00008008.jpg,full-body clothes,217,201,201,0,217,0
1321,img/img_00008020.jpg,full-body clothes,238,92,169,77,321,83
1322,img/img_00008021.jpg,lower-body clothes,418,89,290,201,452,34
1323,img/img_00008023.jpg,lower-body clothes,463,23,183,160,486,23
1324,img/img_00008027.jpg,lower-body clothes,74,113,113,0,74,0
1325,img/img_00008036.jpg,lower-body clothes,408,55,257,202,425,17
1326,img/img_00008037.jpg,lower-body clothes,221,209,209,0,221,0
1327,img/img_00008045.jpg,upper-body clothes,152,75,189,114,229,77
1328,img/img_00008052.jpg,upper-body clothes,164,84,152,68,249,85
1329,img/img_00008055.jpg,upper-body clothes,278,127,275,148,394,116
1330,img/img_00008056.jpg,upper-body clothes,221,102,194,92,352,131
1331,img/img_00008060.jpg,upper-body clothes,163,82,193,111,286,123
1332,img/img_00008068.jpg,upper-body clothes,143,74,156,82,220,77
1333,img/img_00008070.jpg,upper-body clothes,285,63,166,103,382,97
1334,img/img_00008071.jpg,upper-body clothes,214,99,193,94,324,110
1335,img/img_00008073.jpg,upper-body clothes,311,68,159,91,416,105
1336,img/img_00008075.jpg,upper-body clothes,279,113,249,136,384,105
1337,img/img_00008089.jpg,upper-body clothes,110,63,179,116,186,76
1338,img/img_00008100.jpg,upper-body clothes,282,95,256,161,295,13
1339,img/img_00008101.jpg,upper-body clothes,220,142,217,75,322,102
1340,img/img_00008111.jpg,upper-body clothes,278,217,301,84,359,81
1341,img/img_00008114.jpg,upper-body clothes,159,94,217,123,223,64
1342,img/img_00008147.jpg,upper-body clothes,157,71,192,121,232,75
1343,img/img_00008149.jpg,upper-body clothes,200,58,163,105,276,76
1344,img/img_00008152.jpg,upper-body clothes,243,111,232,121,368,125
1345,img/img_00008157.jpg,upper-body clothes,309,138,231,93,451,142
1346,img/img_00008160.jpg,upper-body clothes,126,74,131,57,190,64
1347,img/img_00008174.jpg,full-body clothes,172,103,203,100,245,73
1348,img/img_00008176.jpg,full-body clothes,167,110,233,123,257,90
1349,img/img_00008183.jpg,full-body clothes,311,150,250,100,438,127
1350,img/img_00008184.jpg,full-body clothes,197,112,299,187,238,41
1351,img/img_00008187.jpg,lower-body clothes,149,174,257,83,468,319
1352,img/img_00008199.jpg,lower-body clothes,364,240,240,0,364,0
1353,img/img_00008201.jpg,lower-body clothes,91,87,187,100,306,215
1354,img/img_00008212.jpg,lower-body clothes,109,172,223,51,436,327
1355,img/img_00008215.jpg,lower-body clothes,71,81,124,43,234,163
1356,img/img_00008217.jpg,lower-body clothes,341,219,219,0,341,0
1357,img/img_00008220.jpg,lower-body clothes,97,102,199,97,275,178
1358,img/img_00008224.jpg,lower-body clothes,134,69,157,88,288,154
1359,img/img_00008226.jpg,lower-body clothes,177,62,129,67,309,132
1360,img/img_00008236.jpg,lower-body clothes,111,41,111,70,213,102
1361,img/img_00008244.jpg,full-body clothes,418,311,344,33,438,20
1362,img/img_00008248.jpg,full-body clothes,215,125,179,54,241,26
1363,img/img_00008261.jpg,full-body clothes,282,185,275,90,396,114
1364,img/img_00008266.jpg,upper-body clothes,233,340,340,0,233,0
1365,img/img_00008271.jpg,upper-body clothes,111,94,183,89,183,72
1366,img/img_00008273.jpg,upper-body clothes,134,93,438,345,280,146
1367,img/img_00008282.jpg,lower-body clothes,198,96,225,129,422,224
1368,img/img_00008287.jpg,lower-body clothes,69,129,220,91,329,260
1369,img/img_00008300.jpg,full-body clothes,231,98,249,151,351,120
1370,img/img_00008312.jpg,full-body clothes,196,53,153,100,264,68
1371,img/img_00008316.jpg,full-body clothes,170,252,252,0,170,0
1372,img/img_00008318.jpg,full-body clothes,141,156,156,0,141,0
1373,img/img_00008335.jpg,lower-body clothes,288,77,178,101,308,20
1374,img/img_00008336.jpg,lower-body clothes,408,143,276,133,437,29
1375,img/img_00008339.jpg,lower-body clothes,261,89,159,70,278,17
1376,img/img_00008340.jpg,lower-body clothes,245,96,251,155,441,196
1377,img/img_00008341.jpg,lower-body clothes,230,89,254,165,449,219
1378,img/img_00008343.jpg,lower-body clothes,400,110,247,137,430,30
1379,img/img_00008346.jpg,lower-body clothes,231,49,148,99,327,96
1380,img/img_00008355.jpg,lower-body clothes,50,57,114,57,54,4
1381,img/img_00008356.jpg,lower-body clothes,78,88,163,75,268,190
1382,img/img_00008359.jpg,lower-body clothes,178,107,190,83,383,205
1383,img/img_00008366.jpg,lower-body clothes,296,131,219,88,366,70
1384,img/img_00008371.jpg,upper-body clothes,139,57,155,98,208,69
1385,img/img_00008377.jpg,upper-body clothes,245,154,294,140,366,121
1386,img/img_00008381.jpg,upper-body clothes,130,150,150,0,130,0
1387,img/img_00008389.jpg,upper-body clothes,139,58,156,98,208,69
1388,img/img_00008390.jpg,upper-body clothes,240,405,405,0,240,0
1389,img/img_00008394.jpg,upper-body clothes,128,230,230,0,128,0
1390,img/img_00008397.jpg,upper-body clothes,449,336,422,86,476,27
1391,img/img_00008403.jpg,full-body clothes,360,53,182,129,442,82
1392,img/img_00008416.jpg,full-body clothes,315,161,195,34,390,75
1393,img/img_00008450.jpg,full-body clothes,177,198,198,0,177,0
1394,img/img_00008454.jpg,full-body clothes,268,86,162,76,331,63
1395,img/img_00008460.jpg,full-body clothes,297,205,254,49,412,115
1396,img/img_00008474.jpg,full-body clothes,355,49,200,151,437,82
1397,img/img_00008478.jpg,full-body clothes,364,49,180,131,497,133
1398,img/img_00008495.jpg,full-body clothes,111,69,173,104,160,49
1399,img/img_00008497.jpg,full-body clothes,380,63,143,80,477,97
1400,img/img_00008498.jpg,full-body clothes,313,54,151,97,437,124
1401,img/img_00008506.jpg,full-body clothes,171,124,219,95,232,61
1402,img/img_00008508.jpg,full-body clothes,265,83,232,149,343,78
1403,img/img_00008521.jpg,full-body clothes,202,92,180,88,270,68
1404,img/img_00008535.jpg,full-body clothes,378,100,226,126,476,98
1405,img/img_00008540.jpg,full-body clothes,320,150,254,104,461,141
1406,img/img_00008541.jpg,full-body clothes,196,40,128,88,240,44
1407,img/img_00008542.jpg,full-body clothes,398,61,209,148,479,81
1408,img/img_00008546.jpg,full-body clothes,361,111,296,185,446,85
1409,img/img_00008561.jpg,upper-body clothes,209,161,261,100,359,150
1410,img/img_00008566.jpg,upper-body clothes,314,209,265,56,319,5
1411,img/img_00008567.jpg,full-body clothes,270,32,187,155,320,50
1412,img/img_00008569.jpg,full-body clothes,332,99,138,39,416,84
1413,img/img_00008578.jpg,full-body clothes,293,352,352,0,293,0
1414,img/img_00008579.jpg,full-body clothes,292,89,196,107,379,87
1415,img/img_00008587.jpg,full-body clothes,347,155,331,176,482,135
1416,img/img_00008592.jpg,lower-body clothes,74,11,180,169,270,196
1417,img/img_00008597.jpg,lower-body clothes,209,155,227,72,339,130
1418,img/img_00008615.jpg,upper-body clothes,288,240,363,123,365,77
1419,img/img_00008618.jpg,upper-body clothes,388,253,390,137,451,63
1420,img/img_00008627.jpg,full-body clothes,260,79,187,108,351,91
1421,img/img_00008633.jpg,full-body clothes,152,126,170,44,207,55
1422,img/img_00008640.jpg,full-body clothes,179,96,196,100,298,119
1423,img/img_00008659.jpg,upper-body clothes,136,58,101,43,204,68
1424,img/img_00008668.jpg,full-body clothes,375,124,186,62,444,69
1425,img/img_00008671.jpg,full-body clothes,385,117,241,124,494,109
1426,img/img_00008672.jpg,full-body clothes,255,42,417,375,335,80
1427,img/img_00008682.jpg,full-body clothes,378,124,226,102,478,100
1428,img/img_00008683.jpg,full-body clothes,413,99,171,72,498,85
1429,img/img_00008715.jpg,upper-body clothes,186,270,270,0,186,0
1430,img/img_00008722.jpg,upper-body clothes,424,294,379,85,442,18
1431,img/img_00008747.jpg,upper-body clothes,298,157,241,84,422,124
1432,img/img_00008753.jpg,upper-body clothes,342,92,210,118,388,46
1433,img/img_00008761.jpg,upper-body clothes,93,76,252,176,200,107
1434,img/img_00008774.jpg,upper-body clothes,480,221,221,0,480,0
1435,img/img_00008782.jpg,upper-body clothes,289,269,368,99,438,149
1436,img/img_00008793.jpg,upper-body clothes,431,227,406,179,498,67
1437,img/img_00008796.jpg,upper-body clothes,266,33,164,131,417,151
1438,img/img_00008799.jpg,upper-body clothes,430,369,369,0,430,0
1439,img/img_00008814.jpg,upper-body clothes,200,64,295,231,297,97
1440,img/img_00008815.jpg,upper-body clothes,422,392,392,0,422,0
1441,img/img_00008819.jpg,upper-body clothes,144,113,150,37,255,111
1442,img/img_00008820.jpg,upper-body clothes,221,207,276,69,376,155
1443,img/img_00008824.jpg,upper-body clothes,386,439,439,0,386,0
1444,img/img_00008826.jpg,upper-body clothes,282,92,228,136,431,149
1445,img/img_00008831.jpg,upper-body clothes,296,60,185,125,412,116
1446,img/img_00008832.jpg,upper-body clothes,175,173,225,52,308,133
1447,img/img_00008847.jpg,full-body clothes,131,204,204,0,131,0
1448,img/img_00008848.jpg,full-body clothes,309,219,219,0,309,0
1449,img/img_00008850.jpg,full-body clothes,268,215,215,0,268,0
1450,img/img_00008862.jpg,lower-body clothes,120,110,188,78,362,242
1451,img/img_00008868.jpg,upper-body clothes,187,96,219,123,329,142
1452,img/img_00008874.jpg,upper-body clothes,139,137,226,89,238,99
1453,img/img_00008880.jpg,upper-body clothes,268,19,160,141,417,149
1454,img/img_00008886.jpg,upper-body clothes,227,155,274,119,354,127
1455,img/img_00008904.jpg,upper-body clothes,119,61,101,40,130,11
1456,img/img_00008909.jpg,upper-body clothes,302,203,359,156,423,121
1457,img/img_00008927.jpg,upper-body clothes,354,214,214,0,354,0
1458,img/img_00008940.jpg,full-body clothes,339,65,195,130,421,82
1459,img/img_00008962.jpg,full-body clothes,256,365,365,0,256,0
1460,img/img_00008978.jpg,full-body clothes,232,270,270,0,232,0
1461,img/img_00008980.jpg,upper-body clothes,146,122,150,28,229,83
1462,img/img_00008983.jpg,upper-body clothes,213,195,285,90,342,129
1463,img/img_00008987.jpg,upper-body clothes,262,197,372,175,277,15
1464,img/img_00008992.jpg,upper-body clothes,111,483,483,0,111,0
1465,img/img_00009005.jpg,upper-body clothes,183,115,251,136,314,131
1466,img/img_00009006.jpg,upper-body clothes,174,151,200,49,183,9
1467,img/img_00009017.jpg,upper-body clothes,163,144,175,31,236,73
1468,img/img_00009040.jpg,upper-body clothes,147,90,160,70,203,56
1469,img/img_00009044.jpg,upper-body clothes,304,368,368,0,304,0
1470,img/img_00009049.jpg,upper-body clothes,162,113,199,86,264,102
1471,img/img_00009050.jpg,upper-body clothes,225,150,276,126,352,127
1472,img/img_00009065.jpg,upper-body clothes,138,62,124,62,212,74
1473,img/img_00009068.jpg,upper-body clothes,190,115,156,41,226,36
1474,img/img_00009069.jpg,upper-body clothes,201,110,226,116,290,89
1475,img/img_00009071.jpg,upper-body clothes,166,91,194,103,242,76
1476,img/img_00009072.jpg,upper-body clothes,174,61,216,155,262,88
1477,img/img_00009086.jpg,upper-body clothes,298,213,213,0,298,0
1478,img/img_00009101.jpg,upper-body clothes,166,99,196,97,248,82
1479,img/img_00009103.jpg,upper-body clothes,433,139,277,138,467,34
1480,img/img_00009105.jpg,upper-body clothes,303,89,164,75,432,129
1481,img/img_00009113.jpg,upper-body clothes,292,42,193,151,379,87
1482,img/img_00009115.jpg,upper-body clothes,369,109,264,155,448,79
1483,img/img_00009117.jpg,upper-body clothes,101,76,267,191,241,140
1484,img/img_00009120.jpg,upper-body clothes,142,81,161,80,207,65
1485,img/img_00009122.jpg,upper-body clothes,354,138,354,216,484,130
1486,img/img_00009126.jpg,upper-body clothes,166,78,125,47,228,62
1487,img/img_00009142.jpg,upper-body clothes,214,95,244,149,312,98
1488,img/img_00009150.jpg,upper-body clothes,308,103,176,73,461,153
1489,img/img_00009153.jpg,lower-body clothes,108,114,168,54,299,191
1490,img/img_00009171.jpg,upper-body clothes,251,237,276,39,397,146
1491,img/img_00009184.jpg,upper-body clothes,169,127,229,102,292,123
1492,img/img_00009193.jpg,upper-body clothes,241,163,237,74,370,129
1493,img/img_00009202.jpg,upper-body clothes,431,438,469,31,460,29
1494,img/img_00009220.jpg,upper-body clothes,91,157,157,0,91,0
1495,img/img_00009231.jpg,upper-body clothes,338,218,291,73,353,15
1496,img/img_00009234.jpg,upper-body clothes,210,177,287,110,359,149
1497,img/img_00009244.jpg,full-body clothes,274,280,280,0,274,0
1498,img/img_00009247.jpg,full-body clothes,81,100,100,0,81,0
1499,img/img_00009250.jpg,full-body clothes,222,117,226,109,281,59
1500,img/img_00009252.jpg,full-body clothes,227,104,246,142,300,73
1501,img/img_00009257.jpg,lower-body clothes,116,159,244,85,409,293
1502,img/img_00009258.jpg,lower-body clothes,197,295,295,0,197,0
1503,img/img_00009265.jpg,full-body clothes,342,98,248,150,460,118
1504,img/img_00009266.jpg,full-body clothes,267,215,215,0,267,0
1505,img/img_00009269.jpg,full-body clothes,361,65,171,106,454,93
1506,img/img_00009273.jpg,full-body clothes,121,200,200,0,121,0
1507,img/img_00009279.jpg,full-body clothes,318,107,209,102,403,85
1508,img/img_00009286.jpg,upper-body clothes,71,42,174,132,116,45
1509,img/img_00009296.jpg,upper-body clothes,177,81,204,123,253,76
1510,img/img_00009300.jpg,upper-body clothes,55,269,269,0,55,0
1511,img/img_00009308.jpg,lower-body clothes,124,177,261,84,425,301
1512,img/img_00009309.jpg,lower-body clothes,82,93,232,139,268,186
1513,img/img_00009349.jpg,lower-body clothes,190,114,225,111,384,194
1514,img/img_00009354.jpg,lower-body clothes,83,87,237,150,287,204
1515,img/img_00009357.jpg,lower-body clothes,389,200,200,0,389,0
1516,img/img_00009361.jpg,lower-body clothes,321,350,450,100,419,98
1517,img/img_00009364.jpg,full-body clothes,322,197,254,57,447,125
1518,img/img_00009368.jpg,full-body clothes,341,113,299,186,455,114
1519,img/img_00009369.jpg,full-body clothes,134,72,164,92,182,48
1520,img/img_00009398.jpg,lower-body clothes,135,84,232,148,418,283
1521,img/img_00009414.jpg,upper-body clothes,250,141,256,115,305,55
1522,img/img_00009416.jpg,upper-body clothes,162,41,178,137,230,68
1523,img/img_00009420.jpg,upper-body clothes,157,86,217,131,284,127
1524,img/img_00009422.jpg,upper-body clothes,210,172,233,61,319,109
1525,img/img_00009425.jpg,upper-body clothes,191,101,200,99,302,111
1526,img/img_00009434.jpg,upper-body clothes,291,46,182,136,399,108
1527,img/img_00009441.jpg,upper-body clothes,174,62,203,141,249,75
1528,img/img_00009442.jpg,upper-body clothes,206,115,252,137,285,79
1529,img/img_00009443.jpg,upper-body clothes,232,160,237,77,340,108
1530,img/img_00009446.jpg,upper-body clothes,153,97,144,47,218,65
1531,img/img_00009454.jpg,upper-body clothes,343,122,246,124,478,135
1532,img/img_00009455.jpg,full-body clothes,399,115,260,145,483,84
1533,img/img_00009460.jpg,full-body clothes,323,115,208,93,419,96
1534,img/img_00009472.jpg,upper-body clothes,202,111,186,75,286,84
1535,img/img_00009473.jpg,upper-body clothes,278,114,284,170,420,142
1536,img/img_00009480.jpg,upper-body clothes,267,109,261,152,306,39
1537,img/img_00009487.jpg,full-body clothes,351,74,204,130,440,89
1538,img/img_00009489.jpg,full-body clothes,388,163,268,105,460,72
1539,img/img_00009491.jpg,full-body clothes,292,63,182,119,296,4
1540,img/img_00009492.jpg,full-body clothes,317,147,263,116,437,120
1541,img/img_00009495.jpg,full-body clothes,203,76,191,115,252,49
1542,img/img_00009499.jpg,full-body clothes,311,78,208,130,455,144
1543,img/img_00009505.jpg,full-body clothes,189,126,204,78,280,91
1544,img/img_00009531.jpg,full-body clothes,301,225,225,0,301,0
1545,img/img_00009535.jpg,full-body clothes,333,121,293,172,443,110
1546,img/img_00009536.jpg,full-body clothes,482,389,389,0,482,0
1547,img/img_00009538.jpg,full-body clothes,228,161,205,44,349,121
1548,img/img_00009539.jpg,full-body clothes,338,182,252,70,491,153
1549,img/img_00009547.jpg,full-body clothes,319,222,279,57,465,146
1550,img/img_00009549.jpg,full-body clothes,180,99,203,104,254,74
1551,img/img_00009560.jpg,full-body clothes,398,181,270,89,458,60
1552,img/img_00009562.jpg,full-body clothes,240,135,222,87,324,84
1553,img/img_00009564.jpg,full-body clothes,273,195,281,86,426,153
1554,img/img_00009577.jpg,upper-body clothes,90,76,202,126,157,67
1555,img/img_00009579.jpg,upper-body clothes,233,162,162,0,233,0
1556,img/img_00009581.jpg,upper-body clothes,68,43,182,139,88,20
1557,img/img_00009587.jpg,upper-body clothes,20,34,34,0,20,0
1558,img/img_00009588.jpg,upper-body clothes,441,373,432,59,482,41
1559,img/img_00009590.jpg,upper-body clothes,56,184,184,0,56,0
1560,img/img_00009593.jpg,upper-body clothes,45,204,204,0,45,0
1561,img/img_00009595.jpg,upper-body clothes,432,399,399,0,432,0
1562,img/img_00009601.jpg,full-body clothes,339,207,253,46,454,115
1563,img/img_00009617.jpg,lower-body clothes,220,167,167,0,220,0
1564,img/img_00009620.jpg,lower-body clothes,116,160,279,119,423,307
1565,img/img_00009621.jpg,lower-body clothes,161,92,194,102,437,276
1566,img/img_00009622.jpg,lower-body clothes,206,151,290,139,235,29
1567,img/img_00009623.jpg,lower-body clothes,66,95,130,35,277,211
1568,img/img_00009633.jpg,full-body clothes,230,79,190,111,346,116
1569,img/img_00009654.jpg,full-body clothes,195,108,240,132,274,79
1570,img/img_00009660.jpg,lower-body clothes,134,167,219,52,349,215
1571,img/img_00009661.jpg,lower-body clothes,145,122,319,197,169,24
1572,img/img_00009671.jpg,lower-body clothes,126,154,220,66,416,290
1573,img/img_00009687.jpg,lower-body clothes,217,289,291,2,247,30
1574,img/img_00009690.jpg,lower-body clothes,298,290,304,14,441,143
1575,img/img_00009693.jpg,lower-body clothes,191,193,197,4,211,20
1576,img/img_00009697.jpg,full-body clothes,215,46,270,224,276,61
1577,img/img_00009722.jpg,lower-body clothes,143,157,193,36,323,180
1578,img/img_00009723.jpg,lower-body clothes,181,131,303,172,186,5
1579,img/img_00009750.jpg,lower-body clothes,136,165,264,99,428,292
1580,img/img_00009751.jpg,lower-body clothes,138,170,265,95,464,326
1581,img/img_00009754.jpg,lower-body clothes,115,182,272,90,123,8
1582,img/img_00009760.jpg,lower-body clothes,74,87,131,44,226,152
1583,img/img_00009763.jpg,lower-body clothes,113,39,210,171,314,201
1584,img/img_00009776.jpg,lower-body clothes,451,224,314,90,467,16
1585,img/img_00009778.jpg,lower-body clothes,205,125,230,105,416,211
1586,img/img_00009798.jpg,upper-body clothes,44,284,284,0,44,0
1587,img/img_00009803.jpg,upper-body clothes,183,149,204,55,316,133
1588,img/img_00009809.jpg,upper-body clothes,127,75,148,73,206,79
1589,img/img_00009811.jpg,upper-body clothes,231,170,237,67,378,147
1590,img/img_00009813.jpg,upper-body clothes,177,126,237,111,331,154
1591,img/img_00009814.jpg,upper-body clothes,279,234,296,62,416,137
1592,img/img_00009815.jpg,upper-body clothes,482,244,244,0,482,0
1593,img/img_00009816.jpg,upper-body clothes,214,145,145,0,214,0
1594,img/img_00009821.jpg,upper-body clothes,114,108,197,89,202,88
1595,img/img_00009826.jpg,full-body clothes,193,126,234,108,359,166
1596,img/img_00009831.jpg,full-body clothes,244,119,263,144,311,67
1597,img/img_00009839.jpg,upper-body clothes,168,89,158,69,240,72
1598,img/img_00009848.jpg,upper-body clothes,125,76,189,113,223,98
1599,img/img_00009849.jpg,upper-body clothes,302,202,266,64,447,145
1600,img/img_00009852.jpg,upper-body clothes,389,99,192,93,471,82
1601,img/img_00009853.jpg,upper-body clothes,194,102,196,94,300,106
1602,img/img_00009859.jpg,full-body clothes,380,271,271,0,380,0
1603,img/img_00009866.jpg,full-body clothes,324,52,160,108,432,108
1604,img/img_00009873.jpg,upper-body clothes,260,155,248,93,413,153
1605,img/img_00009881.jpg,full-body clothes,233,43,128,85,324,91
1606,img/img_00009882.jpg,full-body clothes,169,95,150,55,226,57
1607,img/img_00009883.jpg,full-body clothes,231,124,227,103,393,162
1608,img/img_00009889.jpg,full-body clothes,187,83,163,80,260,73
1609,img/img_00009894.jpg,full-body clothes,284,144,251,107,417,133
1610,img/img_00009897.jpg,full-body clothes,138,101,139,38,224,86
1611,img/img_00009903.jpg,full-body clothes,290,246,321,75,421,131
1612,img/img_00009914.jpg,full-body clothes,92,34,93,59,127,35
1613,img/img_00009918.jpg,full-body clothes,219,133,318,185,306,87
1614,img/img_00009919.jpg,full-body clothes,185,71,112,41,239,54
1615,img/img_00009920.jpg,upper-body clothes,446,264,264,0,446,0
1616,img/img_00009929.jpg,upper-body clothes,340,191,257,66,373,33
1617,img/img_00009930.jpg,upper-body clothes,259,107,225,118,354,95
1618,img/img_00009954.jpg,lower-body clothes,479,370,370,0,479,0
1619,img/img_00009956.jpg,upper-body clothes,262,162,263,101,418,156
1620,img/img_00009958.jpg,upper-body clothes,314,170,234,64,422,108
1621,img/img_00009960.jpg,upper-body clothes,361,221,331,110,492,131
1622,img/img_00009975.jpg,upper-body clothes,343,157,317,160,469,126
1623,img/img_00009980.jpg,upper-body clothes,156,126,251,125,252,96
1624,img/img_00009984.jpg,upper-body clothes,212,163,235,72,343,131
1625,img/img_00009990.jpg,lower-body clothes,228,127,287,160,239,11
1626,img/img_00009996.jpg,lower-body clothes,118,71,158,87,234,116
1627,img/img_00010000.jpg,lower-body clothes,342,190,280,90,375,33
1628,img/img_00010001.jpg,lower-body clothes,156,91,364,273,346,190
1629,img/img_00010003.jpg,lower-body clothes,174,81,229,148,362,188
1630,img/img_00010004.jpg,lower-body clothes,336,505,505,0,336,0
1631,img/img_00010012.jpg,lower-body clothes,283,37,218,181,349,66
1632,img/img_00010014.jpg,upper-body clothes,176,161,284,123,301,125
1633,img/img_00010015.jpg,upper-body clothes,492,254,254,0,492,0
1634,img/img_00010017.jpg,upper-body clothes,360,276,301,25,444,84
1635,img/img_00010022.jpg,lower-body clothes,107,128,174,46,343,236
1636,img/img_00010027.jpg,lower-body clothes,108,156,245,89,276,168
1637,img/img_00010034.jpg,upper-body clothes,215,173,258,85,366,151
1638,img/img_00010041.jpg,full-body clothes,260,88,266,178,338,78
1639,img/img_00010042.jpg,full-body clothes,230,121,234,113,319,89
1640,img/img_00010044.jpg,full-body clothes,222,90,285,195,310,88
1641,img/img_00010053.jpg,full-body clothes,196,40,182,142,299,103
1642,img/img_00010055.jpg,full-body clothes,344,211,320,109,446,102
1643,img/img_00010064.jpg,full-body clothes,366,216,293,77,496,130
1644,img/img_00010072.jpg,full-body clothes,308,209,266,57,386,78
1645,img/img_00010073.jpg,full-body clothes,316,288,288,0,316,0
1646,img/img_00010074.jpg,full-body clothes,238,207,229,22,303,65
1647,img/img_00010078.jpg,full-body clothes,204,112,229,117,288,84
1648,img/img_00010090.jpg,lower-body clothes,90,71,245,174,297,207
1649,img/img_00010095.jpg,full-body clothes,368,236,331,95,481,113
1650,img/img_00010099.jpg,full-body clothes,364,179,245,66,489,125
1651,img/img_00010101.jpg,full-body clothes,163,132,132,0,163,0
1652,img/img_00010105.jpg,full-body clothes,172,115,161,46,234,62
1653,img/img_00010107.jpg,full-body clothes,294,239,284,45,428,134
1654,img/img_00010111.jpg,upper-body clothes,209,81,312,231,368,159
1655,img/img_00010114.jpg,upper-body clothes,159,84,143,59,222,63
1656,img/img_00010115.jpg,upper-body clothes,284,151,332,181,444,160
1657,img/img_00010116.jpg,upper-body clothes,150,86,138,52,217,67
1658,img/img_00010117.jpg,upper-body clothes,173,64,129,65,235,62
1659,img/img_00010125.jpg,upper-body clothes,263,211,221,10,399,136
1660,img/img_00010133.jpg,lower-body clothes,222,107,254,147,450,228
1661,img/img_00010137.jpg,lower-body clothes,206,41,108,67,218,12
1662,img/img_00010143.jpg,lower-body clothes,366,178,224,46,371,5
1663,img/img_00010145.jpg,full-body clothes,280,182,230,48,399,119
1664,img/img_00010157.jpg,full-body clothes,359,213,260,47,467,108
1665,img/img_00010160.jpg,full-body clothes,372,146,240,94,489,117
1666,img/img_00010163.jpg,full-body clothes,207,100,204,104,292,85
1667,img/img_00010167.jpg,full-body clothes,356,121,241,120,476,120
1668,img/img_00010173.jpg,full-body clothes,416,287,287,0,416,0
1669,img/img_00010183.jpg,upper-body clothes,129,121,252,131,220,91
1670,img/img_00010184.jpg,upper-body clothes,186,162,256,94,323,137
1671,img/img_00010185.jpg,upper-body clothes,176,119,251,132,250,74
1672,img/img_00010193.jpg,upper-body clothes,201,82,82,0,201,0
1673,img/img_00010202.jpg,lower-body clothes,122,105,245,140,340,218
1674,img/img_00010209.jpg,lower-body clothes,118,142,247,105,374,256
1675,img/img_00010211.jpg,lower-body clothes,140,148,170,22,158,18
1676,img/img_00010219.jpg,lower-body clothes,80,138,237,99,371,291
1677,img/img_00010235.jpg,full-body clothes,157,79,191,112,279,122
1678,img/img_00010240.jpg,full-body clothes,222,109,224,115,305,83
1679,img/img_00010243.jpg,full-body clothes,361,138,239,101,476,115
1680,img/img_00010245.jpg,full-body clothes,339,221,264,43,456,117
1681,img/img_00010251.jpg,lower-body clothes,167,47,89,42,180,13
1682,img/img_00010280.jpg,upper-body clothes,63,201,201,0,63,0
1683,img/img_00010282.jpg,upper-body clothes,281,247,269,22,295,14
1684,img/img_00010292.jpg,upper-body clothes,234,119,208,89,357,123
1685,img/img_00010295.jpg,upper-body clothes,232,193,327,134,361,129
1686,img/img_00010298.jpg,upper-body clothes,303,175,298,123,343,40
1687,img/img_00010301.jpg,upper-body clothes,144,80,206,126,225,81
1688,img/img_00010302.jpg,upper-body clothes,120,61,128,67,183,63
1689,img/img_00010309.jpg,upper-body clothes,218,150,255,105,359,141
1690,img/img_00010316.jpg,upper-body clothes,137,408,408,0,137,0
1691,img/img_00010322.jpg,upper-body clothes,231,138,244,106,353,122
1692,img/img_00010328.jpg,upper-body clothes,160,90,129,39,222,62
1693,img/img_00010329.jpg,upper-body clothes,144,78,152,74,226,82
1694,img/img_00010345.jpg,upper-body clothes,129,74,140,66,197,68
1695,img/img_00010359.jpg,upper-body clothes,249,138,251,113,420,171
1696,img/img_00010360.jpg,upper-body clothes,234,159,346,187,243,9
1697,img/img_00010364.jpg,upper-body clothes,273,154,245,91,397,124
1698,img/img_00010370.jpg,upper-body clothes,499,320,320,0,499,0
1699,img/img_00010382.jpg,upper-body clothes,281,143,264,121,436,155
1700,img/img_00010388.jpg,upper-body clothes,417,253,253,0,417,0
1701,img/img_00010400.jpg,upper-body clothes,200,120,224,104,351,151
1702,img/img_00010404.jpg,upper-body clothes,353,159,322,163,470,117
1703,img/img_00010432.jpg,upper-body clothes,333,184,272,88,494,161
1704,img/img_00010441.jpg,lower-body clothes,185,36,214,178,391,206
1705,img/img_00010445.jpg,lower-body clothes,301,162,162,0,301,0
1706,img/img_00010448.jpg,lower-body clothes,96,39,113,74,181,85
1707,img/img_00010456.jpg,full-body clothes,232,112,194,82,326,94
1708,img/img_00010458.jpg,full-body clothes,236,112,197,85,317,81
1709,img/img_00010460.jpg,full-body clothes,473,156,352,196,476,3
1710,img/img_00010464.jpg,full-body clothes,218,84,163,79,298,80
1711,img/img_00010470.jpg,full-body clothes,265,65,158,93,324,59
1712,img/img_00010475.jpg,upper-body clothes,235,79,208,129,362,127
1713,img/img_00010483.jpg,full-body clothes,346,161,290,129,489,143
1714,img/img_00010491.jpg,full-body clothes,169,75,211,136,215,46
1715,img/img_00010492.jpg,full-body clothes,399,157,297,140,494,95
1716,img/img_00010496.jpg,full-body clothes,409,132,320,188,503,94
1717,img/img_00010497.jpg,full-body clothes,312,69,152,83,419,107
1718,img/img_00010501.jpg,full-body clothes,204,74,164,90,265,61
1719,img/img_00010504.jpg,upper-body clothes,192,217,271,54,243,51
1720,img/img_00010512.jpg,full-body clothes,360,200,277,77,454,94
1721,img/img_00010517.jpg,full-body clothes,137,162,233,71,202,65
1722,img/img_00010523.jpg,full-body clothes,259,204,204,0,259,0
1723,img/img_00010529.jpg,full-body clothes,231,201,238,37,398,167
1724,img/img_00010530.jpg,full-body clothes,177,166,175,9,211,34
1725,img/img_00010538.jpg,upper-body clothes,179,100,234,134,298,119
1726,img/img_00010546.jpg,full-body clothes,316,146,333,187,463,147
1727,img/img_00010547.jpg,full-body clothes,254,94,249,155,339,85
1728,img/img_00010574.jpg,full-body clothes,250,86,193,107,340,90
1729,img/img_00010577.jpg,full-body clothes,186,115,249,134,269,83
1730,img/img_00010578.jpg,full-body clothes,300,157,320,163,443,143
1731,img/img_00010589.jpg,full-body clothes,310,40,146,106,441,131
1732,img/img_00010590.jpg,full-body clothes,236,214,214,0,236,0
1733,img/img_00010591.jpg,full-body clothes,235,124,200,76,339,104
1734,img/img_00010595.jpg,full-body clothes,252,25,125,100,326,74
1735,img/img_00010597.jpg,full-body clothes,305,269,269,0,305,0
1736,img/img_00010598.jpg,full-body clothes,313,184,255,71,460,147
1737,img/img_00010599.jpg,full-body clothes,209,105,194,89,310,101
1738,img/img_00010603.jpg,lower-body clothes,293,94,223,129,506,213
1739,img/img_00010610.jpg,full-body clothes,378,119,277,158,466,88
1740,img/img_00010612.jpg,full-body clothes,393,98,128,30,495,102
1741,img/img_00010624.jpg,full-body clothes,407,95,212,117,492,85
1742,img/img_00010631.jpg,full-body clothes,384,100,199,99,479,95
1743,img/img_00010636.jpg,upper-body clothes,331,202,268,66,432,101
1744,img/img_00010638.jpg,upper-body clothes,210,85,278,193,356,146
1745,img/img_00010639.jpg,upper-body clothes,30,446,446,0,30,0
1746,img/img_00010657.jpg,full-body clothes,229,112,258,146,323,94
1747,img/img_00010665.jpg,full-body clothes,271,280,280,0,271,0
1748,img/img_00010674.jpg,full-body clothes,246,232,232,0,246,0
1749,img/img_00010680.jpg,full-body clothes,238,83,142,59,342,104
1750,img/img_00010696.jpg,upper-body clothes,239,111,281,170,358,119
1751,img/img_00010699.jpg,upper-body clothes,358,250,285,35,366,8
1752,img/img_00010701.jpg,upper-body clothes,200,131,297,166,307,107
1753,img/img_00010718.jpg,full-body clothes,79,86,86,0,79,0
1754,img/img_00010719.jpg,full-body clothes,128,77,113,36,187,59
1755,img/img_00010728.jpg,full-body clothes,134,34,211,177,175,41
1756,img/img_00010731.jpg,full-body clothes,221,103,234,131,325,104
1757,img/img_00010735.jpg,upper-body clothes,205,141,253,112,250,45
1758,img/img_00010742.jpg,upper-body clothes,111,301,301,0,111,0
1759,img/img_00010751.jpg,full-body clothes,107,114,114,0,107,0
1760,img/img_00010760.jpg,full-body clothes,348,145,152,7,377,29
1761,img/img_00010769.jpg,full-body clothes,310,159,273,114,428,118
1762,img/img_00010770.jpg,full-body clothes,85,31,104,73,114,29
1763,img/img_00010773.jpg,full-body clothes,329,348,348,0,329,0
1764,img/img_00010775.jpg,full-body clothes,377,120,318,198,463,86
1765,img/img_00010783.jpg,full-body clothes,260,56,195,139,342,82
1766,img/img_00010785.jpg,full-body clothes,338,164,261,97,372,34
1767,img/img_00010800.jpg,upper-body clothes,234,309,309,0,234,0
1768,img/img_00010811.jpg,upper-body clothes,197,75,199,124,288,91
1769,img/img_00010819.jpg,upper-body clothes,114,97,158,61,258,144
1770,img/img_00010821.jpg,full-body clothes,250,237,237,0,250,0
1771,img/img_00010828.jpg,full-body clothes,426,122,149,27,502,76
1772,img/img_00010830.jpg,full-body clothes,387,52,119,67,476,89
1773,img/img_00010838.jpg,full-body clothes,178,55,131,76,223,45
1774,img/img_00010839.jpg,full-body clothes,243,145,145,0,243,0
1775,img/img_00010842.jpg,full-body clothes,197,71,148,77,253,56
1776,img/img_00010843.jpg,full-body clothes,305,63,196,133,383,78
1777,img/img_00010856.jpg,upper-body clothes,178,106,207,101,230,52
1778,img/img_00010860.jpg,upper-body clothes,256,162,206,44,313,57
1779,img/img_00010879.jpg,full-body clothes,318,180,259,79,409,91
1780,img/img_00010881.jpg,upper-body clothes,118,60,124,64,192,74
1781,img/img_00010884.jpg,upper-body clothes,177,167,167,0,177,0
1782,img/img_00010893.jpg,upper-body clothes,131,91,182,91,243,112
1783,img/img_00010899.jpg,upper-body clothes,252,171,261,90,346,94
1784,img/img_00010900.jpg,upper-body clothes,223,143,228,85,297,74
1785,img/img_00010904.jpg,upper-body clothes,310,150,250,100,468,158
1786,img/img_00010909.jpg,upper-body clothes,166,72,208,136,243,77
1787,img/img_00010910.jpg,upper-body clothes,294,118,281,163,368,74
1788,img/img_00010912.jpg,upper-body clothes,221,148,251,103,329,108
1789,img/img_00010914.jpg,upper-body clothes,306,348,348,0,306,0
1790,img/img_00010917.jpg,upper-body clothes,149,53,199,146,234,85
1791,img/img_00010920.jpg,upper-body clothes,172,255,255,0,172,0
1792,img/img_00010924.jpg,upper-body clothes,200,162,162,0,200,0
1793,img/img_00010948.jpg,lower-body clothes,88,111,153,42,287,199
1794,img/img_00010951.jpg,full-body clothes,262,107,242,135,385,123
1795,img/img_00010952.jpg,full-body clothes,305,101,214,113,465,160
1796,img/img_00010954.jpg,full-body clothes,356,106,255,149,486,130
1797,img/img_00010967.jpg,full-body clothes,214,109,142,33,291,77
1798,img/img_00010969.jpg,upper-body clothes,167,166,237,71,352,185
1799,img/img_00010970.jpg,upper-body clothes,233,249,298,49,485,252
1800,img/img_00010982.jpg,full-body clothes,178,96,212,116,263,85
1801,img/img_00010990.jpg,lower-body clothes,90,137,235,98,385,295
1802,img/img_00010994.jpg,lower-body clothes,137,145,210,65,412,275
1803,img/img_00010995.jpg,lower-body clothes,125,157,243,86,442,317
1804,img/img_00011014.jpg,lower-body clothes,257,47,212,165,363,106
1805,img/img_00011015.jpg,lower-body clothes,285,326,403,77,318,33
1806,img/img_00011024.jpg,upper-body clothes,301,153,234,81,365,64
1807,img/img_00011033.jpg,upper-body clothes,427,219,219,0,427,0
1808,img/img_00011035.jpg,upper-body clothes,232,193,193,0,232,0
1809,img/img_00011049.jpg,upper-body clothes,237,176,176,0,237,0
1810,img/img_00011051.jpg,upper-body clothes,328,205,227,22,502,174
1811,img/img_00011068.jpg,upper-body clothes,290,260,260,0,290,0
1812,img/img_00011070.jpg,upper-body clothes,202,132,205,73,288,86
1813,img/img_00011075.jpg,upper-body clothes,100,64,189,125,184,84
1814,img/img_00011085.jpg,lower-body clothes,120,262,262,0,120,0
1815,img/img_00011087.jpg,lower-body clothes,310,119,119,0,310,0
1816,img/img_00011090.jpg,lower-body clothes,201,210,494,284,494,293
1817,img/img_00011091.jpg,upper-body clothes,274,61,164,103,398,124
1818,img/img_00011095.jpg,upper-body clothes,33,253,253,0,33,0
1819,img/img_00011096.jpg,upper-body clothes,375,159,263,104,438,63
1820,img/img_00011102.jpg,upper-body clothes,118,236,236,0,118,0
1821,img/img_00011103.jpg,upper-body clothes,291,126,234,108,451,160
1822,img/img_00011107.jpg,upper-body clothes,142,71,195,124,215,73
1823,img/img_00011109.jpg,upper-body clothes,117,80,187,107,200,83
1824,img/img_00011136.jpg,full-body clothes,315,260,260,0,315,0
1825,img/img_00011137.jpg,full-body clothes,181,86,145,59,240,59
1826,img/img_00011143.jpg,lower-body clothes,486,34,106,72,495,9
1827,img/img_00011155.jpg,full-body clothes,181,103,231,128,270,89
1828,img/img_00011158.jpg,full-body clothes,217,93,194,101,290,73
1829,img/img_00011159.jpg,full-body clothes,360,168,265,97,483,123
1830,img/img_00011174.jpg,full-body clothes,359,172,277,105,476,117
1831,img/img_00011176.jpg,full-body clothes,229,103,228,125,321,92
1832,img/img_00011189.jpg,full-body clothes,326,185,296,111,453,127
1833,img/img_00011197.jpg,upper-body clothes,267,96,217,121,409,142
1834,img/img_00011201.jpg,upper-body clothes,271,87,162,75,423,152
1835,img/img_00011218.jpg,full-body clothes,402,78,230,152,490,88
1836,img/img_00011219.jpg,full-body clothes,291,225,225,0,291,0
1837,img/img_00011230.jpg,full-body clothes,320,64,228,164,407,87
1838,img/img_00011238.jpg,lower-body clothes,129,98,164,66,136,7
1839,img/img_00011240.jpg,lower-body clothes,342,142,254,112,352,10
1840,img/img_00011243.jpg,lower-body clothes,159,188,193,5,467,308
1841,img/img_00011254.jpg,full-body clothes,351,359,396,37,416,65
1842,img/img_00011257.jpg,full-body clothes,218,190,256,66,341,123
1843,img/img_00011262.jpg,full-body clothes,246,333,333,0,246,0
1844,img/img_00011263.jpg,full-body clothes,431,221,261,40,452,21
1845,img/img_00011266.jpg,upper-body clothes,155,56,168,112,220,65
1846,img/img_00011274.jpg,full-body clothes,327,249,281,32,413,86
1847,img/img_00011277.jpg,full-body clothes,272,202,297,95,367,95
1848,img/img_00011300.jpg,upper-body clothes,370,227,314,87,486,116
1849,img/img_00011307.jpg,upper-body clothes,283,221,288,67,394,111
1850,img/img_00011308.jpg,upper-body clothes,502,246,246,0,502,0
1851,img/img_00011309.jpg,upper-body clothes,124,180,180,0,124,0
1852,img/img_00011312.jpg,upper-body clothes,183,144,290,146,278,95
1853,img/img_00011313.jpg,full-body clothes,189,66,130,64,233,44
1854,img/img_00011332.jpg,upper-body clothes,344,132,132,0,344,0
1855,img/img_00011337.jpg,upper-body clothes,51,155,155,0,51,0
1856,img/img_00011339.jpg,upper-body clothes,316,117,259,142,483,167
1857,img/img_00011341.jpg,upper-body clothes,68,229,229,0,68,0
1858,img/img_00011347.jpg,upper-body clothes,409,160,312,152,451,42
1859,img/img_00011352.jpg,full-body clothes,190,109,165,56,232,42
1860,img/img_00011371.jpg,full-body clothes,225,147,147,0,225,0
1861,img/img_00011373.jpg,full-body clothes,430,61,229,168,478,48
1862,img/img_00011375.jpg,full-body clothes,306,69,183,114,371,65
1863,img/img_00011377.jpg,full-body clothes,387,99,243,144,470,83
1864,img/img_00011379.jpg,full-body clothes,274,328,328,0,274,0
1865,img/img_00011389.jpg,lower-body clothes,494,32,186,154,506,12
1866,img/img_00011391.jpg,lower-body clothes,151,93,248,155,338,187
1867,img/img_00011392.jpg,lower-body clothes,235,179,260,81,253,18
1868,img/img_00011397.jpg,lower-body clothes,21,270,270,0,21,0
1869,img/img_00011400.jpg,lower-body clothes,224,118,210,92,443,219
1870,img/img_00011401.jpg,lower-body clothes,178,78,189,111,329,151
1871,img/img_00011407.jpg,full-body clothes,191,29,124,95,241,50
1872,img/img_00011414.jpg,upper-body clothes,118,51,384,333,369,251
1873,img/img_00011424.jpg,upper-body clothes,99,59,92,33,156,57
1874,img/img_00011431.jpg,upper-body clothes,69,251,251,0,69,0
1875,img/img_00011447.jpg,upper-body clothes,255,176,287,111,402,147
1876,img/img_00011456.jpg,upper-body clothes,319,180,261,81,469,150
1877,img/img_00011457.jpg,upper-body clothes,195,96,195,99,318,123
1878,img/img_00011470.jpg,upper-body clothes,179,102,211,109,264,85
1879,img/img_00011476.jpg,upper-body clothes,473,459,479,20,493,20
1880,img/img_00011478.jpg,upper-body clothes,92,203,203,0,92,0
1881,img/img_00011485.jpg,upper-body clothes,44,294,294,0,44,0
1882,img/img_00011491.jpg,upper-body clothes,35,207,207,0,35,0
1883,img/img_00011510.jpg,upper-body clothes,55,234,234,0,55,0
1884,img/img_00011523.jpg,upper-body clothes,87,210,210,0,87,0
1885,img/img_00011531.jpg,upper-body clothes,94,93,144,51,152,58
1886,img/img_00011539.jpg,upper-body clothes,490,271,271,0,490,0
1887,img/img_00011541.jpg,upper-body clothes,279,171,274,103,435,156
1888,img/img_00011544.jpg,upper-body clothes,187,183,183,0,187,0
1889,img/img_00011545.jpg,upper-body clothes,297,88,208,120,450,153
1890,img/img_00011546.jpg,upper-body clothes,488,397,397,0,488,0
1891,img/img_00011551.jpg,upper-body clothes,143,120,197,77,256,113
1892,img/img_00011555.jpg,full-body clothes,220,116,177,61,307,87
1893,img/img_00011558.jpg,full-body clothes,231,155,197,42,318,87
1894,img/img_00011560.jpg,full-body clothes,354,139,250,111,478,124
1895,img/img_00011562.jpg,full-body clothes,325,158,243,85,449,124
1896,img/img_00011570.jpg,full-body clothes,158,44,151,107,228,70
1897,img/img_00011574.jpg,full-body clothes,232,47,174,127,284,52
1898,img/img_00011593.jpg,upper-body clothes,256,166,254,88,401,145
1899,img/img_00011597.jpg,full-body clothes,207,110,123,13,292,85
1900,img/img_00011604.jpg,full-body clothes,357,144,230,86,472,115
1901,img/img_00011610.jpg,lower-body clothes,63,81,113,32,218,155
1902,img/img_00011611.jpg,lower-body clothes,157,167,246,79,448,291
1903,img/img_00011616.jpg,lower-body clothes,158,168,262,94,466,308
1904,img/img_00011630.jpg,full-body clothes,181,136,136,0,181,0
1905,img/img_00011631.jpg,full-body clothes,502,203,203,0,502,0
1906,img/img_00011647.jpg,lower-body clothes,70,122,163,41,313,243
1907,img/img_00011648.jpg,lower-body clothes,341,221,221,0,341,0
1908,img/img_00011649.jpg,lower-body clothes,376,121,226,105,395,19
1909,img/img_00011651.jpg,lower-body clothes,408,124,226,102,431,23
1910,img/img_00011661.jpg,lower-body clothes,86,58,192,134,316,230
1911,img/img_00011662.jpg,lower-body clothes,133,153,259,106,469,336
1912,img/img_00011667.jpg,lower-body clothes,208,232,293,61,265,57
1913,img/img_00011672.jpg,lower-body clothes,127,153,250,97,146,19
1914,img/img_00011681.jpg,lower-body clothes,118,34,118,84,215,97
1915,img/img_00011682.jpg,lower-body clothes,228,63,204,141,414,186
1916,img/img_00011689.jpg,lower-body clothes,233,126,238,112,424,191
1917,img/img_00011692.jpg,lower-body clothes,367,265,265,0,367,0
1918,img/img_00011697.jpg,lower-body clothes,91,70,185,115,248,157
1919,img/img_00011704.jpg,upper-body clothes,309,195,300,105,375,66
1920,img/img_00011714.jpg,upper-body clothes,232,260,260,0,232,0
1921,img/img_00011721.jpg,upper-body clothes,100,29,76,47,152,52
1922,img/img_00011723.jpg,upper-body clothes,230,199,199,0,230,0
1923,img/img_00011729.jpg,upper-body clothes,132,121,234,113,225,93
1924,img/img_00011734.jpg,upper-body clothes,235,276,276,0,235,0
1925,img/img_00011745.jpg,upper-body clothes,293,182,270,88,337,44
1926,img/img_00011747.jpg,upper-body clothes,121,70,128,58,188,67
1927,img/img_00011753.jpg,upper-body clothes,148,68,196,128,241,93
1928,img/img_00011763.jpg,upper-body clothes,138,75,141,66,199,61
1929,img/img_00011775.jpg,upper-body clothes,109,73,144,71,172,63
1930,img/img_00011776.jpg,upper-body clothes,318,116,234,118,439,121
1931,img/img_00011782.jpg,upper-body clothes,354,181,250,69,480,126
1932,img/img_00011792.jpg,upper-body clothes,281,226,361,135,438,157
1933,img/img_00011793.jpg,upper-body clothes,270,99,211,112,423,153
1934,img/img_00011798.jpg,upper-body clothes,205,474,474,0,205,0
1935,img/img_00011803.jpg,lower-body clothes,183,93,149,56,235,52
1936,img/img_00011805.jpg,lower-body clothes,123,46,106,60,141,18
1937,img/img_00011806.jpg,lower-body clothes,193,77,137,60,221,28
1938,img/img_00011817.jpg,lower-body clothes,204,82,183,101,242,38
1939,img/img_00011830.jpg,full-body clothes,342,155,208,53,434,92
1940,img/img_00011833.jpg,full-body clothes,320,120,201,81,435,115
1941,img/img_00011843.jpg,upper-body clothes,107,84,131,47,196,89
1942,img/img_00011852.jpg,upper-body clothes,266,39,114,75,399,133
1943,img/img_00011855.jpg,upper-body clothes,107,66,118,52,169,62
1944,img/img_00011860.jpg,upper-body clothes,203,120,172,52,299,96
1945,img/img_00011861.jpg,upper-body clothes,215,131,230,99,330,115
1946,img/img_00011862.jpg,upper-body clothes,296,194,404,210,384,88
1947,img/img_00011864.jpg,upper-body clothes,315,207,481,274,444,129
1948,img/img_00011867.jpg,upper-body clothes,79,51,106,55,120,41
1949,img/img_00011873.jpg,full-body clothes,305,82,214,132,391,86
1950,img/img_00011875.jpg,full-body clothes,218,79,297,218,319,101
1951,img/img_00011892.jpg,upper-body clothes,196,76,198,122,266,70
1952,img/img_00011894.jpg,upper-body clothes,236,129,160,31,244,8
1953,img/img_00011906.jpg,upper-body clothes,226,57,174,117,315,89
1954,img/img_00011910.jpg,lower-body clothes,171,174,268,94,461,290
1955,img/img_00011916.jpg,lower-body clothes,295,214,214,0,295,0
1956,img/img_00011919.jpg,lower-body clothes,357,248,248,0,357,0
1957,img/img_00011921.jpg,upper-body clothes,190,311,311,0,190,0
1958,img/img_00011928.jpg,upper-body clothes,191,242,242,0,191,0
1959,img/img_00011933.jpg,upper-body clothes,163,135,135,0,163,0
1960,img/img_00011939.jpg,lower-body clothes,306,208,208,0,306,0
1961,img/img_00011942.jpg,lower-body clothes,364,179,284,105,382,18
1962,img/img_00011943.jpg,lower-body clothes,17,141,141,0,17,0
1963,img/img_00011953.jpg,lower-body clothes,43,69,119,50,48,5
1964,img/img_00011956.jpg,lower-body clothes,144,129,220,91,462,318
1965,img/img_00011961.jpg,lower-body clothes,108,163,211,48,393,285
1966,img/img_00011964.jpg,lower-body clothes,67,101,160,59,196,129
1967,img/img_00011971.jpg,lower-body clothes,40,60,200,140,175,135
1968,img/img_00011978.jpg,lower-body clothes,212,215,271,56,231,19
1969,img/img_00011983.jpg,upper-body clothes,393,346,346,0,393,0
1970,img/img_00011985.jpg,upper-body clothes,457,494,494,0,457,0
1971,img/img_00011987.jpg,upper-body clothes,369,268,301,33,485,116
1972,img/img_00011989.jpg,upper-body clothes,460,340,340,0,460,0
1973,img/img_00011990.jpg,upper-body clothes,405,311,334,23,503,98
1974,img/img_00011996.jpg,lower-body clothes,111,68,254,186,312,201
1975,img/img_00012000.jpg,lower-body clothes,88,107,183,76,275,187
1976,img/img_00012005.jpg,lower-body clothes,62,190,431,241,344,282
1977,img/img_00012009.jpg,lower-body clothes,223,129,230,101,467,244
1978,img/img_00012015.jpg,upper-body clothes,137,475,475,0,137,0
1979,img/img_00012017.jpg,upper-body clothes,20,154,154,0,20,0
1980,img/img_00012029.jpg,lower-body clothes,168,142,231,89,202,34
1981,img/img_00012032.jpg,lower-body clothes,209,173,397,224,238,29
1982,img/img_00012034.jpg,lower-body clothes,261,70,136,66,479,218
1983,img/img_00012038.jpg,upper-body clothes,458,496,496,0,458,0
1984,img/img_00012040.jpg,upper-body clothes,407,234,234,0,407,0
1985,img/img_00012044.jpg,upper-body clothes,348,209,304,95,362,14
1986,img/img_00012047.jpg,upper-body clothes,390,339,339,0,390,0
1987,img/img_00012050.jpg,upper-body clothes,100,71,188,117,180,80
1988,img/img_00012057.jpg,full-body clothes,288,117,218,101,372,84
1989,img/img_00012066.jpg,lower-body clothes,203,160,281,121,341,138
1990,img/img_00012068.jpg,lower-body clothes,159,168,235,67,357,198
1991,img/img_00012069.jpg,lower-body clothes,188,226,237,11,211,23
1992,img/img_00012070.jpg,lower-body clothes,296,87,242,155,505,209
1993,img/img_00012076.jpg,lower-body clothes,172,76,201,125,350,178
1994,img/img_00012077.jpg,lower-body clothes,92,101,143,42,230,138
1995,img/img_00012079.jpg,lower-body clothes,162,155,211,56,422,260
1996,img/img_00012082.jpg,lower-body clothes,87,94,148,54,231,144
1997,img/img_00012093.jpg,full-body clothes,338,134,239,105,455,117
1998,img/img_00012099.jpg,full-body clothes,331,197,292,95,455,124
1999,img/img_00012102.jpg,full-body clothes,378,142,239,97,499,121
2000,img/img_00012122.jpg,upper-body clothes,138,96,158,62,204,66
2001,img/img_00012124.jpg,upper-body clothes,117,67,135,68,180,63
2002,img/img_00012125.jpg,upper-body clothes,197,150,232,82,375,178
2003,img/img_00012131.jpg,full-body clothes,222,108,225,117,311,89
2004,img/img_00012146.jpg,full-body clothes,341,137,251,114,460,119
2005,img/img_00012154.jpg,upper-body clothes,148,102,205,103,219,71
2006,img/img_00012155.jpg,upper-body clothes,149,118,161,43,214,65
2007,img/img_00012160.jpg,upper-body clothes,234,240,327,87,367,133
2008,img/img_00012161.jpg,upper-body clothes,156,131,202,71,287,131
2009,img/img_00012190.jpg,full-body clothes,450,123,451,328,477,27
2010,img/img_00012193.jpg,full-body clothes,271,121,177,56,286,15
2011,img/img_00012198.jpg,full-body clothes,432,133,243,110,464,32
2012,img/img_00012200.jpg,full-body clothes,126,221,221,0,126,0
2013,img/img_00012202.jpg,full-body clothes,369,76,191,115,444,75
2014,img/img_00012209.jpg,full-body clothes,375,85,203,118,492,117
2015,img/img_00012246.jpg,lower-body clothes,100,125,164,39,318,218
2016,img/img_00012252.jpg,lower-body clothes,108,175,255,80,452,344
2017,img/img_00012254.jpg,full-body clothes,306,246,246,0,306,0
2018,img/img_00012258.jpg,full-body clothes,242,117,340,223,372,130
2019,img/img_00012260.jpg,full-body clothes,300,124,209,85,424,124
2020,img/img_00012267.jpg,full-body clothes,273,303,303,0,273,0
2021,img/img_00012279.jpg,full-body clothes,462,109,478,369,482,20
2022,img/img_00012285.jpg,full-body clothes,365,70,222,152,439,74
2023,img/img_00012289.jpg,full-body clothes,399,154,427,273,502,103
2024,img/img_00012291.jpg,full-body clothes,397,141,256,115,475,78
2025,img/img_00012297.jpg,full-body clothes,375,178,259,81,482,107
2026,img/img_00012302.jpg,full-body clothes,293,156,232,76,397,104
2027,img/img_00012304.jpg,full-body clothes,221,251,251,0,221,0
2028,img/img_00012306.jpg,full-body clothes,239,90,197,107,329,90
2029,img/img_00012308.jpg,full-body clothes,352,84,163,79,467,115
2030,img/img_00012311.jpg,full-body clothes,226,83,158,75,315,89
2031,img/img_00012313.jpg,full-body clothes,345,185,238,53,492,147
2032,img/img_00012322.jpg,full-body clothes,495,290,358,68,501,6
2033,img/img_00012332.jpg,full-body clothes,170,44,114,70,242,72
2034,img/img_00012335.jpg,upper-body clothes,347,228,298,70,396,49
2035,img/img_00012338.jpg,upper-body clothes,164,112,173,61,273,109
2036,img/img_00012349.jpg,lower-body clothes,236,266,266,0,236,0
2037,img/img_00012357.jpg,lower-body clothes,272,116,217,101,449,177
2038,img/img_00012359.jpg,lower-body clothes,349,228,228,0,349,0
2039,img/img_00012372.jpg,lower-body clothes,415,158,288,130,427,12
2040,img/img_00012398.jpg,lower-body clothes,106,168,221,53,409,303
2041,img/img_00012400.jpg,full-body clothes,277,147,226,79,281,4
2042,img/img_00012404.jpg,full-body clothes,346,75,215,140,443,97
2043,img/img_00012407.jpg,full-body clothes,346,142,238,96,475,129
2044,img/img_00012411.jpg,full-body clothes,178,87,432,345,309,131
2045,img/img_00012421.jpg,full-body clothes,218,90,229,139,314,96
2046,img/img_00012425.jpg,full-body clothes,185,125,203,78,260,75
2047,img/img_00012429.jpg,full-body clothes,349,168,287,119,469,120
2048,img/img_00012436.jpg,full-body clothes,155,78,147,69,208,53
2049,img/img_00012437.jpg,full-body clothes,362,199,258,59,472,110
2050,img/img_00012442.jpg,full-body clothes,372,55,191,136,489,117
2051,img/img_00012445.jpg,full-body clothes,356,123,243,120,459,103
2052,img/img_00012446.jpg,full-body clothes,179,65,125,60,243,64
2053,img/img_00012461.jpg,full-body clothes,461,327,327,0,461,0
2054,img/img_00012478.jpg,lower-body clothes,122,118,316,198,178,56
2055,img/img_00012481.jpg,lower-body clothes,87,60,289,229,333,246
2056,img/img_00012482.jpg,lower-body clothes,368,460,488,28,395,27
2057,img/img_00012483.jpg,full-body clothes,384,70,234,164,465,81
2058,img/img_00012489.jpg,full-body clothes,104,72,72,0,104,0
2059,img/img_00012494.jpg,full-body clothes,174,230,230,0,174,0
2060,img/img_00012499.jpg,full-body clothes,422,125,334,209,484,62
2061,img/img_00012506.jpg,full-body clothes,370,184,279,95,444,74
2062,img/img_00012510.jpg,full-body clothes,236,248,248,0,236,0
2063,img/img_00012513.jpg,full-body clothes,256,307,307,0,256,0
2064,img/img_00012515.jpg,full-body clothes,311,229,229,0,311,0
2065,img/img_00012518.jpg,full-body clothes,288,79,208,129,344,56
2066,img/img_00012519.jpg,full-body clothes,365,149,231,82,448,83
2067,img/img_00012531.jpg,full-body clothes,381,363,363,0,381,0
2068,img/img_00012543.jpg,full-body clothes,205,43,132,89,269,64
2069,img/img_00012546.jpg,full-body clothes,172,64,143,79,234,62
2070,img/img_00012548.jpg,full-body clothes,462,33,195,162,476,14
2071,img/img_00012551.jpg,full-body clothes,288,63,228,165,349,61
2072,img/img_00012555.jpg,full-body clothes,134,40,104,64,175,41
2073,img/img_00012570.jpg,full-body clothes,267,412,412,0,267,0
2074,img/img_00012576.jpg,lower-body clothes,227,84,229,145,456,229
2075,img/img_00012583.jpg,lower-body clothes,337,86,192,106,377,40
2076,img/img_00012584.jpg,lower-body clothes,189,88,211,123,405,216
2077,img/img_00012585.jpg,lower-body clothes,220,64,139,75,397,177
2078,img/img_00012589.jpg,full-body clothes,291,96,199,103,293,2
2079,img/img_00012601.jpg,full-body clothes,185,38,90,52,227,42
2080,img/img_00012612.jpg,full-body clothes,362,137,245,108,437,75
2081,img/img_00012622.jpg,full-body clothes,416,398,398,0,416,0
2082,img/img_00012634.jpg,lower-body clothes,244,25,77,52,250,6
2083,img/img_00012645.jpg,lower-body clothes,54,31,52,21,111,57
2084,img/img_00012646.jpg,lower-body clothes,231,93,237,144,461,230
2085,img/img_00012648.jpg,lower-body clothes,97,52,281,229,224,127
2086,img/img_00012651.jpg,lower-body clothes,272,126,287,161,278,6
2087,img/img_00012652.jpg,lower-body clothes,77,42,49,7,109,32
2088,img/img_00012653.jpg,lower-body clothes,267,97,165,68,275,8
2089,img/img_00012657.jpg,lower-body clothes,190,45,45,0,190,0
2090,img/img_00012660.jpg,lower-body clothes,400,153,238,85,410,10
2091,img/img_00012662.jpg,lower-body clothes,171,67,158,91,426,255
2092,img/img_00012670.jpg,lower-body clothes,1,1,1,0,1,0
2093,img/img_00012677.jpg,lower-body clothes,214,82,189,107,245,31
2094,img/img_00012679.jpg,lower-body clothes,105,26,63,37,136,31
2095,img/img_00012682.jpg,lower-body clothes,391,142,251,109,409,18
2096,img/img_00012699.jpg,upper-body clothes,148,124,124,0,148,0
2097,img/img_00012710.jpg,upper-body clothes,273,240,240,0,273,0
2098,img/img_00012713.jpg,upper-body clothes,104,68,68,0,104,0
2099,img/img_00012716.jpg,upper-body clothes,101,73,73,0,101,0
2100,img/img_00012724.jpg,upper-body clothes,248,239,239,0,248,0
2101,img/img_00012733.jpg,lower-body clothes,209,216,302,86,235,26
2102,img/img_00012739.jpg,full-body clothes,345,74,202,128,465,120
2103,img/img_00012745.jpg,full-body clothes,339,139,217,78,449,110
2104,img/img_00012755.jpg,full-body clothes,326,85,165,80,344,18
2105,img/img_00012765.jpg,upper-body clothes,109,339,339,0,109,0
2106,img/img_00012777.jpg,full-body clothes,291,98,231,133,410,119
2107,img/img_00012779.jpg,full-body clothes,324,167,283,116,467,143
2108,img/img_00012792.jpg,upper-body clothes,307,272,272,0,307,0
2109,img/img_00012808.jpg,upper-body clothes,319,229,229,0,319,0
2110,img/img_00012815.jpg,full-body clothes,314,126,276,150,339,25
2111,img/img_00012816.jpg,full-body clothes,309,392,392,0,309,0
2112,img/img_00012822.jpg,full-body clothes,241,90,290,200,263,22
2113,img/img_00012827.jpg,full-body clothes,112,147,147,0,112,0
2114,img/img_00012828.jpg,full-body clothes,345,117,199,82,425,80
2115,img/img_00012836.jpg,full-body clothes,260,80,196,116,309,49
2116,img/img_00012848.jpg,upper-body clothes,286,290,290,0,286,0
2117,img/img_00012849.jpg,upper-body clothes,68,179,179,0,68,0
2118,img/img_00012850.jpg,upper-body clothes,311,456,456,0,311,0
2119,img/img_00012857.jpg,upper-body clothes,39,157,157,0,39,0
2120,img/img_00012871.jpg,full-body clothes,190,66,122,56,278,88
2121,img/img_00012873.jpg,full-body clothes,309,166,266,100,436,127
2122,img/img_00012886.jpg,full-body clothes,185,103,203,100,277,92
2123,img/img_00012887.jpg,full-body clothes,271,121,187,66,454,183
2124,img/img_00012889.jpg,full-body clothes,300,179,270,91,451,151
2125,img/img_00012895.jpg,full-body clothes,257,241,241,0,257,0
2126,img/img_00012908.jpg,full-body clothes,213,75,200,125,282,69
2127,img/img_00012910.jpg,full-body clothes,311,118,218,100,424,113
2128,img/img_00012919.jpg,full-body clothes,374,76,222,146,483,109
2129,img/img_00012921.jpg,full-body clothes,338,169,262,93,473,135
2130,img/img_00012927.jpg,full-body clothes,134,83,107,24,172,38
2131,img/img_00012933.jpg,full-body clothes,96,141,141,0,96,0
2132,img/img_00012935.jpg,full-body clothes,202,92,210,118,323,121
2133,img/img_00012938.jpg,full-body clothes,210,134,206,72,272,62
2134,img/img_00012940.jpg,full-body clothes,250,80,213,133,333,83
2135,img/img_00012950.jpg,full-body clothes,378,144,226,82,475,97
2136,img/img_00012953.jpg,full-body clothes,292,137,245,108,433,141
2137,img/img_00012958.jpg,full-body clothes,356,87,236,149,461,105
2138,img/img_00012959.jpg,full-body clothes,236,119,228,109,322,86
2139,img/img_00012964.jpg,lower-body clothes,183,201,406,205,283,100
2140,img/img_00012978.jpg,lower-body clothes,436,164,241,77,445,9
2141,img/img_00012985.jpg,lower-body clothes,95,108,192,84,280,185
2142,img/img_00012989.jpg,full-body clothes,304,125,229,104,466,162
2143,img/img_00012993.jpg,full-body clothes,370,245,245,0,370,0
2144,img/img_00013006.jpg,full-body clothes,429,106,246,140,490,61
2145,img/img_00013007.jpg,full-body clothes,376,82,180,98,467,91
2146,img/img_00013016.jpg,full-body clothes,113,216,216,0,113,0
2147,img/img_00013019.jpg,full-body clothes,212,55,170,115,262,50
2148,img/img_00013029.jpg,full-body clothes,471,271,380,109,474,3
2149,img/img_00013043.jpg,full-body clothes,307,282,322,40,433,126
2150,img/img_00013046.jpg,full-body clothes,175,73,133,60,207,32
2151,img/img_00013058.jpg,lower-body clothes,420,48,182,134,453,33
2152,img/img_00013068.jpg,lower-body clothes,164,94,224,130,317,153
2153,img/img_00013074.jpg,upper-body clothes,115,73,152,79,200,85
2154,img/img_00013085.jpg,upper-body clothes,173,111,207,96,256,83
2155,img/img_00013093.jpg,upper-body clothes,141,87,172,85,227,86
2156,img/img_00013098.jpg,upper-body clothes,307,434,434,0,307,0
2157,img/img_00013099.jpg,upper-body clothes,230,311,311,0,230,0
2158,img/img_00013106.jpg,upper-body clothes,217,270,270,0,217,0
2159,img/img_00013108.jpg,full-body clothes,239,340,340,0,239,0
2160,img/img_00013112.jpg,full-body clothes,407,228,228,0,407,0
2161,img/img_00013113.jpg,full-body clothes,373,90,249,159,450,77
2162,img/img_00013119.jpg,full-body clothes,276,90,165,75,353,77
2163,img/img_00013124.jpg,full-body clothes,189,93,231,138,280,91
2164,img/img_00013140.jpg,upper-body clothes,272,170,267,97,430,158
2165,img/img_00013163.jpg,full-body clothes,321,186,264,78,433,112
2166,img/img_00013167.jpg,full-body clothes,316,160,259,99,358,42
2167,img/img_00013173.jpg,full-body clothes,239,59,142,83,254,15
2168,img/img_00013177.jpg,upper-body clothes,290,201,260,59,463,173
2169,img/img_00013178.jpg,upper-body clothes,291,126,140,14,437,146
2170,img/img_00013179.jpg,upper-body clothes,138,89,145,56,217,79
2171,img/img_00013183.jpg,upper-body clothes,430,88,248,160,488,58
2172,img/img_00013192.jpg,full-body clothes,199,285,285,0,199,0
2173,img/img_00013196.jpg,full-body clothes,348,125,262,137,455,107
2174,img/img_00013197.jpg,full-body clothes,341,135,274,139,477,136
2175,img/img_00013200.jpg,full-body clothes,205,222,222,0,205,0
2176,img/img_00013209.jpg,upper-body clothes,86,155,155,0,86,0
2177,img/img_00013212.jpg,upper-body clothes,228,322,322,0,228,0
2178,img/img_00013214.jpg,upper-body clothes,241,328,328,0,241,0
2179,img/img_00013216.jpg,upper-body clothes,130,96,258,162,251,121
2180,img/img_00013221.jpg,upper-body clothes,68,184,184,0,68,0
2181,img/img_00013222.jpg,upper-body clothes,46,198,198,0,46,0
2182,img/img_00013232.jpg,upper-body clothes,50,158,158,0,50,0
2183,img/img_00013247.jpg,lower-body clothes,149,174,254,80,157,8
2184,img/img_00013254.jpg,lower-body clothes,213,185,266,81,220,7
2185,img/img_00013265.jpg,upper-body clothes,147,87,130,43,244,97
2186,img/img_00013268.jpg,upper-body clothes,302,104,190,86,371,69
2187,img/img_00013271.jpg,upper-body clothes,55,58,150,92,103,48
2188,img/img_00013272.jpg,upper-body clothes,59,39,136,97,171,112
2189,img/img_00013285.jpg,full-body clothes,348,188,285,97,486,138
2190,img/img_00013287.jpg,full-body clothes,132,78,192,114,178,46
2191,img/img_00013295.jpg,upper-body clothes,157,128,213,85,247,90
2192,img/img_00013302.jpg,full-body clothes,411,100,233,133,495,84
2193,img/img_00013304.jpg,full-body clothes,281,113,172,59,345,64
2194,img/img_00013317.jpg,upper-body clothes,353,189,278,89,493,140
2195,img/img_00013323.jpg,upper-body clothes,225,305,305,0,225,0
2196,img/img_00013325.jpg,upper-body clothes,347,157,282,125,493,146
2197,img/img_00013335.jpg,upper-body clothes,248,202,273,71,388,140
2198,img/img_00013339.jpg,upper-body clothes,256,181,329,148,395,139
2199,img/img_00013343.jpg,upper-body clothes,338,40,257,217,480,142
2200,img/img_00013348.jpg,upper-body clothes,220,137,237,100,375,155
2201,img/img_00013366.jpg,upper-body clothes,239,150,257,107,367,128
2202,img/img_00013375.jpg,upper-body clothes,277,169,259,90,424,147
2203,img/img_00013398.jpg,full-body clothes,131,91,132,41,234,103
2204,img/img_00013417.jpg,upper-body clothes,269,146,242,96,408,139
2205,img/img_00013428.jpg,upper-body clothes,93,44,119,75,132,39
2206,img/img_00013430.jpg,lower-body clothes,210,87,294,207,421,211
2207,img/img_00013444.jpg,lower-body clothes,321,54,212,158,333,12
2208,img/img_00013445.jpg,lower-body clothes,329,91,212,121,351,22
2209,img/img_00013450.jpg,upper-body clothes,231,136,136,0,231,0
2210,img/img_00013452.jpg,upper-body clothes,444,257,304,47,477,33
2211,img/img_00013455.jpg,upper-body clothes,436,290,290,0,436,0
2212,img/img_00013461.jpg,upper-body clothes,81,194,194,0,81,0
2213,img/img_00013467.jpg,upper-body clothes,204,112,285,173,284,80
2214,img/img_00013472.jpg,upper-body clothes,136,160,160,0,136,0
2215,img/img_00013480.jpg,full-body clothes,488,160,396,236,496,8
2216,img/img_00013482.jpg,full-body clothes,336,136,189,53,456,120
2217,img/img_00013485.jpg,full-body clothes,356,135,224,89,491,135
2218,img/img_00013493.jpg,full-body clothes,370,128,249,121,463,93
2219,img/img_00013495.jpg,full-body clothes,251,108,176,68,350,99
2220,img/img_00013501.jpg,full-body clothes,369,150,333,183,491,122
2221,img/img_00013514.jpg,full-body clothes,271,102,196,94,345,74
2222,img/img_00013516.jpg,full-body clothes,234,59,186,127,337,103
2223,img/img_00013521.jpg,full-body clothes,275,145,248,103,450,175
2224,img/img_00013526.jpg,lower-body clothes,499,294,298,4,505,6
2225,img/img_00013528.jpg,lower-body clothes,407,58,201,143,422,15
2226,img/img_00013536.jpg,lower-body clothes,199,97,141,44,430,231
2227,img/img_00013537.jpg,lower-body clothes,218,94,159,65,223,5
2228,img/img_00013540.jpg,lower-body clothes,1,1,1,0,1,0
2229,img/img_00013541.jpg,lower-body clothes,498,234,234,0,498,0
2230,img/img_00013542.jpg,lower-body clothes,396,138,228,90,426,30
2231,img/img_00013544.jpg,full-body clothes,298,126,243,117,371,73
2232,img/img_00013547.jpg,full-body clothes,285,139,149,10,332,47
2233,img/img_00013550.jpg,full-body clothes,389,262,262,0,389,0
2234,img/img_00013551.jpg,full-body clothes,362,174,204,30,473,111
2235,img/img_00013552.jpg,full-body clothes,233,233,353,120,316,83
2236,img/img_00013554.jpg,full-body clothes,220,98,117,19,267,47
2237,img/img_00013555.jpg,full-body clothes,283,90,161,71,340,57
2238,img/img_00013558.jpg,full-body clothes,202,318,318,0,202,0
2239,img/img_00013560.jpg,full-body clothes,269,292,292,0,269,0
2240,img/img_00013561.jpg,full-body clothes,261,308,308,0,261,0
2241,img/img_00013564.jpg,full-body clothes,159,61,103,42,192,33
2242,img/img_00013567.jpg,full-body clothes,78,158,158,0,78,0
2243,img/img_00013570.jpg,full-body clothes,174,155,155,0,174,0
2244,img/img_00013573.jpg,lower-body clothes,224,169,256,87,230,6
2245,img/img_00013577.jpg,lower-body clothes,223,143,241,98,232,9
2246,img/img_00013578.jpg,lower-body clothes,178,155,241,86,194,16
2247,img/img_00013584.jpg,lower-body clothes,377,313,343,30,431,54
2248,img/img_00013586.jpg,lower-body clothes,172,135,237,102,223,51
2249,img/img_00013589.jpg,lower-body clothes,121,117,271,154,201,80
2250,img/img_00013596.jpg,lower-body clothes,235,177,222,45,245,10
2251,img/img_00013610.jpg,full-body clothes,144,73,134,61,203,59
2252,img/img_00013612.jpg,full-body clothes,206,59,243,184,278,72
2253,img/img_00013620.jpg,full-body clothes,195,98,269,171,279,84
2254,img/img_00013644.jpg,lower-body clothes,199,155,223,68,215,16
2255,img/img_00013646.jpg,lower-body clothes,118,117,214,97,182,64
2256,img/img_00013648.jpg,lower-body clothes,213,184,264,80,230,17
2257,img/img_00013659.jpg,lower-body clothes,191,193,283,90,213,22
2258,img/img_00013680.jpg,full-body clothes,166,226,226,0,166,0
2259,img/img_00013681.jpg,full-body clothes,358,101,211,110,439,81
2260,img/img_00013684.jpg,full-body clothes,416,85,220,135,488,72
2261,img/img_00013692.jpg,full-body clothes,315,247,247,0,315,0
2262,img/img_00013700.jpg,full-body clothes,220,124,172,48,298,78
2263,img/img_00013706.jpg,full-body clothes,347,228,279,51,486,139
2264,img/img_00013710.jpg,full-body clothes,204,134,200,66,284,80
2265,img/img_00013724.jpg,lower-body clothes,55,75,133,58,173,118
2266,img/img_00013730.jpg,lower-body clothes,143,157,303,146,471,328
2267,img/img_00013735.jpg,lower-body clothes,95,120,180,60,321,226
2268,img/img_00013738.jpg,full-body clothes,133,68,146,78,194,61
2269,img/img_00013740.jpg,full-body clothes,284,198,285,87,436,152
2270,img/img_00013748.jpg,full-body clothes,417,129,212,83,496,79
2271,img/img_00013756.jpg,lower-body clothes,21,358,358,0,21,0
2272,img/img_00013758.jpg,lower-body clothes,315,232,232,0,315,0
2273,img/img_00013759.jpg,lower-body clothes,395,46,182,136,438,43
2274,img/img_00013768.jpg,lower-body clothes,43,253,491,238,261,218
2275,img/img_00013770.jpg,lower-body clothes,232,76,160,84,242,10
2276,img/img_00013779.jpg,lower-body clothes,60,55,178,123,171,111
2277,img/img_00013782.jpg,lower-body clothes,205,106,228,122,462,257
2278,img/img_00013794.jpg,lower-body clothes,100,64,188,124,343,243
2279,img/img_00013800.jpg,upper-body clothes,190,107,143,36,286,96
2280,img/img_00013801.jpg,upper-body clothes,173,51,220,169,255,82
2281,img/img_00013805.jpg,upper-body clothes,225,136,259,123,334,109
2282,img/img_00013812.jpg,lower-body clothes,88,90,211,121,289,201
2283,img/img_00013815.jpg,lower-body clothes,110,156,414,258,451,341
2284,img/img_00013819.jpg,lower-body clothes,50,86,106,20,223,173
2285,img/img_00013829.jpg,lower-body clothes,216,197,299,102,283,67
2286,img/img_00013841.jpg,full-body clothes,316,273,273,0,316,0
2287,img/img_00013847.jpg,full-body clothes,301,92,223,131,439,138
2288,img/img_00013848.jpg,full-body clothes,338,107,224,117,455,117
2289,img/img_00013849.jpg,full-body clothes,290,241,241,0,290,0
2290,img/img_00013850.jpg,full-body clothes,353,61,208,147,477,124
2291,img/img_00013853.jpg,lower-body clothes,208,261,261,0,208,0
2292,img/img_00013855.jpg,lower-body clothes,376,137,258,121,421,45
2293,img/img_00013859.jpg,lower-body clothes,399,124,246,122,430,31
2294,img/img_00013870.jpg,lower-body clothes,221,85,214,129,448,227
2295,img/img_00013873.jpg,lower-body clothes,163,120,179,59,186,23
2296,img/img_00013875.jpg,lower-body clothes,120,76,160,84,239,119
2297,img/img_00013876.jpg,lower-body clothes,347,125,234,109,449,102
2298,img/img_00013878.jpg,upper-body clothes,179,99,254,155,297,118
2299,img/img_00013885.jpg,upper-body clothes,232,198,198,0,232,0
2300,img/img_00013888.jpg,upper-body clothes,404,157,316,159,433,29
2301,img/img_00013892.jpg,lower-body clothes,118,82,246,164,300,182
2302,img/img_00013893.jpg,lower-body clothes,128,119,249,130,318,190
2303,img/img_00013897.jpg,lower-body clothes,176,164,246,82,203,27
2304,img/img_00013903.jpg,lower-body clothes,88,102,241,139,249,161
2305,img/img_00013906.jpg,lower-body clothes,171,144,241,97,195,24
2306,img/img_00013910.jpg,full-body clothes,349,175,299,124,496,147
2307,img/img_00013912.jpg,full-body clothes,460,240,479,239,474,14
2308,img/img_00013918.jpg,full-body clothes,218,112,431,319,239,21
2309,img/img_00013924.jpg,full-body clothes,295,251,251,0,295,0
2310,img/img_00013926.jpg,full-body clothes,271,83,209,126,347,76
2311,img/img_00013938.jpg,full-body clothes,367,134,241,107,447,80
2312,img/img_00013942.jpg,full-body clothes,320,182,182,0,320,0
2313,img/img_00013948.jpg,full-body clothes,327,234,234,0,327,0
2314,img/img_00013963.jpg,upper-body clothes,478,267,267,0,478,0
2315,img/img_00014004.jpg,lower-body clothes,95,79,148,69,235,140
2316,img/img_00014005.jpg,lower-body clothes,67,104,218,114,282,215
2317,img/img_00014009.jpg,lower-body clothes,125,153,215,62,394,269
2318,img/img_00014014.jpg,lower-body clothes,118,103,184,81,399,281
2319,img/img_00014019.jpg,lower-body clothes,131,154,240,86,399,268
2320,img/img_00014021.jpg,lower-body clothes,110,114,258,144,340,230
2321,img/img_00014022.jpg,lower-body clothes,135,190,283,93,461,326
2322,img/img_00014023.jpg,lower-body clothes,142,179,286,107,484,342
2323,img/img_00014031.jpg,lower-body clothes,106,150,218,68,418,312
2324,img/img_00014034.jpg,lower-body clothes,119,114,188,74,127,8
2325,img/img_00014036.jpg,lower-body clothes,282,101,265,164,483,201
2326,img/img_00014050.jpg,upper-body clothes,103,57,138,81,157,54
2327,img/img_00014054.jpg,upper-body clothes,200,108,230,122,289,89
2328,img/img_00014058.jpg,upper-body clothes,247,168,221,53,379,132
2329,img/img_00014061.jpg,upper-body clothes,288,203,287,84,443,155
2330,img/img_00014065.jpg,upper-body clothes,244,127,243,116,403,159
2331,img/img_00014066.jpg,upper-body clothes,183,99,169,70,218,35
2332,img/img_00014072.jpg,upper-body clothes,392,403,403,0,392,0
2333,img/img_00014077.jpg,upper-body clothes,137,124,356,232,290,153
2334,img/img_00014080.jpg,upper-body clothes,147,131,336,205,261,114
2335,img/img_00014082.jpg,upper-body clothes,106,76,201,125,182,76
2336,img/img_00014083.jpg,upper-body clothes,281,308,308,0,281,0
2337,img/img_00014094.jpg,upper-body clothes,172,60,201,141,306,134
2338,img/img_00014098.jpg,upper-body clothes,187,99,170,71,267,80
2339,img/img_00014101.jpg,upper-body clothes,72,84,245,161,164,92
2340,img/img_00014102.jpg,upper-body clothes,138,87,149,62,224,86
2341,img/img_00014111.jpg,upper-body clothes,123,69,207,138,130,7
2342,img/img_00014114.jpg,upper-body clothes,354,187,258,71,446,92
2343,img/img_00014119.jpg,upper-body clothes,153,72,171,99,229,76
2344,img/img_00014128.jpg,upper-body clothes,111,83,137,54,194,83
2345,img/img_00014147.jpg,upper-body clothes,223,129,258,129,307,84
2346,img/img_00014150.jpg,upper-body clothes,84,76,211,135,162,78
2347,img/img_00014158.jpg,lower-body clothes,392,143,238,95,429,37
2348,img/img_00014160.jpg,lower-body clothes,192,64,124,60,207,15
2349,img/img_00014162.jpg,lower-body clothes,340,119,200,81,389,49
2350,img/img_00014166.jpg,lower-body clothes,251,77,159,82,258,7
2351,img/img_00014168.jpg,lower-body clothes,186,88,148,60,201,15
2352,img/img_00014171.jpg,lower-body clothes,236,114,190,76,250,14
2353,img/img_00014172.jpg,lower-body clothes,257,77,169,92,268,11
2354,img/img_00014173.jpg,lower-body clothes,330,160,275,115,405,75
2355,img/img_00014175.jpg,lower-body clothes,395,123,271,148,431,36
2356,img/img_00014176.jpg,lower-body clothes,208,79,199,120,402,194
2357,img/img_00014177.jpg,lower-body clothes,381,109,225,116,413,32
2358,img/img_00014186.jpg,full-body clothes,272,168,257,89,397,125
2359,img/img_00014202.jpg,upper-body clothes,156,102,176,74,242,86
2360,img/img_00014204.jpg,upper-body clothes,397,192,192,0,397,0
2361,img/img_00014208.jpg,upper-body clothes,64,101,101,0,64,0
2362,img/img_00014210.jpg,upper-body clothes,153,112,199,87,246,93
2363,img/img_00014214.jpg,upper-body clothes,172,223,223,0,172,0
2364,img/img_00014220.jpg,upper-body clothes,249,192,250,58,298,49
2365,img/img_00014221.jpg,upper-body clothes,167,77,165,88,251,84
2366,img/img_00014235.jpg,upper-body clothes,292,153,278,125,423,131
2367,img/img_00014248.jpg,upper-body clothes,304,161,276,115,436,132
2368,img/img_00014259.jpg,upper-body clothes,280,160,263,103,391,111
2369,img/img_00014263.jpg,upper-body clothes,288,103,213,110,394,106
2370,img/img_00014268.jpg,lower-body clothes,257,112,204,92,456,199
2371,img/img_00014274.jpg,full-body clothes,381,118,252,134,478,97
2372,img/img_00014290.jpg,full-body clothes,302,142,215,73,408,106
2373,img/img_00014302.jpg,lower-body clothes,204,243,243,0,204,0
2374,img/img_00014304.jpg,lower-body clothes,107,153,153,0,107,0
2375,img/img_00014305.jpg,upper-body clothes,283,137,264,127,416,133
2376,img/img_00014306.jpg,upper-body clothes,138,138,222,84,260,122
2377,img/img_00014308.jpg,upper-body clothes,187,124,248,124,316,129
2378,img/img_00014311.jpg,upper-body clothes,333,179,246,67,457,124
2379,img/img_00014313.jpg,upper-body clothes,141,68,148,80,207,66
2380,img/img_00014314.jpg,upper-body clothes,107,55,126,71,161,54
2381,img/img_00014319.jpg,upper-body clothes,330,113,188,75,453,123
2382,img/img_00014331.jpg,upper-body clothes,283,144,248,104,427,144
2383,img/img_00014339.jpg,upper-body clothes,271,296,296,0,271,0
2384,img/img_00014346.jpg,upper-body clothes,282,75,170,95,406,124
2385,img/img_00014350.jpg,upper-body clothes,276,155,208,53,390,114
2386,img/img_00014353.jpg,upper-body clothes,149,94,164,70,196,47
2387,img/img_00014357.jpg,upper-body clothes,245,145,200,55,309,64
2388,img/img_00014372.jpg,upper-body clothes,184,264,264,0,184,0
2389,img/img_00014375.jpg,upper-body clothes,280,110,251,141,422,142
2390,img/img_00014388.jpg,upper-body clothes,112,103,223,120,244,132
2391,img/img_00014394.jpg,full-body clothes,503,413,413,0,503,0
2392,img/img_00014395.jpg,full-body clothes,248,98,450,352,337,89
2393,img/img_00014405.jpg,upper-body clothes,255,189,282,93,380,125
2394,img/img_00014411.jpg,full-body clothes,443,235,235,0,443,0
2395,img/img_00014415.jpg,full-body clothes,216,56,183,127,289,73
2396,img/img_00014417.jpg,full-body clothes,195,34,181,147,276,81
2397,img/img_00014419.jpg,upper-body clothes,241,132,132,0,241,0
2398,img/img_00014422.jpg,upper-body clothes,216,210,260,50,281,65
2399,img/img_00014437.jpg,upper-body clothes,135,105,277,172,236,101
2400,img/img_00014442.jpg,upper-body clothes,248,139,139,0,248,0
2401,img/img_00014448.jpg,upper-body clothes,51,64,144,80,139,88
2402,img/img_00014451.jpg,upper-body clothes,448,267,267,0,448,0
2403,img/img_00014458.jpg,upper-body clothes,55,39,79,40,100,45
2404,img/img_00014463.jpg,upper-body clothes,136,45,183,138,241,105
2405,img/img_00014472.jpg,upper-body clothes,94,50,142,92,173,79
2406,img/img_00014477.jpg,upper-body clothes,166,33,181,148,259,93
2407,img/img_00014493.jpg,full-body clothes,265,178,194,16,378,113
2408,img/img_00014499.jpg,upper-body clothes,308,208,343,135,489,181
2409,img/img_00014502.jpg,upper-body clothes,304,116,257,141,416,112
2410,img/img_00014526.jpg,upper-body clothes,266,208,293,85,311,45
2411,img/img_00014538.jpg,lower-body clothes,44,53,119,66,171,127
2412,img/img_00014547.jpg,lower-body clothes,38,46,118,72,119,81
2413,img/img_00014549.jpg,lower-body clothes,356,234,234,0,356,0
2414,img/img_00014551.jpg,upper-body clothes,168,173,253,80,402,234
2415,img/img_00014559.jpg,upper-body clothes,85,76,265,189,180,95
2416,img/img_00014561.jpg,upper-body clothes,94,78,155,77,177,83
2417,img/img_00014565.jpg,upper-body clothes,173,130,263,133,317,144
2418,img/img_00014576.jpg,lower-body clothes,213,73,184,111,388,175
2419,img/img_00014582.jpg,lower-body clothes,23,153,153,0,23,0
2420,img/img_00014585.jpg,lower-body clothes,421,151,291,140,439,18
2421,img/img_00014590.jpg,lower-body clothes,432,50,282,232,451,19
2422,img/img_00014592.jpg,lower-body clothes,381,213,235,22,386,5
2423,img/img_00014597.jpg,lower-body clothes,215,82,206,124,431,216
2424,img/img_00014602.jpg,lower-body clothes,418,159,287,128,434,16
2425,img/img_00014603.jpg,full-body clothes,268,239,239,0,268,0
2426,img/img_00014613.jpg,full-body clothes,197,154,154,0,197,0
2427,img/img_00014620.jpg,full-body clothes,482,245,245,0,482,0
2428,img/img_00014638.jpg,full-body clothes,307,333,333,0,307,0
2429,img/img_00014646.jpg,full-body clothes,335,117,188,71,432,97
2430,img/img_00014647.jpg,full-body clothes,302,162,251,89,465,163
2431,img/img_00014648.jpg,full-body clothes,331,215,323,108,461,130
2432,img/img_00014653.jpg,upper-body clothes,290,135,265,130,418,128
2433,img/img_00014654.jpg,upper-body clothes,292,164,267,103,371,79
2434,img/img_00014657.jpg,upper-body clothes,214,96,180,84,299,85
2435,img/img_00014658.jpg,upper-body clothes,313,113,248,135,437,124
2436,img/img_00014664.jpg,upper-body clothes,164,136,136,0,164,0
2437,img/img_00014670.jpg,upper-body clothes,111,252,252,0,111,0
2438,img/img_00014674.jpg,upper-body clothes,321,146,251,105,460,139
2439,img/img_00014679.jpg,upper-body clothes,119,60,109,49,174,55
2440,img/img_00014688.jpg,upper-body clothes,40,160,160,0,40,0
2441,img/img_00014689.jpg,upper-body clothes,354,152,288,136,432,78
2442,img/img_00014691.jpg,full-body clothes,414,195,195,0,414,0
2443,img/img_00014698.jpg,full-body clothes,316,277,277,0,316,0
2444,img/img_00014705.jpg,full-body clothes,479,233,233,0,479,0
2445,img/img_00014708.jpg,full-body clothes,142,39,72,33,189,47
2446,img/img_00014709.jpg,full-body clothes,218,210,210,0,218,0
2447,img/img_00014712.jpg,full-body clothes,401,239,239,0,401,0
2448,img/img_00014724.jpg,upper-body clothes,275,51,297,246,340,65
2449,img/img_00014738.jpg,upper-body clothes,254,161,242,81,390,136
2450,img/img_00014742.jpg,upper-body clothes,137,96,218,122,248,111
2451,img/img_00014743.jpg,upper-body clothes,206,65,121,56,333,127
2452,img/img_00014748.jpg,upper-body clothes,290,371,439,68,324,34
2453,img/img_00014751.jpg,upper-body clothes,1,1,1,0,1,0
2454,img/img_00014754.jpg,upper-body clothes,328,237,331,94,470,142
2455,img/img_00014772.jpg,upper-body clothes,242,131,206,75,397,155
2456,img/img_00014779.jpg,full-body clothes,136,58,189,131,188,52
2457,img/img_00014785.jpg,full-body clothes,215,85,223,138,298,83
2458,img/img_00014791.jpg,upper-body clothes,464,274,274,0,464,0
2459,img/img_00014819.jpg,full-body clothes,92,142,142,0,92,0
2460,img/img_00014820.jpg,full-body clothes,369,86,180,94,480,111
2461,img/img_00014822.jpg,upper-body clothes,161,121,233,112,258,97
2462,img/img_00014823.jpg,upper-body clothes,259,28,157,129,422,163
2463,img/img_00014833.jpg,upper-body clothes,174,128,142,14,295,121
2464,img/img_00014841.jpg,upper-body clothes,341,143,235,92,480,139
2465,img/img_00014871.jpg,lower-body clothes,20,210,210,0,20,0
2466,img/img_00014881.jpg,upper-body clothes,259,159,283,124,410,151
2467,img/img_00014905.jpg,lower-body clothes,167,109,129,20,308,141
2468,img/img_00014906.jpg,lower-body clothes,230,243,275,32,262,32
2469,img/img_00014908.jpg,lower-body clothes,210,173,251,78,477,267
2470,img/img_00014913.jpg,upper-body clothes,276,107,229,122,444,168
2471,img/img_00014929.jpg,upper-body clothes,175,96,191,95,215,40
2472,img/img_00014932.jpg,upper-body clothes,178,153,288,135,370,192
2473,img/img_00014933.jpg,upper-body clothes,312,174,200,26,492,180
2474,img/img_00014934.jpg,upper-body clothes,213,43,157,114,299,86
2475,img/img_00014941.jpg,lower-body clothes,271,109,220,111,292,21
2476,img/img_00014942.jpg,lower-body clothes,169,161,224,63,174,5
2477,img/img_00014956.jpg,lower-body clothes,196,118,172,54,320,124
2478,img/img_00014959.jpg,lower-body clothes,114,79,184,105,334,220
2479,img/img_00014961.jpg,lower-body clothes,170,111,236,125,386,216
2480,img/img_00014962.jpg,lower-body clothes,176,62,109,47,313,137
2481,img/img_00014964.jpg,lower-body clothes,153,71,204,133,354,201
2482,img/img_00014973.jpg,lower-body clothes,162,64,183,119,419,257
2483,img/img_00014974.jpg,lower-body clothes,243,119,282,163,462,219
2484,img/img_00014975.jpg,lower-body clothes,166,87,205,118,342,176
2485,img/img_00014977.jpg,lower-body clothes,414,149,248,99,490,76
2486,img/img_00014980.jpg,lower-body clothes,150,108,219,111,414,264
2487,img/img_00014981.jpg,lower-body clothes,260,83,191,108,477,217
2488,img/img_00014986.jpg,lower-body clothes,205,43,202,159,403,198
2489,img/img_00014990.jpg,upper-body clothes,113,81,183,102,192,79
2490,img/img_00014996.jpg,upper-body clothes,496,276,276,0,496,0
2491,img/img_00014998.jpg,upper-body clothes,206,115,196,81,284,78
2492,img/img_00015006.jpg,upper-body clothes,276,176,258,82,393,117
2493,img/img_00015020.jpg,upper-body clothes,297,165,165,0,297,0
2494,img/img_00015025.jpg,full-body clothes,368,205,251,46,476,108
2495,img/img_00015033.jpg,full-body clothes,106,27,120,93,158,52
2496,img/img_00015041.jpg,lower-body clothes,293,255,255,0,293,0
2497,img/img_00015043.jpg,lower-body clothes,57,80,140,60,69,12
2498,img/img_00015051.jpg,lower-body clothes,57,76,142,66,202,145
2499,img/img_00015067.jpg,upper-body clothes,287,99,336,237,404,117
2500,img/img_00015069.jpg,upper-body clothes,230,158,203,45,342,112
2501,img/img_00015070.jpg,upper-body clothes,225,128,466,338,329,104
2502,img/img_00015071.jpg,upper-body clothes,130,112,152,40,203,73
2503,img/img_00015082.jpg,full-body clothes,357,260,260,0,357,0
2504,img/img_00015087.jpg,full-body clothes,307,215,215,0,307,0
2505,img/img_00015096.jpg,full-body clothes,178,65,306,241,330,152
2506,img/img_00015098.jpg,full-body clothes,255,93,235,142,411,156
2507,img/img_00015100.jpg,lower-body clothes,60,81,224,143,277,217
2508,img/img_00015102.jpg,lower-body clothes,114,163,183,20,174,60
2509,img/img_00015108.jpg,lower-body clothes,83,111,163,52,95,12
2510,img/img_00015109.jpg,lower-body clothes,192,62,203,141,206,14
2511,img/img_00015111.jpg,full-body clothes,293,44,192,148,388,95
2512,img/img_00015121.jpg,full-body clothes,206,77,194,117,321,115
2513,img/img_00015124.jpg,full-body clothes,291,118,143,25,359,68
2514,img/img_00015125.jpg,full-body clothes,239,187,187,0,239,0
2515,img/img_00015142.jpg,full-body clothes,210,129,191,62,286,76
2516,img/img_00015146.jpg,upper-body clothes,280,203,291,88,423,143
2517,img/img_00015152.jpg,upper-body clothes,238,158,260,102,372,134
2518,img/img_00015155.jpg,upper-body clothes,93,47,265,218,146,53
2519,img/img_00015173.jpg,upper-body clothes,286,190,297,107,415,129
2520,img/img_00015186.jpg,full-body clothes,417,163,255,92,495,78
2521,img/img_00015188.jpg,full-body clothes,230,88,201,113,326,96
2522,img/img_00015203.jpg,full-body clothes,202,99,236,137,287,85
2523,img/img_00015228.jpg,full-body clothes,332,475,475,0,332,0
2524,img/img_00015230.jpg,full-body clothes,87,157,157,0,87,0
2525,img/img_00015236.jpg,lower-body clothes,102,95,304,209,297,195
2526,img/img_00015238.jpg,lower-body clothes,194,115,229,114,390,196
2527,img/img_00015239.jpg,lower-body clothes,228,146,210,64,265,37
2528,img/img_00015246.jpg,lower-body clothes,156,68,190,122,359,203
2529,img/img_00015248.jpg,lower-body clothes,189,217,425,208,288,99
2530,img/img_00015249.jpg,lower-body clothes,107,90,219,129,297,190
2531,img/img_00015251.jpg,lower-body clothes,97,67,462,395,203,106
2532,img/img_00015254.jpg,lower-body clothes,104,75,197,122,112,8
2533,img/img_00015255.jpg,lower-body clothes,245,133,217,84,306,61
2534,img/img_00015258.jpg,lower-body clothes,218,139,316,177,242,24
2535,img/img_00015274.jpg,full-body clothes,216,166,212,46,313,97
2536,img/img_00015279.jpg,upper-body clothes,115,62,132,70,187,72
2537,img/img_00015281.jpg,upper-body clothes,227,215,215,0,227,0
2538,img/img_00015285.jpg,upper-body clothes,123,71,142,71,180,57
2539,img/img_00015300.jpg,full-body clothes,473,226,226,0,473,0
2540,img/img_00015312.jpg,full-body clothes,344,189,281,92,471,127
2541,img/img_00015314.jpg,full-body clothes,196,297,297,0,196,0
2542,img/img_00015315.jpg,lower-body clothes,102,153,269,116,433,331
2543,img/img_00015331.jpg,lower-body clothes,130,24,203,179,406,276
2544,img/img_00015334.jpg,upper-body clothes,461,83,206,123,496,35
2545,img/img_00015344.jpg,upper-body clothes,182,178,280,102,327,145
2546,img/img_00015350.jpg,upper-body clothes,348,167,346,179,464,116
2547,img/img_00015361.jpg,full-body clothes,493,265,265,0,493,0
2548,img/img_00015366.jpg,full-body clothes,212,46,152,106,224,12
2549,img/img_00015371.jpg,full-body clothes,379,43,139,96,455,76
2550,img/img_00015372.jpg,upper-body clothes,234,134,188,54,364,130
2551,img/img_00015375.jpg,upper-body clothes,318,209,209,0,318,0
2552,img/img_00015407.jpg,lower-body clothes,125,124,190,66,306,181
2553,img/img_00015408.jpg,lower-body clothes,143,38,169,131,268,125
2554,img/img_00015413.jpg,lower-body clothes,374,145,230,85,414,40
2555,img/img_00015416.jpg,lower-body clothes,251,85,234,149,454,203
2556,img/img_00015420.jpg,lower-body clothes,109,182,274,92,435,326
2557,img/img_00015422.jpg,lower-body clothes,185,55,130,75,200,15
2558,img/img_00015431.jpg,full-body clothes,353,170,264,94,475,122
2559,img/img_00015442.jpg,full-body clothes,335,150,249,99,467,132
2560,img/img_00015453.jpg,upper-body clothes,115,242,263,21,149,34
2561,img/img_00015454.jpg,upper-body clothes,119,226,278,52,152,33
2562,img/img_00015456.jpg,full-body clothes,209,130,235,105,291,82
2563,img/img_00015470.jpg,full-body clothes,376,112,391,279,459,83
2564,img/img_00015473.jpg,full-body clothes,367,484,484,0,367,0
2565,img/img_00015505.jpg,upper-body clothes,186,200,258,58,319,133
2566,img/img_00015506.jpg,upper-body clothes,155,128,199,71,251,96
2567,img/img_00015509.jpg,upper-body clothes,496,412,412,0,496,0
2568,img/img_00015517.jpg,upper-body clothes,388,227,319,92,426,38
2569,img/img_00015522.jpg,upper-body clothes,333,206,321,115,352,19
2570,img/img_00015544.jpg,full-body clothes,355,134,256,122,470,115
2571,img/img_00015545.jpg,full-body clothes,293,175,175,0,293,0
2572,img/img_00015546.jpg,full-body clothes,460,194,194,0,460,0
2573,img/img_00015548.jpg,full-body clothes,335,121,261,140,459,124
2574,img/img_00015550.jpg,full-body clothes,244,210,210,0,244,0
2575,img/img_00015563.jpg,upper-body clothes,172,85,306,221,272,100
2576,img/img_00015583.jpg,full-body clothes,277,156,225,69,469,192
2577,img/img_00015592.jpg,full-body clothes,195,67,199,132,275,80
2578,img/img_00015596.jpg,full-body clothes,306,136,235,99,430,124
2579,img/img_00015610.jpg,upper-body clothes,318,149,256,107,438,120
2580,img/img_00015617.jpg,upper-body clothes,120,64,132,68,183,63
2581,img/img_00015620.jpg,upper-body clothes,116,54,180,126,190,74
2582,img/img_00015653.jpg,full-body clothes,163,31,108,77,225,62
2583,img/img_00015659.jpg,upper-body clothes,109,70,118,48,168,59
2584,img/img_00015663.jpg,upper-body clothes,263,176,257,81,397,134
2585,img/img_00015667.jpg,upper-body clothes,133,110,135,25,202,69
2586,img/img_00015670.jpg,upper-body clothes,120,107,137,30,189,69
2587,img/img_00015673.jpg,upper-body clothes,115,93,150,57,176,61
2588,img/img_00015690.jpg,lower-body clothes,363,141,272,131,437,74
2589,img/img_00015691.jpg,lower-body clothes,229,210,491,281,259,30
2590,img/img_00015699.jpg,lower-body clothes,409,161,209,48,435,26
2591,img/img_00015703.jpg,full-body clothes,155,124,124,0,155,0
2592,img/img_00015708.jpg,full-body clothes,309,169,233,64,438,129
2593,img/img_00015717.jpg,lower-body clothes,197,75,141,66,210,13
2594,img/img_00015721.jpg,lower-body clothes,335,124,213,89,341,6
2595,img/img_00015723.jpg,lower-body clothes,417,269,269,0,417,0
2596,img/img_00015724.jpg,lower-body clothes,203,103,166,63,207,4
2597,img/img_00015726.jpg,lower-body clothes,342,127,222,95,363,21
2598,img/img_00015729.jpg,lower-body clothes,310,147,204,57,318,8
2599,img/img_00015739.jpg,lower-body clothes,265,80,212,132,274,9
2600,img/img_00015743.jpg,upper-body clothes,117,122,263,141,263,146
2601,img/img_00015748.jpg,upper-body clothes,106,34,364,330,222,116
2602,img/img_00015769.jpg,upper-body clothes,255,111,157,46,372,117
2603,img/img_00015774.jpg,upper-body clothes,156,90,137,47,216,60
2604,img/img_00015775.jpg,upper-body clothes,227,256,267,11,269,42
2605,img/img_00015792.jpg,upper-body clothes,203,133,272,139,311,108
2606,img/img_00015799.jpg,upper-body clothes,124,86,142,56,198,74
2607,img/img_00015800.jpg,upper-body clothes,173,102,137,35,244,71
2608,img/img_00015805.jpg,full-body clothes,192,25,134,109,247,55
2609,img/img_00015814.jpg,lower-body clothes,343,161,279,118,410,67
2610,img/img_00015816.jpg,lower-body clothes,334,137,230,93,380,46
2611,img/img_00015826.jpg,full-body clothes,248,77,161,84,295,47
2612,img/img_00015828.jpg,full-body clothes,359,81,264,183,425,66
2613,img/img_00015832.jpg,full-body clothes,345,194,309,115,421,76
2614,img/img_00015835.jpg,full-body clothes,221,199,199,0,221,0
2615,img/img_00015840.jpg,full-body clothes,352,211,297,86,417,65
2616,img/img_00015843.jpg,full-body clothes,282,174,289,115,433,151
2617,img/img_00015848.jpg,upper-body clothes,127,62,134,72,194,67
2618,img/img_00015864.jpg,lower-body clothes,85,83,138,55,132,47
2619,img/img_00015865.jpg,lower-body clothes,356,254,254,0,356,0
2620,img/img_00015876.jpg,upper-body clothes,237,193,250,57,386,149
2621,img/img_00015878.jpg,upper-body clothes,259,145,248,103,337,78
2622,img/img_00015879.jpg,upper-body clothes,247,120,159,39,373,126
2623,img/img_00015887.jpg,upper-body clothes,116,76,179,103,202,86
2624,img/img_00015901.jpg,upper-body clothes,474,261,261,0,474,0
2625,img/img_00015907.jpg,upper-body clothes,114,105,149,44,190,76
2626,img/img_00015908.jpg,upper-body clothes,147,120,244,124,267,120
2627,img/img_00015911.jpg,upper-body clothes,150,111,229,118,254,104
2628,img/img_00015913.jpg,upper-body clothes,136,89,195,106,206,70
2629,img/img_00015922.jpg,upper-body clothes,136,108,128,20,220,84
2630,img/img_00015923.jpg,upper-body clothes,192,164,221,57,324,132
2631,img/img_00015925.jpg,upper-body clothes,152,102,221,119,274,122
2632,img/img_00015946.jpg,upper-body clothes,382,214,302,88,495,113
2633,img/img_00015950.jpg,upper-body clothes,234,163,245,82,344,110
2634,img/img_00015953.jpg,upper-body clothes,285,169,285,116,425,140
2635,img/img_00015956.jpg,upper-body clothes,204,152,262,110,386,182
2636,img/img_00015958.jpg,upper-body clothes,256,150,254,104,388,132
2637,img/img_00015961.jpg,upper-body clothes,112,102,143,41,179,67
2638,img/img_00015963.jpg,upper-body clothes,146,61,187,126,224,78
2639,img/img_00015968.jpg,upper-body clothes,68,55,129,74,126,58
2640,img/img_00015975.jpg,upper-body clothes,263,149,275,126,374,111
2641,img/img_00015979.jpg,full-body clothes,411,246,246,0,411,0
2642,img/img_00015986.jpg,full-body clothes,374,154,244,90,478,104
2643,img/img_00015988.jpg,upper-body clothes,156,93,158,65,228,72
2644,img/img_00015993.jpg,upper-body clothes,167,68,157,89,237,70
2645,img/img_00016001.jpg,upper-body clothes,269,291,291,0,269,0
2646,img/img_00016011.jpg,full-body clothes,357,60,225,165,466,109
2647,img/img_00016012.jpg,full-body clothes,221,102,220,118,316,95
2648,img/img_00016013.jpg,full-body clothes,355,68,226,158,460,105
2649,img/img_00016018.jpg,full-body clothes,310,179,274,95,430,120
2650,img/img_00016019.jpg,full-body clothes,313,196,252,56,438,125
2651,img/img_00016023.jpg,full-body clothes,207,104,218,114,306,99
2652,img/img_00016024.jpg,full-body clothes,193,102,204,102,257,64
2653,img/img_00016025.jpg,full-body clothes,259,131,226,95,369,110
2654,img/img_00016029.jpg,full-body clothes,316,185,245,60,445,129
2655,img/img_00016039.jpg,lower-body clothes,310,256,256,0,310,0
2656,img/img_00016044.jpg,lower-body clothes,89,115,217,102,414,325
2657,img/img_00016046.jpg,upper-body clothes,131,92,197,105,201,70
2658,img/img_00016048.jpg,upper-body clothes,241,98,277,179,369,128
2659,img/img_00016053.jpg,upper-body clothes,260,163,239,76,424,164
2660,img/img_00016059.jpg,upper-body clothes,448,245,245,0,448,0
2661,img/img_00016060.jpg,upper-body clothes,263,124,169,45,388,125
2662,img/img_00016072.jpg,upper-body clothes,137,82,141,59,198,61
2663,img/img_00016073.jpg,upper-body clothes,274,158,238,80,415,141
2664,img/img_00016077.jpg,lower-body clothes,247,58,212,154,444,197
2665,img/img_00016081.jpg,lower-body clothes,148,61,138,77,308,160
2666,img/img_00016084.jpg,lower-body clothes,419,176,301,125,428,9
2667,img/img_00016093.jpg,lower-body clothes,365,178,248,70,409,44
2668,img/img_00016109.jpg,upper-body clothes,318,164,306,142,490,172
2669,img/img_00016111.jpg,upper-body clothes,109,73,211,138,221,112
2670,img/img_00016112.jpg,upper-body clothes,281,181,281,100,289,8
2671,img/img_00016113.jpg,upper-body clothes,211,89,191,102,255,44
2672,img/img_00016117.jpg,full-body clothes,304,61,198,137,388,84
2673,img/img_00016119.jpg,full-body clothes,380,159,264,105,460,80
2674,img/img_00016126.jpg,lower-body clothes,217,59,171,112,393,176
2675,img/img_00016131.jpg,lower-body clothes,124,53,127,74,194,70
2676,img/img_00016132.jpg,lower-body clothes,200,85,191,106,386,186
2677,img/img_00016143.jpg,lower-body clothes,168,74,170,96,301,133
2678,img/img_00016146.jpg,lower-body clothes,185,95,221,126,391,206
2679,img/img_00016153.jpg,lower-body clothes,63,138,252,114,337,274
2680,img/img_00016154.jpg,lower-body clothes,106,135,232,97,420,314
2681,img/img_00016171.jpg,lower-body clothes,95,107,302,195,256,161
2682,img/img_00016176.jpg,full-body clothes,251,23,133,110,324,73
2683,img/img_00016178.jpg,full-body clothes,200,265,265,0,200,0
2684,img/img_00016181.jpg,full-body clothes,222,89,248,159,378,156
2685,img/img_00016183.jpg,full-body clothes,458,282,403,121,459,1
2686,img/img_00016188.jpg,lower-body clothes,412,139,270,131,442,30
2687,img/img_00016192.jpg,lower-body clothes,250,74,175,101,258,8
2688,img/img_00016203.jpg,lower-body clothes,14,237,237,0,14,0
2689,img/img_00016220.jpg,full-body clothes,365,90,211,121,455,90
2690,img/img_00016225.jpg,full-body clothes,359,101,231,130,448,89
2691,img/img_00016227.jpg,full-body clothes,374,110,263,153,446,72
2692,img/img_00016255.jpg,upper-body clothes,286,216,216,0,286,0
2693,img/img_00016256.jpg,upper-body clothes,205,231,351,120,319,114
2694,img/img_00016258.jpg,upper-body clothes,136,96,140,44,200,64
2695,img/img_00016265.jpg,upper-body clothes,109,76,199,123,173,64
2696,img/img_00016267.jpg,upper-body clothes,176,89,189,100,247,71
2697,img/img_00016273.jpg,upper-body clothes,96,79,228,149,174,78
2698,img/img_00016276.jpg,upper-body clothes,258,104,235,131,382,124
2699,img/img_00016280.jpg,full-body clothes,353,162,241,79,460,107
2700,img/img_00016310.jpg,lower-body clothes,269,79,202,123,457,188
2701,img/img_00016313.jpg,lower-body clothes,387,99,225,126,419,32
2702,img/img_00016314.jpg,lower-body clothes,444,71,262,191,463,19
2703,img/img_00016327.jpg,upper-body clothes,173,101,204,103,310,137
2704,img/img_00016330.jpg,full-body clothes,266,100,201,101,292,26
2705,img/img_00016334.jpg,full-body clothes,251,133,258,125,353,102
2706,img/img_00016338.jpg,upper-body clothes,281,179,242,63,431,150
2707,img/img_00016363.jpg,full-body clothes,298,241,241,0,298,0
2708,img/img_00016364.jpg,full-body clothes,490,321,321,0,490,0
2709,img/img_00016369.jpg,full-body clothes,241,69,198,129,320,79
2710,img/img_00016395.jpg,upper-body clothes,112,71,120,49,192,80
2711,img/img_00016396.jpg,upper-body clothes,228,92,237,145,360,132
2712,img/img_00016402.jpg,upper-body clothes,199,124,250,126,331,132
2713,img/img_00016411.jpg,upper-body clothes,102,65,160,95,164,62
2714,img/img_00016415.jpg,lower-body clothes,98,49,124,75,200,102
2715,img/img_00016461.jpg,upper-body clothes,487,274,274,0,487,0
2716,img/img_00016475.jpg,upper-body clothes,271,172,263,91,419,148
2717,img/img_00016481.jpg,upper-body clothes,272,183,294,111,414,142
2718,img/img_00016485.jpg,upper-body clothes,141,69,137,68,225,84
2719,img/img_00016488.jpg,upper-body clothes,373,227,251,24,420,47
2720,img/img_00016489.jpg,upper-body clothes,269,152,219,67,410,141
2721,img/img_00016512.jpg,upper-body clothes,100,106,106,0,100,0
2722,img/img_00016519.jpg,full-body clothes,473,198,268,70,501,28
2723,img/img_00016521.jpg,full-body clothes,239,115,216,101,326,87
2724,img/img_00016533.jpg,upper-body clothes,135,61,133,72,187,52
2725,img/img_00016548.jpg,upper-body clothes,121,67,205,138,261,140
2726,img/img_00016554.jpg,upper-body clothes,173,79,167,88,252,79
2727,img/img_00016560.jpg,upper-body clothes,176,221,221,0,176,0
2728,img/img_00016562.jpg,upper-body clothes,148,145,346,201,265,117
2729,img/img_00016563.jpg,upper-body clothes,121,154,154,0,121,0
2730,img/img_00016570.jpg,upper-body clothes,442,254,357,103,490,48
2731,img/img_00016574.jpg,upper-body clothes,79,258,258,0,79,0
2732,img/img_00016578.jpg,upper-body clothes,262,136,220,84,378,116
2733,img/img_00016580.jpg,upper-body clothes,159,130,173,43,167,8
2734,img/img_00016585.jpg,lower-body clothes,82,108,175,67,269,187
2735,img/img_00016602.jpg,full-body clothes,205,101,225,124,334,129
2736,img/img_00016612.jpg,full-body clothes,288,144,306,162,360,72
2737,img/img_00016621.jpg,lower-body clothes,57,297,297,0,57,0
2738,img/img_00016629.jpg,upper-body clothes,264,185,271,86,291,27
2739,img/img_00016636.jpg,upper-body clothes,160,117,263,146,163,3
2740,img/img_00016638.jpg,upper-body clothes,137,78,185,107,221,84
2741,img/img_00016650.jpg,upper-body clothes,238,195,242,47,434,196
2742,img/img_00016655.jpg,upper-body clothes,301,136,243,107,433,132
2743,img/img_00016657.jpg,upper-body clothes,152,143,291,148,265,113
2744,img/img_00016659.jpg,upper-body clothes,410,168,168,0,410,0
2745,img/img_00016670.jpg,full-body clothes,147,87,197,110,202,55
2746,img/img_00016671.jpg,full-body clothes,481,275,275,0,481,0
2747,img/img_00016676.jpg,full-body clothes,185,139,139,0,185,0
2748,img/img_00016680.jpg,upper-body clothes,87,113,221,108,171,84
2749,img/img_00016685.jpg,upper-body clothes,286,193,265,72,432,146
2750,img/img_00016688.jpg,upper-body clothes,221,128,442,314,345,124
2751,img/img_00016694.jpg,upper-body clothes,170,124,212,88,265,95
2752,img/img_00016702.jpg,upper-body clothes,190,304,304,0,190,0
2753,img/img_00016703.jpg,upper-body clothes,220,255,295,40,357,137
2754,img/img_00016715.jpg,upper-body clothes,272,181,272,91,430,158
2755,img/img_00016718.jpg,upper-body clothes,197,130,251,121,338,141
2756,img/img_00016722.jpg,full-body clothes,322,134,283,149,448,126
2757,img/img_00016724.jpg,full-body clothes,203,111,234,123,290,87
2758,img/img_00016726.jpg,full-body clothes,337,131,194,63,467,130
2759,img/img_00016736.jpg,full-body clothes,213,78,160,82,280,67
2760,img/img_00016745.jpg,full-body clothes,192,110,242,132,281,89
2761,img/img_00016751.jpg,full-body clothes,283,175,209,34,454,171
2762,img/img_00016754.jpg,full-body clothes,181,113,235,122,274,93
2763,img/img_00016757.jpg,full-body clothes,281,214,278,64,414,133
2764,img/img_00016763.jpg,lower-body clothes,63,83,206,123,260,197
2765,img/img_00016772.jpg,full-body clothes,205,117,242,125,307,102
2766,img/img_00016774.jpg,full-body clothes,145,54,168,114,194,49
2767,img/img_00016778.jpg,full-body clothes,155,72,134,62,222,67
2768,img/img_00016779.jpg,full-body clothes,127,80,147,67,188,61
2769,img/img_00016795.jpg,full-body clothes,370,130,269,139,487,117
2770,img/img_00016799.jpg,full-body clothes,150,84,113,29,219,69
2771,img/img_00016806.jpg,full-body clothes,384,170,304,134,489,105
2772,img/img_00016807.jpg,full-body clothes,155,106,233,127,302,147
2773,img/img_00016812.jpg,full-body clothes,402,275,275,0,402,0
2774,img/img_00016815.jpg,full-body clothes,188,74,173,99,247,59
2775,img/img_00016816.jpg,full-body clothes,149,68,161,93,226,77
2776,img/img_00016823.jpg,full-body clothes,365,141,252,111,476,111
2777,img/img_00016826.jpg,full-body clothes,204,62,178,116,268,64
2778,img/img_00016829.jpg,full-body clothes,232,96,199,103,281,49
2779,img/img_00016832.jpg,full-body clothes,309,194,194,0,309,0
2780,img/img_00016859.jpg,upper-body clothes,147,191,355,164,309,162
2781,img/img_00016860.jpg,upper-body clothes,195,25,163,138,284,89
2782,img/img_00016862.jpg,upper-body clothes,128,26,72,46,198,70
2783,img/img_00016867.jpg,upper-body clothes,176,138,138,0,176,0
2784,img/img_00016877.jpg,full-body clothes,343,171,272,101,460,117
2785,img/img_00016895.jpg,full-body clothes,363,136,258,122,495,132
2786,img/img_00016897.jpg,full-body clothes,200,219,292,73,259,59
2787,img/img_00016900.jpg,full-body clothes,270,307,329,22,355,85
2788,img/img_00016908.jpg,full-body clothes,96,129,129,0,96,0
2789,img/img_00016913.jpg,full-body clothes,304,131,188,57,430,126
2790,img/img_00016921.jpg,lower-body clothes,76,62,185,123,186,110
2791,img/img_00016924.jpg,lower-body clothes,130,108,231,123,322,192
2792,img/img_00016925.jpg,lower-body clothes,132,99,228,129,332,200
2793,img/img_00016932.jpg,lower-body clothes,90,97,252,155,276,186
2794,img/img_00016933.jpg,lower-body clothes,159,154,254,100,243,84
2795,img/img_00016935.jpg,upper-body clothes,221,70,243,173,346,125
2796,img/img_00016950.jpg,upper-body clothes,198,158,199,41,314,116
2797,img/img_00016959.jpg,upper-body clothes,233,182,278,96,367,134
2798,img/img_00016979.jpg,upper-body clothes,170,230,230,0,170,0
2799,img/img_00016989.jpg,upper-body clothes,42,35,106,71,46,4
2800,img/img_00016990.jpg,upper-body clothes,190,170,303,133,360,170
2801,img/img_00016991.jpg,upper-body clothes,181,90,174,84,290,109
2802,img/img_00016994.jpg,upper-body clothes,97,83,217,134,297,200
2803,img/img_00016997.jpg,upper-body clothes,96,91,212,121,216,120
2804,img/img_00017000.jpg,upper-body clothes,190,28,148,120,296,106
2805,img/img_00017001.jpg,upper-body clothes,206,122,300,178,340,134
2806,img/img_00017005.jpg,upper-body clothes,96,72,203,131,279,183
2807,img/img_00017008.jpg,upper-body clothes,132,78,150,72,218,86
2808,img/img_00017011.jpg,upper-body clothes,84,149,149,0,84,0
2809,img/img_00017012.jpg,upper-body clothes,208,133,245,112,370,162
2810,img/img_00017014.jpg,upper-body clothes,188,221,221,0,188,0
2811,img/img_00017016.jpg,upper-body clothes,220,108,260,152,417,197
2812,img/img_00017030.jpg,upper-body clothes,112,60,224,164,229,117
2813,img/img_00017041.jpg,lower-body clothes,133,171,269,98,434,301
2814,img/img_00017042.jpg,lower-body clothes,133,150,268,118,439,306
2815,img/img_00017043.jpg,lower-body clothes,269,18,200,182,371,102
2816,img/img_00017046.jpg,lower-body clothes,185,250,317,67,350,165
2817,img/img_00017058.jpg,upper-body clothes,125,48,125,77,187,62
2818,img/img_00017070.jpg,upper-body clothes,274,114,240,126,442,168
2819,img/img_00017075.jpg,upper-body clothes,160,57,227,170,247,87
2820,img/img_00017076.jpg,upper-body clothes,222,59,143,84,349,127
2821,img/img_00017083.jpg,upper-body clothes,105,226,226,0,105,0
2822,img/img_00017089.jpg,upper-body clothes,202,93,342,249,234,32
2823,img/img_00017094.jpg,upper-body clothes,136,88,250,162,264,128
2824,img/img_00017101.jpg,upper-body clothes,264,254,254,0,264,0
2825,img/img_00017102.jpg,upper-body clothes,206,158,341,183,295,89
2826,img/img_00017104.jpg,upper-body clothes,171,118,249,131,272,101
2827,img/img_00017115.jpg,upper-body clothes,176,259,259,0,176,0
2828,img/img_00017121.jpg,upper-body clothes,259,131,249,118,437,178
2829,img/img_00017124.jpg,upper-body clothes,77,51,140,89,153,76
2830,img/img_00017126.jpg,upper-body clothes,126,83,141,58,198,72
2831,img/img_00017129.jpg,upper-body clothes,238,314,314,0,238,0
2832,img/img_00017131.jpg,upper-body clothes,123,97,97,0,123,0
2833,img/img_00017134.jpg,lower-body clothes,122,53,160,107,324,202
2834,img/img_00017136.jpg,lower-body clothes,108,95,169,74,415,307
2835,img/img_00017142.jpg,lower-body clothes,78,90,156,66,222,144
2836,img/img_00017156.jpg,full-body clothes,199,115,183,68,293,94
2837,img/img_00017161.jpg,full-body clothes,326,168,253,85,456,130
2838,img/img_00017167.jpg,upper-body clothes,82,287,287,0,82,0
2839,img/img_00017171.jpg,upper-body clothes,48,162,162,0,48,0
2840,img/img_00017173.jpg,upper-body clothes,159,141,189,48,267,108
2841,img/img_00017176.jpg,upper-body clothes,123,311,311,0,123,0
2842,img/img_00017182.jpg,upper-body clothes,213,123,213,90,378,165
2843,img/img_00017193.jpg,upper-body clothes,133,68,123,55,219,86
2844,img/img_00017197.jpg,upper-body clothes,167,79,197,118,280,113
2845,img/img_00017213.jpg,full-body clothes,318,179,179,0,318,0
2846,img/img_00017215.jpg,full-body clothes,318,220,391,171,469,151
2847,img/img_00017225.jpg,full-body clothes,180,95,201,106,268,88
2848,img/img_00017234.jpg,full-body clothes,270,85,236,151,381,111
2849,img/img_00017235.jpg,full-body clothes,287,87,153,66,418,131
2850,img/img_00017240.jpg,upper-body clothes,78,51,100,49,143,65
2851,img/img_00017244.jpg,upper-body clothes,97,72,137,65,176,79
2852,img/img_00017249.jpg,upper-body clothes,179,135,195,60,223,44
2853,img/img_00017265.jpg,full-body clothes,393,265,265,0,393,0
2854,img/img_00017275.jpg,full-body clothes,277,337,337,0,277,0
2855,img/img_00017282.jpg,full-body clothes,246,150,182,32,383,137
2856,img/img_00017289.jpg,lower-body clothes,129,175,233,58,436,307
2857,img/img_00017304.jpg,lower-body clothes,198,70,143,73,205,7
2858,img/img_00017306.jpg,lower-body clothes,418,102,188,86,427,9
2859,img/img_00017308.jpg,lower-body clothes,219,82,224,142,401,182
2860,img/img_00017311.jpg,lower-body clothes,204,70,123,53,211,7
2861,img/img_00017323.jpg,lower-body clothes,397,136,306,170,410,13
2862,img/img_00017335.jpg,lower-body clothes,185,76,233,157,440,255
2863,img/img_00017341.jpg,lower-body clothes,405,141,254,113,421,16
2864,img/img_00017347.jpg,lower-body clothes,246,85,203,118,450,204
2865,img/img_00017360.jpg,lower-body clothes,208,99,162,63,445,237
2866,img/img_00017366.jpg,lower-body clothes,232,118,221,103,472,240
2867,img/img_00017374.jpg,full-body clothes,239,72,165,93,297,58
2868,img/img_00017381.jpg,full-body clothes,235,53,190,137,287,52
2869,img/img_00017383.jpg,full-body clothes,339,103,232,129,461,122
2870,img/img_00017411.jpg,upper-body clothes,222,93,239,146,354,132
2871,img/img_00017423.jpg,upper-body clothes,123,216,216,0,123,0
2872,img/img_00017425.jpg,upper-body clothes,156,386,386,0,156,0
2873,img/img_00017431.jpg,upper-body clothes,117,75,205,130,199,82
2874,img/img_00017440.jpg,upper-body clothes,275,171,171,0,275,0
2875,img/img_00017443.jpg,upper-body clothes,210,119,172,53,302,92
2876,img/img_00017448.jpg,upper-body clothes,69,42,147,105,137,68
2877,img/img_00017457.jpg,full-body clothes,123,141,141,0,123,0
2878,img/img_00017463.jpg,upper-body clothes,191,128,253,125,348,157
2879,img/img_00017468.jpg,upper-body clothes,204,204,268,64,330,126
2880,img/img_00017472.jpg,upper-body clothes,103,93,134,41,130,27
2881,img/img_00017483.jpg,upper-body clothes,175,165,165,0,175,0
2882,img/img_00017490.jpg,lower-body clothes,309,255,255,0,309,0
2883,img/img_00017496.jpg,lower-body clothes,296,310,310,0,296,0
2884,img/img_00017499.jpg,lower-body clothes,257,51,214,163,457,200
2885,img/img_00017502.jpg,lower-body clothes,225,158,280,122,437,212
2886,img/img_00017505.jpg,lower-body clothes,204,83,138,55,213,9
2887,img/img_00017506.jpg,lower-body clothes,383,147,268,121,392,9
2888,img/img_00017509.jpg,lower-body clothes,361,240,240,0,361,0
2889,img/img_00017511.jpg,lower-body clothes,261,71,131,60,453,192
2890,img/img_00017514.jpg,lower-body clothes,406,157,157,0,406,0
2891,img/img_00017519.jpg,upper-body clothes,175,92,169,77,279,104
2892,img/img_00017521.jpg,upper-body clothes,166,109,206,97,270,104
2893,img/img_00017530.jpg,upper-body clothes,230,138,230,92,384,154
2894,img/img_00017533.jpg,upper-body clothes,114,27,143,116,212,98
2895,img/img_00017538.jpg,upper-body clothes,98,64,126,62,178,80
2896,img/img_00017539.jpg,upper-body clothes,153,109,233,124,286,133
2897,img/img_00017540.jpg,upper-body clothes,127,134,195,61,258,131
2898,img/img_00017547.jpg,upper-body clothes,200,101,101,0,200,0
2899,img/img_00017552.jpg,upper-body clothes,181,503,503,0,181,0
2900,img/img_00017553.jpg,upper-body clothes,131,93,268,175,308,177
2901,img/img_00017554.jpg,upper-body clothes,257,254,254,0,257,0
2902,img/img_00017558.jpg,upper-body clothes,96,80,164,84,235,139
2903,img/img_00017562.jpg,upper-body clothes,414,186,186,0,414,0
2904,img/img_00017563.jpg,upper-body clothes,74,52,146,94,184,110
2905,img/img_00017566.jpg,upper-body clothes,420,206,278,72,454,34
2906,img/img_00017570.jpg,lower-body clothes,157,220,306,86,190,33
2907,img/img_00017588.jpg,upper-body clothes,333,257,257,0,333,0
2908,img/img_00017593.jpg,lower-body clothes,107,51,128,77,211,104
2909,img/img_00017600.jpg,lower-body clothes,253,80,213,133,436,183
2910,img/img_00017602.jpg,lower-body clothes,269,63,210,147,465,196
2911,img/img_00017615.jpg,lower-body clothes,111,110,221,111,370,259
2912,img/img_00017620.jpg,lower-body clothes,96,83,251,168,315,219
2913,img/img_00017628.jpg,upper-body clothes,92,63,127,64,148,56
2914,img/img_00017630.jpg,upper-body clothes,267,170,258,88,456,189
2915,img/img_00017638.jpg,upper-body clothes,198,65,178,113,267,69
2916,img/img_00017649.jpg,upper-body clothes,125,68,132,64,195,70
2917,img/img_00017650.jpg,upper-body clothes,278,75,238,163,407,129
2918,img/img_00017662.jpg,upper-body clothes,129,184,184,0,129,0
2919,img/img_00017680.jpg,full-body clothes,317,171,273,102,436,119
2920,img/img_00017691.jpg,full-body clothes,301,166,279,113,449,148
2921,img/img_00017693.jpg,full-body clothes,340,111,241,130,469,129
2922,img/img_00017705.jpg,lower-body clothes,287,204,254,50,296,9
2923,img/img_00017706.jpg,lower-body clothes,180,80,179,99,203,23
2924,img/img_00017708.jpg,lower-body clothes,160,77,220,143,334,174
2925,img/img_00017709.jpg,lower-body clothes,98,60,134,74,118,20
2926,img/img_00017712.jpg,lower-body clothes,459,27,277,250,480,21
2927,img/img_00017721.jpg,lower-body clothes,320,130,215,85,351,31
2928,img/img_00017724.jpg,lower-body clothes,286,117,180,63,287,1
2929,img/img_00017733.jpg,lower-body clothes,242,76,137,61,270,28
2930,img/img_00017740.jpg,upper-body clothes,140,135,268,133,234,94
2931,img/img_00017741.jpg,upper-body clothes,252,124,279,155,404,152
2932,img/img_00017756.jpg,full-body clothes,349,161,284,123,473,124
2933,img/img_00017765.jpg,lower-body clothes,101,130,300,170,144,43
2934,img/img_00017766.jpg,lower-body clothes,221,317,328,11,312,91
2935,img/img_00017767.jpg,lower-body clothes,52,63,194,131,249,197
2936,img/img_00017768.jpg,lower-body clothes,64,93,208,115,242,178
2937,img/img_00017785.jpg,lower-body clothes,243,237,279,42,354,111
2938,img/img_00017798.jpg,full-body clothes,380,130,287,157,474,94
2939,img/img_00017800.jpg,full-body clothes,351,117,225,108,434,83
2940,img/img_00017801.jpg,full-body clothes,426,55,238,183,497,71
2941,img/img_00017802.jpg,full-body clothes,421,131,194,63,496,75
2942,img/img_00017812.jpg,full-body clothes,131,27,130,103,174,43
2943,img/img_00017822.jpg,lower-body clothes,117,179,203,24,118,1
2944,img/img_00017827.jpg,lower-body clothes,206,45,112,67,223,17
2945,img/img_00017828.jpg,lower-body clothes,422,41,163,122,431,9
2946,img/img_00017831.jpg,lower-body clothes,206,69,184,115,393,187
2947,img/img_00017832.jpg,lower-body clothes,440,41,136,95,453,13
2948,img/img_00017833.jpg,lower-body clothes,333,54,206,152,427,94
2949,img/img_00017841.jpg,lower-body clothes,120,56,170,114,325,205
2950,img/img_00017853.jpg,lower-body clothes,115,78,163,85,272,157
2951,img/img_00017864.jpg,lower-body clothes,96,160,252,92,416,320
2952,img/img_00017867.jpg,lower-body clothes,129,164,194,30,178,49
2953,img/img_00017879.jpg,lower-body clothes,323,170,170,0,323,0
2954,img/img_00017884.jpg,lower-body clothes,320,19,177,158,321,1
2955,img/img_00017888.jpg,lower-body clothes,34,146,146,0,34,0
2956,img/img_00017889.jpg,lower-body clothes,407,98,263,165,440,33
2957,img/img_00017892.jpg,lower-body clothes,193,88,147,59,290,97
2958,img/img_00017899.jpg,upper-body clothes,273,175,311,136,439,166
2959,img/img_00017909.jpg,upper-body clothes,161,126,180,54,252,91
2960,img/img_00017913.jpg,upper-body clothes,175,130,163,33,218,43
2961,img/img_00017921.jpg,upper-body clothes,194,41,110,69,282,88
2962,img/img_00017930.jpg,lower-body clothes,140,68,156,88,333,193
2963,img/img_00017933.jpg,lower-body clothes,195,163,163,0,195,0
2964,img/img_00017935.jpg,lower-body clothes,177,88,249,161,353,176
2965,img/img_00017937.jpg,lower-body clothes,228,142,333,191,480,252
2966,img/img_00017944.jpg,lower-body clothes,166,89,222,133,436,270
2967,img/img_00017947.jpg,lower-body clothes,141,168,228,60,417,276
2968,img/img_00017950.jpg,lower-body clothes,239,189,306,117,266,27
2969,img/img_00017953.jpg,lower-body clothes,169,189,295,106,436,267
2970,img/img_00017954.jpg,lower-body clothes,147,104,271,167,165,18
2971,img/img_00017960.jpg,upper-body clothes,99,432,432,0,99,0
2972,img/img_00017964.jpg,full-body clothes,370,53,145,92,464,94
2973,img/img_00017965.jpg,full-body clothes,388,48,112,64,479,91
2974,img/img_00017974.jpg,full-body clothes,364,90,221,131,446,82
2975,img/img_00017981.jpg,lower-body clothes,266,284,410,126,366,100
2976,img/img_00017986.jpg,lower-body clothes,277,285,386,101,310,33
2977,img/img_00018006.jpg,full-body clothes,300,119,228,109,424,124
2978,img/img_00018008.jpg,full-body clothes,353,175,236,61,474,121
2979,img/img_00018012.jpg,lower-body clothes,364,144,252,108,404,40
2980,img/img_00018025.jpg,lower-body clothes,183,98,149,51,209,26
2981,img/img_00018028.jpg,lower-body clothes,250,74,234,160,450,200
2982,img/img_00018035.jpg,full-body clothes,337,134,238,104,444,107
2983,img/img_00018041.jpg,full-body clothes,334,142,290,148,469,135
2984,img/img_00018045.jpg,full-body clothes,282,45,203,158,456,174
2985,img/img_00018051.jpg,full-body clothes,339,194,311,117,450,111
2986,img/img_00018063.jpg,full-body clothes,484,294,294,0,484,0
2987,img/img_00018065.jpg,full-body clothes,263,152,152,0,263,0
2988,img/img_00018078.jpg,upper-body clothes,92,18,87,69,138,46
2989,img/img_00018085.jpg,lower-body clothes,324,165,330,165,404,80
2990,img/img_00018086.jpg,lower-body clothes,245,99,227,128,297,52
2991,img/img_00018101.jpg,full-body clothes,335,131,221,90,468,133
2992,img/img_00018115.jpg,full-body clothes,342,273,355,82,467,125
2993,img/img_00018120.jpg,full-body clothes,318,146,224,78,426,108
2994,img/img_00018124.jpg,full-body clothes,472,301,301,0,472,0
2995,img/img_00018133.jpg,upper-body clothes,381,192,368,176,460,79
2996,img/img_00018140.jpg,upper-body clothes,261,155,203,48,322,61
2997,img/img_00018163.jpg,full-body clothes,303,121,121,0,303,0
2998,img/img_00018170.jpg,upper-body clothes,138,53,130,77,234,96
2999,img/img_00018181.jpg,upper-body clothes,194,133,253,120,277,83
3000,img/img_00018186.jpg,upper-body clothes,181,287,287,0,181,0
3001,img/img_00018211.jpg,lower-body clothes,236,140,279,139,249,13
3002,img/img_00018216.jpg,lower-body clothes,349,96,217,121,374,25
3003,img/img_00018230.jpg,upper-body clothes,104,96,215,119,189,85
3004,img/img_00018237.jpg,upper-body clothes,220,228,228,0,220,0
3005,img/img_00018252.jpg,upper-body clothes,484,275,275,0,484,0
3006,img/img_00018257.jpg,upper-body clothes,100,79,329,250,194,94
3007,img/img_00018270.jpg,upper-body clothes,218,292,292,0,218,0
3008,img/img_00018275.jpg,upper-body clothes,346,89,266,177,486,140
3009,img/img_00018278.jpg,upper-body clothes,298,91,196,105,436,138
3010,img/img_00018291.jpg,lower-body clothes,157,159,246,87,487,330
3011,img/img_00018294.jpg,lower-body clothes,119,172,259,87,459,340
3012,img/img_00018298.jpg,lower-body clothes,75,102,141,39,224,149
3013,img/img_00018307.jpg,lower-body clothes,179,162,257,95,442,263
3014,img/img_00018312.jpg,lower-body clothes,85,96,287,191,313,228
3015,img/img_00018313.jpg,lower-body clothes,447,177,204,27,450,3
3016,img/img_00018316.jpg,upper-body clothes,452,408,461,53,497,45
3017,img/img_00018322.jpg,upper-body clothes,140,177,177,0,140,0
3018,img/img_00018324.jpg,upper-body clothes,280,496,496,0,280,0
3019,img/img_00018339.jpg,full-body clothes,156,45,148,103,219,63
3020,img/img_00018341.jpg,full-body clothes,270,143,244,101,389,119
3021,img/img_00018343.jpg,upper-body clothes,184,110,247,137,265,81
3022,img/img_00018358.jpg,upper-body clothes,107,81,164,83,176,69
3023,img/img_00018359.jpg,upper-body clothes,238,97,220,123,323,85
3024,img/img_00018360.jpg,upper-body clothes,389,258,258,0,389,0
3025,img/img_00018369.jpg,lower-body clothes,136,88,126,38,328,192
3026,img/img_00018372.jpg,lower-body clothes,178,144,201,57,198,20
3027,img/img_00018379.jpg,upper-body clothes,343,223,223,0,343,0
3028,img/img_00018384.jpg,upper-body clothes,100,65,159,94,178,78
3029,img/img_00018390.jpg,upper-body clothes,207,139,139,0,207,0
3030,img/img_00018392.jpg,upper-body clothes,151,102,252,150,248,97
3031,img/img_00018394.jpg,upper-body clothes,274,281,281,0,274,0
3032,img/img_00018398.jpg,lower-body clothes,357,156,247,91,427,70
3033,img/img_00018400.jpg,lower-body clothes,439,101,210,109,456,17
3034,img/img_00018403.jpg,lower-body clothes,206,101,311,210,299,93
3035,img/img_00018404.jpg,lower-body clothes,137,50,201,151,248,111
3036,img/img_00018406.jpg,lower-body clothes,193,96,111,15,234,41
3037,img/img_00018409.jpg,lower-body clothes,473,65,365,300,507,34
3038,img/img_00018415.jpg,upper-body clothes,317,130,270,140,455,138
3039,img/img_00018421.jpg,upper-body clothes,286,248,323,75,453,167
3040,img/img_00018423.jpg,upper-body clothes,33,203,203,0,33,0
3041,img/img_00018432.jpg,lower-body clothes,394,125,189,64,417,23
3042,img/img_00018435.jpg,lower-body clothes,57,432,432,0,57,0
3043,img/img_00018440.jpg,lower-body clothes,6,316,316,0,6,0
3044,img/img_00018447.jpg,lower-body clothes,251,158,271,113,316,65
3045,img/img_00018453.jpg,lower-body clothes,129,138,264,126,141,12
3046,img/img_00018458.jpg,lower-body clothes,264,105,170,65,278,14
3047,img/img_00018460.jpg,upper-body clothes,263,233,233,0,263,0
3048,img/img_00018463.jpg,upper-body clothes,107,333,333,0,107,0
3049,img/img_00018466.jpg,upper-body clothes,98,63,205,142,175,77
3050,img/img_00018467.jpg,upper-body clothes,257,195,394,199,410,153
3051,img/img_00018469.jpg,upper-body clothes,292,45,168,123,406,114
3052,img/img_00018473.jpg,lower-body clothes,258,213,274,61,301,43
3053,img/img_00018482.jpg,upper-body clothes,278,434,478,44,385,107
3054,img/img_00018498.jpg,full-body clothes,93,43,63,20,128,35
3055,img/img_00018500.jpg,full-body clothes,337,330,330,0,337,0
3056,img/img_00018505.jpg,full-body clothes,300,154,347,193,421,121
3057,img/img_00018508.jpg,full-body clothes,336,201,243,42,453,117
3058,img/img_00018509.jpg,upper-body clothes,391,207,275,68,440,49
3059,img/img_00018510.jpg,upper-body clothes,263,186,269,83,417,154
3060,img/img_00018512.jpg,upper-body clothes,449,292,324,32,466,17
3061,img/img_00018515.jpg,lower-body clothes,110,269,286,17,173,63
3062,img/img_00018534.jpg,upper-body clothes,35,183,183,0,35,0
3063,img/img_00018537.jpg,upper-body clothes,22,217,217,0,22,0
3064,img/img_00018540.jpg,upper-body clothes,483,262,262,0,483,0
3065,img/img_00018544.jpg,upper-body clothes,34,91,91,0,34,0
3066,img/img_00018554.jpg,upper-body clothes,422,229,229,0,422,0
3067,img/img_00018557.jpg,lower-body clothes,153,60,154,94,299,146
3068,img/img_00018559.jpg,lower-body clothes,85,90,90,0,85,0
3069,img/img_00018566.jpg,lower-body clothes,199,77,134,57,211,12
3070,img/img_00018580.jpg,full-body clothes,170,32,93,61,199,29
3071,img/img_00018589.jpg,upper-body clothes,167,93,196,103,263,96
3072,img/img_00018590.jpg,upper-body clothes,137,84,148,64,198,61
3073,img/img_00018592.jpg,upper-body clothes,1,1,1,0,1,0
3074,img/img_00018597.jpg,lower-body clothes,165,86,163,77,298,133
3075,img/img_00018602.jpg,lower-body clothes,213,94,429,335,440,227
3076,img/img_00018609.jpg,lower-body clothes,238,72,205,133,255,17
3077,img/img_00018618.jpg,upper-body clothes,271,207,262,55,289,18
3078,img/img_00018627.jpg,upper-body clothes,337,131,255,124,473,136
3079,img/img_00018630.jpg,upper-body clothes,347,224,224,0,347,0
3080,img/img_00018647.jpg,lower-body clothes,232,379,440,61,366,134
3081,img/img_00018648.jpg,lower-body clothes,254,341,341,0,254,0
3082,img/img_00018653.jpg,lower-body clothes,172,82,191,109,234,62
3083,img/img_00018659.jpg,lower-body clothes,205,106,297,191,360,155
3084,img/img_00018665.jpg,lower-body clothes,150,127,247,120,464,314
3085,img/img_00018672.jpg,lower-body clothes,256,86,125,39,269,13
3086,img/img_00018673.jpg,lower-body clothes,241,187,187,0,241,0
3087,img/img_00018674.jpg,lower-body clothes,112,106,222,116,284,172
3088,img/img_00018683.jpg,upper-body clothes,285,148,212,64,304,19
3089,img/img_00018687.jpg,upper-body clothes,129,23,118,95,175,46
3090,img/img_00018702.jpg,upper-body clothes,117,100,202,102,146,29
3091,img/img_00018709.jpg,lower-body clothes,78,96,223,127,261,183
3092,img/img_00018711.jpg,lower-body clothes,88,132,292,160,381,293
3093,img/img_00018714.jpg,lower-body clothes,67,82,185,103,282,215
3094,img/img_00018721.jpg,lower-body clothes,75,88,239,151,235,160
3095,img/img_00018737.jpg,full-body clothes,269,129,204,75,362,93
3096,img/img_00018748.jpg,upper-body clothes,431,476,476,0,431,0
3097,img/img_00018749.jpg,upper-body clothes,325,165,269,104,476,151
3098,img/img_00018753.jpg,full-body clothes,400,346,346,0,400,0
3099,img/img_00018754.jpg,full-body clothes,342,136,252,116,461,119
3100,img/img_00018763.jpg,lower-body clothes,192,67,135,68,197,5
3101,img/img_00018766.jpg,lower-body clothes,377,159,235,76,408,31
3102,img/img_00018768.jpg,lower-body clothes,277,53,182,129,465,188
3103,img/img_00018776.jpg,lower-body clothes,247,109,286,177,438,191
3104,img/img_00018787.jpg,upper-body clothes,71,377,377,0,71,0
3105,img/img_00018791.jpg,upper-body clothes,139,107,144,37,211,72
3106,img/img_00018798.jpg,upper-body clothes,183,121,192,71,272,89
3107,img/img_00018801.jpg,upper-body clothes,290,29,213,184,404,114
3108,img/img_00018803.jpg,upper-body clothes,394,43,245,202,444,50
3109,img/img_00018807.jpg,upper-body clothes,248,96,130,34,337,89
3110,img/img_00018809.jpg,upper-body clothes,207,164,261,97,427,220
3111,img/img_00018810.jpg,upper-body clothes,341,118,240,122,466,125
3112,img/img_00018812.jpg,upper-body clothes,185,116,224,108,264,79
3113,img/img_00018815.jpg,upper-body clothes,246,163,163,0,246,0
3114,img/img_00018820.jpg,lower-body clothes,176,60,144,84,338,162
3115,img/img_00018831.jpg,lower-body clothes,233,117,180,63,397,164
3116,img/img_00018839.jpg,lower-body clothes,91,116,142,26,144,53
3117,img/img_00018844.jpg,lower-body clothes,224,95,191,96,400,176
3118,img/img_00018852.jpg,lower-body clothes,286,112,190,78,295,9
3119,img/img_00018856.jpg,lower-body clothes,283,70,142,72,298,15
3120,img/img_00018862.jpg,upper-body clothes,166,113,199,86,254,88
3121,img/img_00018866.jpg,upper-body clothes,246,198,277,79,415,169
3122,img/img_00018868.jpg,upper-body clothes,161,83,144,61,228,67
3123,img/img_00018872.jpg,upper-body clothes,257,154,240,86,427,170
3124,img/img_00018874.jpg,upper-body clothes,167,133,282,149,260,93
3125,img/img_00018876.jpg,upper-body clothes,185,110,180,70,218,33
3126,img/img_00018880.jpg,upper-body clothes,253,157,236,79,400,147
3127,img/img_00018884.jpg,upper-body clothes,327,223,295,72,502,175
3128,img/img_00018890.jpg,full-body clothes,375,182,255,73,497,122
3129,img/img_00018894.jpg,full-body clothes,360,217,302,85,495,135
3130,img/img_00018906.jpg,upper-body clothes,334,135,461,326,455,121
3131,img/img_00018923.jpg,upper-body clothes,83,432,432,0,83,0
3132,img/img_00018924.jpg,upper-body clothes,164,135,164,29,283,119
3133,img/img_00018926.jpg,upper-body clothes,416,95,203,108,453,37
3134,img/img_00018935.jpg,lower-body clothes,127,472,472,0,127,0
3135,img/img_00018938.jpg,lower-body clothes,154,58,273,215,266,112
3136,img/img_00018949.jpg,lower-body clothes,81,428,428,0,81,0
3137,img/img_00018954.jpg,lower-body clothes,249,98,126,28,281,32
3138,img/img_00018955.jpg,lower-body clothes,222,77,164,87,379,157
3139,img/img_00018958.jpg,lower-body clothes,169,91,173,82,382,213
3140,img/img_00018960.jpg,lower-body clothes,178,122,219,97,426,248
3141,img/img_00018962.jpg,lower-body clothes,319,270,270,0,319,0
3142,img/img_00018963.jpg,lower-body clothes,328,265,265,0,328,0
3143,img/img_00018964.jpg,lower-body clothes,161,82,151,69,360,199
3144,img/img_00018965.jpg,lower-body clothes,380,447,447,0,380,0
3145,img/img_00018970.jpg,lower-body clothes,461,215,286,71,470,9
3146,img/img_00018971.jpg,lower-body clothes,81,39,151,112,214,133
3147,img/img_00018975.jpg,lower-body clothes,211,91,239,148,467,256
3148,img/img_00018978.jpg,lower-body clothes,256,180,207,27,275,19
3149,img/img_00018983.jpg,lower-body clothes,179,115,320,205,229,50
3150,img/img_00018986.jpg,upper-body clothes,232,248,294,46,247,15
3151,img/img_00018988.jpg,upper-body clothes,236,65,277,212,250,14
3152,img/img_00018991.jpg,upper-body clothes,352,83,142,59,366,14
3153,img/img_00018994.jpg,lower-body clothes,399,53,193,140,414,15
3154,img/img_00018995.jpg,lower-body clothes,192,68,283,215,406,214
3155,img/img_00018997.jpg,lower-body clothes,163,35,117,82,198,35
3156,img/img_00019018.jpg,lower-body clothes,213,117,218,101,442,229
3157,img/img_00019020.jpg,lower-body clothes,425,120,229,109,430,5
3158,img/img_00019028.jpg,upper-body clothes,264,56,93,37,410,146
3159,img/img_00019033.jpg,upper-body clothes,233,282,346,64,429,196
3160,img/img_00019042.jpg,upper-body clothes,338,219,267,48,487,149
3161,img/img_00019047.jpg,upper-body clothes,223,426,426,0,223,0
3162,img/img_00019052.jpg,upper-body clothes,185,161,200,39,294,109
3163,img/img_00019055.jpg,upper-body clothes,339,298,411,113,474,135
3164,img/img_00019067.jpg,upper-body clothes,194,165,273,108,381,187
3165,img/img_00019074.jpg,upper-body clothes,175,190,261,71,340,165
3166,img/img_00019075.jpg,upper-body clothes,281,129,209,80,368,87
3167,img/img_00019079.jpg,upper-body clothes,231,189,230,41,414,183
3168,img/img_00019082.jpg,upper-body clothes,284,212,299,87,469,185
3169,img/img_00019090.jpg,full-body clothes,231,56,213,157,334,103
3170,img/img_00019093.jpg,full-body clothes,189,77,137,60,249,60
3171,img/img_00019097.jpg,full-body clothes,466,261,261,0,466,0
3172,img/img_00019106.jpg,full-body clothes,389,116,408,292,505,116
3173,img/img_00019113.jpg,full-body clothes,231,175,175,0,231,0
3174,img/img_00019121.jpg,full-body clothes,211,411,411,0,211,0
3175,img/img_00019127.jpg,full-body clothes,235,85,203,118,361,126
3176,img/img_00019129.jpg,full-body clothes,58,146,146,0,58,0
3177,img/img_00019131.jpg,full-body clothes,266,52,91,39,330,64
3178,img/img_00019142.jpg,full-body clothes,362,121,250,129,475,113
3179,img/img_00019150.jpg,full-body clothes,396,423,423,0,396,0
3180,img/img_00019152.jpg,full-body clothes,305,134,251,117,429,124
3181,img/img_00019155.jpg,full-body clothes,308,129,253,124,413,105
3182,img/img_00019157.jpg,full-body clothes,216,74,295,221,302,86
3183,img/img_00019164.jpg,upper-body clothes,198,73,197,124,321,123
3184,img/img_00019169.jpg,upper-body clothes,267,479,479,0,267,0
3185,img/img_00019179.jpg,full-body clothes,219,165,207,42,307,88
3186,img/img_00019183.jpg,full-body clothes,290,116,245,129,422,132
3187,img/img_00019186.jpg,full-body clothes,368,205,222,17,462,94
3188,img/img_00019205.jpg,full-body clothes,299,119,131,12,381,82
3189,img/img_00019209.jpg,full-body clothes,265,66,169,103,346,81
3190,img/img_00019221.jpg,full-body clothes,193,82,151,69,258,65
3191,img/img_00019223.jpg,full-body clothes,270,97,160,63,347,77
3192,img/img_00019224.jpg,lower-body clothes,379,302,302,0,379,0
3193,img/img_00019229.jpg,lower-body clothes,123,156,192,36,425,302
3194,img/img_00019234.jpg,lower-body clothes,153,157,263,106,459,306
3195,img/img_00019238.jpg,lower-body clothes,376,243,243,0,376,0
3196,img/img_00019241.jpg,lower-body clothes,123,153,253,100,423,300
3197,img/img_00019242.jpg,lower-body clothes,87,102,259,157,287,200
3198,img/img_00019249.jpg,lower-body clothes,71,108,201,93,267,196
3199,img/img_00019250.jpg,lower-body clothes,70,67,213,146,246,176
3200,img/img_00019259.jpg,upper-body clothes,293,160,285,125,441,148
3201,img/img_00019267.jpg,upper-body clothes,203,55,137,82,288,85
3202,img/img_00019273.jpg,upper-body clothes,292,112,227,115,436,144
3203,img/img_00019275.jpg,upper-body clothes,169,40,174,134,248,79
3204,img/img_00019277.jpg,full-body clothes,354,135,216,81,481,127
3205,img/img_00019280.jpg,full-body clothes,114,35,80,45,156,42
3206,img/img_00019292.jpg,full-body clothes,320,147,221,74,434,114
3207,img/img_00019294.jpg,full-body clothes,223,128,316,188,309,86
3208,img/img_00019295.jpg,full-body clothes,319,149,236,87,497,178
3209,img/img_00019297.jpg,full-body clothes,388,49,217,168,468,80
3210,img/img_00019310.jpg,full-body clothes,409,26,193,167,491,82
3211,img/img_00019311.jpg,full-body clothes,481,216,216,0,481,0
3212,img/img_00019312.jpg,full-body clothes,222,72,109,37,271,49
3213,img/img_00019318.jpg,full-body clothes,226,62,134,72,269,43
3214,img/img_00019319.jpg,full-body clothes,336,171,265,94,455,119
3215,img/img_00019320.jpg,full-body clothes,312,142,253,111,417,105
3216,img/img_00019324.jpg,full-body clothes,380,106,141,35,462,82
3217,img/img_00019330.jpg,full-body clothes,252,98,192,94,348,96
3218,img/img_00019336.jpg,full-body clothes,323,278,278,0,323,0
3219,img/img_00019340.jpg,full-body clothes,226,72,223,151,304,78
3220,img/img_00019342.jpg,full-body clothes,310,74,184,110,376,66
3221,img/img_00019350.jpg,full-body clothes,219,29,188,159,316,97
3222,img/img_00019351.jpg,full-body clothes,367,103,262,159,478,111
3223,img/img_00019352.jpg,full-body clothes,330,67,218,151,396,66
3224,img/img_00019356.jpg,upper-body clothes,137,57,137,80,208,71
3225,img/img_00019358.jpg,upper-body clothes,112,208,208,0,112,0
3226,img/img_00019359.jpg,upper-body clothes,226,228,228,0,226,0
3227,img/img_00019361.jpg,upper-body clothes,128,211,211,0,128,0
3228,img/img_00019370.jpg,full-body clothes,189,108,219,111,272,83
3229,img/img_00019379.jpg,full-body clothes,234,76,151,75,314,80
3230,img/img_00019401.jpg,full-body clothes,378,237,361,124,443,65
3231,img/img_00019402.jpg,full-body clothes,332,72,198,126,477,145
3232,img/img_00019405.jpg,full-body clothes,221,96,163,67,312,91
3233,img/img_00019409.jpg,upper-body clothes,168,86,202,116,254,86
3234,img/img_00019417.jpg,upper-body clothes,1,1,1,0,1,0
3235,img/img_00019418.jpg,upper-body clothes,122,166,166,0,122,0
3236,img/img_00019423.jpg,upper-body clothes,288,154,264,110,321,33
3237,img/img_00019424.jpg,upper-body clothes,129,151,151,0,129,0
3238,img/img_00019467.jpg,upper-body clothes,302,100,223,123,351,49
3239,img/img_00019470.jpg,upper-body clothes,194,197,265,68,242,48
3240,img/img_00019487.jpg,full-body clothes,370,83,213,130,467,97
3241,img/img_00019491.jpg,full-body clothes,126,57,161,104,187,61
3242,img/img_00019493.jpg,full-body clothes,259,104,172,68,325,66
3243,img/img_00019498.jpg,upper-body clothes,64,46,166,120,232,168
3244,img/img_00019499.jpg,upper-body clothes,79,263,263,0,79,0
3245,img/img_00019521.jpg,upper-body clothes,94,186,186,0,94,0
3246,img/img_00019527.jpg,upper-body clothes,400,265,404,139,483,83
3247,img/img_00019528.jpg,upper-body clothes,146,85,135,50,207,61
3248,img/img_00019530.jpg,upper-body clothes,259,159,259,100,391,132
3249,img/img_00019535.jpg,full-body clothes,240,317,317,0,240,0
3250,img/img_00019536.jpg,full-body clothes,338,133,231,98,461,123
3251,img/img_00019543.jpg,full-body clothes,258,99,223,124,349,91
3252,img/img_00019549.jpg,full-body clothes,368,190,270,80,485,117
3253,img/img_00019550.jpg,full-body clothes,506,312,312,0,506,0
3254,img/img_00019555.jpg,full-body clothes,172,68,142,74,230,58
3255,img/img_00019563.jpg,full-body clothes,198,127,241,114,302,104
3256,img/img_00019564.jpg,full-body clothes,290,146,269,123,366,76
3257,img/img_00019571.jpg,full-body clothes,167,102,151,49,232,65
3258,img/img_00019577.jpg,full-body clothes,216,56,120,64,296,80
3259,img/img_00019582.jpg,full-body clothes,456,238,238,0,456,0
3260,img/img_00019587.jpg,full-body clothes,310,215,215,0,310,0
3261,img/img_00019589.jpg,full-body clothes,295,163,247,84,436,141
3262,img/img_00019593.jpg,full-body clothes,316,114,233,119,476,160
3263,img/img_00019602.jpg,upper-body clothes,216,102,197,95,382,166
3264,img/img_00019605.jpg,upper-body clothes,347,392,392,0,347,0
3265,img/img_00019606.jpg,upper-body clothes,172,137,302,165,379,207
3266,img/img_00019607.jpg,upper-body clothes,157,124,212,88,293,136
3267,img/img_00019608.jpg,full-body clothes,238,96,308,212,325,87
3268,img/img_00019614.jpg,full-body clothes,318,122,212,90,411,93
3269,img/img_00019622.jpg,full-body clothes,292,166,237,71,407,115
3270,img/img_00019623.jpg,full-body clothes,459,226,226,0,459,0
3271,img/img_00019624.jpg,full-body clothes,333,202,262,60,463,130
3272,img/img_00019629.jpg,upper-body clothes,471,281,281,0,471,0
3273,img/img_00019639.jpg,lower-body clothes,88,141,261,120,113,25
3274,img/img_00019644.jpg,lower-body clothes,116,148,209,61,408,292
3275,img/img_00019667.jpg,upper-body clothes,204,334,334,0,204,0
3276,img/img_00019672.jpg,upper-body clothes,101,59,214,155,192,91
3277,img/img_00019682.jpg,upper-body clothes,271,220,291,71,439,168
3278,img/img_00019691.jpg,upper-body clothes,272,189,287,98,428,156
3279,img/img_00019695.jpg,upper-body clothes,113,77,150,73,145,32
3280,img/img_00019703.jpg,upper-body clothes,201,144,244,100,293,92
3281,img/img_00019704.jpg,upper-body clothes,142,93,190,97,297,155
3282,img/img_00019707.jpg,upper-body clothes,481,288,288,0,481,0
3283,img/img_00019718.jpg,upper-body clothes,322,172,284,112,447,125
3284,img/img_00019723.jpg,upper-body clothes,129,81,156,75,287,158
3285,img/img_00019728.jpg,upper-body clothes,250,495,495,0,250,0
3286,img/img_00019729.jpg,upper-body clothes,301,354,354,0,301,0
3287,img/img_00019730.jpg,upper-body clothes,149,495,495,0,149,0
3288,img/img_00019738.jpg,upper-body clothes,18,123,123,0,18,0
3289,img/img_00019741.jpg,upper-body clothes,66,34,74,40,98,32
3290,img/img_00019747.jpg,lower-body clothes,232,310,329,19,319,87
3291,img/img_00019751.jpg,lower-body clothes,65,94,210,116,307,242
3292,img/img_00019760.jpg,upper-body clothes,234,193,280,87,393,159
3293,img/img_00019765.jpg,upper-body clothes,272,171,288,117,416,144
3294,img/img_00019766.jpg,upper-body clothes,394,408,408,0,394,0
3295,img/img_00019793.jpg,lower-body clothes,107,100,181,81,335,228
3296,img/img_00019797.jpg,lower-body clothes,77,75,108,33,84,7
3297,img/img_00019815.jpg,lower-body clothes,152,143,218,75,196,44
3298,img/img_00019821.jpg,full-body clothes,297,83,212,129,374,77
3299,img/img_00019830.jpg,full-body clothes,267,74,200,126,355,88
3300,img/img_00019833.jpg,full-body clothes,222,305,305,0,222,0
3301,img/img_00019842.jpg,full-body clothes,428,196,270,74,459,31
3302,img/img_00019854.jpg,lower-body clothes,231,143,256,113,457,226
3303,img/img_00019857.jpg,lower-body clothes,217,77,211,134,432,215
3304,img/img_00019861.jpg,lower-body clothes,249,77,137,60,444,195
3305,img/img_00019866.jpg,lower-body clothes,235,65,212,147,460,225
3306,img/img_00019875.jpg,upper-body clothes,132,99,202,103,219,87
3307,img/img_00019877.jpg,upper-body clothes,213,176,251,75,391,178
3308,img/img_00019878.jpg,upper-body clothes,196,130,130,0,196,0
3309,img/img_00019880.jpg,upper-body clothes,84,61,151,90,156,72
3310,img/img_00019898.jpg,lower-body clothes,343,114,199,85,401,58
3311,img/img_00019902.jpg,lower-body clothes,30,246,246,0,30,0
3312,img/img_00019909.jpg,lower-body clothes,310,252,252,0,310,0
3313,img/img_00019910.jpg,lower-body clothes,67,52,81,29,182,115
3314,img/img_00019913.jpg,lower-body clothes,403,168,276,108,412,9
3315,img/img_00019921.jpg,full-body clothes,349,68,205,137,473,124
3316,img/img_00019935.jpg,upper-body clothes,368,456,456,0,368,0
3317,img/img_00019943.jpg,full-body clothes,195,76,125,49,282,87
3318,img/img_00019949.jpg,full-body clothes,352,106,203,97,475,123
3319,img/img_00019953.jpg,full-body clothes,135,76,118,42,198,63
3320,img/img_00019957.jpg,full-body clothes,248,205,220,15,343,95
3321,img/img_00019962.jpg,full-body clothes,211,83,180,97,315,104
3322,img/img_00019964.jpg,full-body clothes,320,122,235,113,441,121
3323,img/img_00019976.jpg,upper-body clothes,206,110,216,106,307,101
3324,img/img_00019980.jpg,upper-body clothes,198,163,163,0,198,0
3325,img/img_00019981.jpg,upper-body clothes,510,300,300,0,510,0
3326,img/img_00019985.jpg,upper-body clothes,196,172,172,0,196,0
3327,img/img_00019987.jpg,upper-body clothes,183,94,210,116,257,74
3328,img/img_00019992.jpg,upper-body clothes,213,100,202,102,308,95
3329,img/img_00019993.jpg,upper-body clothes,179,45,234,189,288,109
3330,img/img_00019999.jpg,upper-body clothes,194,201,201,0,194,0
3331,img/img_00020001.jpg,upper-body clothes,263,165,197,32,286,23
3332,img/img_00020005.jpg,upper-body clothes,260,134,231,97,417,157
3333,img/img_00020016.jpg,upper-body clothes,315,282,282,0,315,0
3334,img/img_00020023.jpg,upper-body clothes,456,296,296,0,456,0
3335,img/img_00020029.jpg,full-body clothes,394,197,197,0,394,0
3336,img/img_00020030.jpg,full-body clothes,391,49,164,115,497,106
3337,img/img_00020034.jpg,full-body clothes,365,131,234,103,486,121
3338,img/img_00020048.jpg,upper-body clothes,163,80,80,0,163,0
3339,img/img_00020050.jpg,upper-body clothes,322,261,261,0,322,0
3340,img/img_00020053.jpg,upper-body clothes,195,261,261,0,195,0
3341,img/img_00020068.jpg,lower-body clothes,225,239,239,0,225,0
3342,img/img_00020071.jpg,lower-body clothes,252,141,185,44,377,125
3343,img/img_00020074.jpg,lower-body clothes,135,214,284,70,235,100
3344,img/img_00020077.jpg,lower-body clothes,66,84,234,150,265,199
3345,img/img_00020081.jpg,lower-body clothes,53,52,131,79,181,128
3346,img/img_00020088.jpg,lower-body clothes,75,63,247,184,272,197
3347,img/img_00020091.jpg,lower-body clothes,112,147,225,78,391,279
3348,img/img_00020097.jpg,lower-body clothes,211,91,290,199,436,225
3349,img/img_00020104.jpg,lower-body clothes,251,106,224,118,446,195
3350,img/img_00020116.jpg,lower-body clothes,178,52,177,125,405,227
3351,img/img_00020129.jpg,lower-body clothes,328,428,428,0,328,0
3352,img/img_00020136.jpg,lower-body clothes,407,97,233,136,415,8
3353,img/img_00020137.jpg,lower-body clothes,365,116,289,173,406,41
3354,img/img_00020146.jpg,lower-body clothes,255,136,310,174,414,159
3355,img/img_00020155.jpg,full-body clothes,209,59,167,108,265,56
3356,img/img_00020160.jpg,full-body clothes,322,143,143,0,322,0
3357,img/img_00020164.jpg,full-body clothes,282,147,147,0,282,0
3358,img/img_00020176.jpg,full-body clothes,260,83,274,191,332,72
3359,img/img_00020182.jpg,full-body clothes,396,53,156,103,466,70
3360,img/img_00020189.jpg,upper-body clothes,128,98,185,87,248,120
3361,img/img_00020194.jpg,upper-body clothes,164,114,219,105,262,98
3362,img/img_00020207.jpg,upper-body clothes,66,489,489,0,66,0
3363,img/img_00020211.jpg,upper-body clothes,266,126,256,130,407,141
3364,img/img_00020221.jpg,full-body clothes,255,117,153,36,291,36
3365,img/img_00020249.jpg,upper-body clothes,263,104,298,194,419,156
3366,img/img_00020255.jpg,full-body clothes,196,53,161,108,271,75
3367,img/img_00020277.jpg,full-body clothes,234,77,185,108,319,85
3368,img/img_00020279.jpg,full-body clothes,100,46,109,63,139,39
3369,img/img_00020288.jpg,upper-body clothes,252,73,204,131,356,104
3370,img/img_00020290.jpg,upper-body clothes,169,103,239,136,302,133
3371,img/img_00020299.jpg,full-body clothes,346,191,279,88,455,109
3372,img/img_00020301.jpg,full-body clothes,210,114,223,109,292,82
3373,img/img_00020306.jpg,lower-body clothes,237,62,178,116,250,13
3374,img/img_00020313.jpg,lower-body clothes,256,75,269,194,462,206
3375,img/img_00020319.jpg,lower-body clothes,407,218,333,115,413,6
3376,img/img_00020322.jpg,lower-body clothes,274,108,176,68,296,22
3377,img/img_00020327.jpg,lower-body clothes,400,104,218,114,435,35
3378,img/img_00020329.jpg,lower-body clothes,423,94,228,134,433,10
3379,img/img_00020334.jpg,full-body clothes,219,59,195,136,302,83
3380,img/img_00020341.jpg,full-body clothes,301,166,260,94,457,156
3381,img/img_00020346.jpg,full-body clothes,262,115,285,170,353,91
3382,img/img_00020356.jpg,upper-body clothes,216,125,125,0,216,0
3383,img/img_00020357.jpg,upper-body clothes,208,129,217,88,294,86
3384,img/img_00020360.jpg,upper-body clothes,162,107,140,33,226,64
3385,img/img_00020361.jpg,upper-body clothes,137,114,235,121,216,79
3386,img/img_00020365.jpg,upper-body clothes,271,193,293,100,414,143
3387,img/img_00020368.jpg,upper-body clothes,192,82,253,171,297,105
3388,img/img_00020370.jpg,upper-body clothes,217,119,193,74,309,92
3389,img/img_00020375.jpg,upper-body clothes,215,190,453,263,331,116
3390,img/img_00020379.jpg,upper-body clothes,303,157,248,91,402,99
3391,img/img_00020383.jpg,upper-body clothes,286,181,280,99,400,114
3392,img/img_00020385.jpg,upper-body clothes,284,245,363,118,440,156
3393,img/img_00020392.jpg,upper-body clothes,248,115,255,140,431,183
3394,img/img_00020402.jpg,lower-body clothes,143,78,205,127,303,160
3395,img/img_00020424.jpg,full-body clothes,389,65,213,148,481,92
3396,img/img_00020426.jpg,full-body clothes,247,41,180,139,284,37
3397,img/img_00020427.jpg,full-body clothes,201,103,188,85,286,85
3398,img/img_00020429.jpg,full-body clothes,231,49,78,29,310,79
3399,img/img_00020434.jpg,full-body clothes,150,143,156,13,194,44
3400,img/img_00020444.jpg,full-body clothes,244,34,181,147,344,100
3401,img/img_00020448.jpg,full-body clothes,148,91,114,23,243,95
3402,img/img_00020454.jpg,upper-body clothes,71,64,102,38,117,46
3403,img/img_00020466.jpg,full-body clothes,340,161,231,70,468,128
3404,img/img_00020476.jpg,upper-body clothes,309,185,185,0,309,0
3405,img/img_00020481.jpg,upper-body clothes,65,29,97,68,127,62
3406,img/img_00020486.jpg,full-body clothes,257,35,90,55,364,107
3407,img/img_00020489.jpg,full-body clothes,231,144,148,4,340,109
3408,img/img_00020501.jpg,full-body clothes,262,108,237,129,344,82
3409,img/img_00020517.jpg,upper-body clothes,153,74,228,154,245,92
3410,img/img_00020519.jpg,upper-body clothes,192,82,436,354,319,127
3411,img/img_00020520.jpg,upper-body clothes,398,336,336,0,398,0
3412,img/img_00020526.jpg,upper-body clothes,191,131,208,77,330,139
3413,img/img_00020529.jpg,upper-body clothes,162,111,231,120,249,87
3414,img/img_00020538.jpg,upper-body clothes,388,169,169,0,388,0
3415,img/img_00020540.jpg,upper-body clothes,206,218,297,79,235,29
3416,img/img_00020541.jpg,upper-body clothes,187,115,255,140,328,141
3417,img/img_00020542.jpg,upper-body clothes,226,460,460,0,226,0
3418,img/img_00020543.jpg,upper-body clothes,345,248,395,147,438,93
3419,img/img_00020552.jpg,full-body clothes,344,69,177,108,417,73
3420,img/img_00020563.jpg,full-body clothes,398,75,237,162,479,81
3421,img/img_00020565.jpg,full-body clothes,286,119,192,73,345,59
3422,img/img_00020567.jpg,full-body clothes,471,378,378,0,471,0
3423,img/img_00020570.jpg,full-body clothes,273,73,157,84,328,55
3424,img/img_00020571.jpg,full-body clothes,309,57,118,61,443,134
3425,img/img_00020581.jpg,full-body clothes,334,105,236,131,444,110
3426,img/img_00020597.jpg,full-body clothes,238,151,225,74,277,39
3427,img/img_00020598.jpg,full-body clothes,241,112,238,126,326,85
3428,img/img_00020628.jpg,full-body clothes,466,167,203,36,475,9
3429,img/img_00020634.jpg,full-body clothes,142,91,178,87,205,63
3430,img/img_00020647.jpg,full-body clothes,150,102,148,46,233,83
3431,img/img_00020652.jpg,full-body clothes,341,147,262,115,472,131
3432,img/img_00020659.jpg,full-body clothes,275,257,257,0,275,0
3433,img/img_00020660.jpg,full-body clothes,288,170,283,113,409,121
3434,img/img_00020681.jpg,full-body clothes,309,113,231,118,485,176
3435,img/img_00020684.jpg,upper-body clothes,109,60,151,91,155,46
3436,img/img_00020690.jpg,upper-body clothes,79,130,130,0,79,0
3437,img/img_00020693.jpg,upper-body clothes,293,99,227,128,437,144
3438,img/img_00020694.jpg,upper-body clothes,199,101,236,135,310,111
3439,img/img_00020705.jpg,upper-body clothes,30,97,97,0,30,0
3440,img/img_00020713.jpg,upper-body clothes,258,179,262,83,412,154
3441,img/img_00020715.jpg,upper-body clothes,490,334,334,0,490,0
3442,img/img_00020719.jpg,upper-body clothes,99,41,131,90,168,69
3443,img/img_00020724.jpg,upper-body clothes,474,259,259,0,474,0
3444,img/img_00020729.jpg,full-body clothes,104,112,112,0,104,0
3445,img/img_00020730.jpg,full-body clothes,231,54,174,120,280,49
3446,img/img_00020737.jpg,full-body clothes,296,242,242,0,296,0
3447,img/img_00020743.jpg,full-body clothes,190,303,303,0,190,0
3448,img/img_00020748.jpg,upper-body clothes,295,168,231,63,412,117
3449,img/img_00020760.jpg,lower-body clothes,264,73,247,174,464,200
3450,img/img_00020769.jpg,lower-body clothes,414,88,217,129,436,22
3451,img/img_00020774.jpg,lower-body clothes,259,129,199,70,444,185
3452,img/img_00020776.jpg,upper-body clothes,159,139,169,30,236,77
3453,img/img_00020787.jpg,upper-body clothes,85,79,119,40,156,71
3454,img/img_00020797.jpg,full-body clothes,368,268,316,48,465,97
3455,img/img_00020805.jpg,upper-body clothes,188,88,189,101,269,81
3456,img/img_00020808.jpg,upper-body clothes,202,174,341,167,357,155
3457,img/img_00020825.jpg,upper-body clothes,312,218,303,85,466,154
3458,img/img_00020826.jpg,upper-body clothes,411,333,333,0,411,0
3459,img/img_00020841.jpg,full-body clothes,424,110,221,111,496,72
3460,img/img_00020847.jpg,full-body clothes,187,412,412,0,187,0
3461,img/img_00020855.jpg,full-body clothes,219,96,195,99,258,39
3462,img/img_00020857.jpg,full-body clothes,293,131,179,48,369,76
3463,img/img_00020864.jpg,upper-body clothes,488,487,487,0,488,0
3464,img/img_00020865.jpg,upper-body clothes,291,154,275,121,431,140
3465,img/img_00020869.jpg,upper-body clothes,168,120,228,108,227,59
3466,img/img_00020884.jpg,full-body clothes,206,243,243,0,206,0
3467,img/img_00020893.jpg,full-body clothes,366,184,255,71,460,94
3468,img/img_00020916.jpg,upper-body clothes,231,143,257,114,358,127
3469,img/img_00020917.jpg,upper-body clothes,235,140,274,134,376,141
3470,img/img_00020918.jpg,upper-body clothes,269,168,259,91,404,135
3471,img/img_00020946.jpg,upper-body clothes,78,48,150,102,134,56
3472,img/img_00020975.jpg,full-body clothes,334,173,244,71,457,123
3473,img/img_00020979.jpg,full-body clothes,345,164,264,100,456,111
3474,img/img_00020981.jpg,full-body clothes,239,142,204,62,269,30
3475,img/img_00020983.jpg,full-body clothes,190,137,228,91,268,78
3476,img/img_00020987.jpg,full-body clothes,166,122,222,100,223,57
3477,img/img_00021005.jpg,full-body clothes,173,97,145,48,228,55
3478,img/img_00021006.jpg,full-body clothes,326,251,251,0,326,0
3479,img/img_00021011.jpg,full-body clothes,275,146,233,87,415,140
3480,img/img_00021015.jpg,full-body clothes,377,104,315,211,477,100
3481,img/img_00021016.jpg,full-body clothes,204,89,266,177,285,81
3482,img/img_00021025.jpg,full-body clothes,407,207,350,143,438,31
3483,img/img_00021029.jpg,upper-body clothes,282,132,256,124,431,149
3484,img/img_00021037.jpg,lower-body clothes,390,414,414,0,390,0
3485,img/img_00021038.jpg,lower-body clothes,327,173,260,87,500,173
3486,img/img_00021048.jpg,upper-body clothes,116,69,123,54,184,68
3487,img/img_00021052.jpg,upper-body clothes,489,291,291,0,489,0
3488,img/img_00021073.jpg,full-body clothes,424,110,211,101,504,80
3489,img/img_00021076.jpg,full-body clothes,371,171,358,187,492,121
3490,img/img_00021077.jpg,full-body clothes,320,84,186,102,401,81
3491,img/img_00021081.jpg,full-body clothes,447,253,253,0,447,0
3492,img/img_00021088.jpg,upper-body clothes,325,236,370,134,407,82
3493,img/img_00021090.jpg,upper-body clothes,94,67,147,80,152,58
3494,img/img_00021095.jpg,upper-body clothes,178,134,177,43,279,101
3495,img/img_00021099.jpg,upper-body clothes,131,61,148,87,198,67
3496,img/img_00021113.jpg,upper-body clothes,328,110,248,138,422,94
3497,img/img_00021119.jpg,upper-body clothes,263,150,256,106,405,142
3498,img/img_00021120.jpg,upper-body clothes,283,63,208,145,450,167
3499,img/img_00021125.jpg,upper-body clothes,133,112,167,55,218,85
3500,img/img_00021126.jpg,upper-body clothes,81,65,151,86,148,67
3501,img/img_00021135.jpg,upper-body clothes,217,187,276,89,312,95
3502,img/img_00021143.jpg,full-body clothes,231,118,118,0,231,0
3503,img/img_00021148.jpg,full-body clothes,356,159,238,79,451,95
3504,img/img_00021154.jpg,full-body clothes,251,289,289,0,251,0
3505,img/img_00021159.jpg,full-body clothes,87,97,97,0,87,0
3506,img/img_00021173.jpg,upper-body clothes,274,84,246,162,377,103
3507,img/img_00021181.jpg,upper-body clothes,218,127,270,143,352,134
3508,img/img_00021185.jpg,full-body clothes,319,156,156,0,319,0
3509,img/img_00021193.jpg,full-body clothes,333,123,205,82,436,103
3510,img/img_00021194.jpg,full-body clothes,132,48,157,109,182,50
3511,img/img_00021197.jpg,upper-body clothes,216,45,127,82,312,96
3512,img/img_00021199.jpg,upper-body clothes,143,77,167,90,252,109
3513,img/img_00021201.jpg,upper-body clothes,343,239,239,0,343,0
3514,img/img_00021202.jpg,upper-body clothes,326,285,285,0,326,0
3515,img/img_00021204.jpg,upper-body clothes,201,41,164,123,276,75
3516,img/img_00021210.jpg,upper-body clothes,194,132,180,48,294,100
3517,img/img_00021211.jpg,upper-body clothes,382,191,272,81,490,108
3518,img/img_00021214.jpg,upper-body clothes,248,136,201,65,399,151
3519,img/img_00021217.jpg,upper-body clothes,295,210,264,54,471,176
3520,img/img_00021224.jpg,upper-body clothes,265,72,257,185,411,146
3521,img/img_00021226.jpg,upper-body clothes,159,116,258,142,251,92
3522,img/img_00021228.jpg,full-body clothes,374,79,247,168,441,67
3523,img/img_00021230.jpg,full-body clothes,107,220,220,0,107,0
3524,img/img_00021246.jpg,full-body clothes,189,214,214,0,189,0
3525,img/img_00021247.jpg,full-body clothes,472,272,272,0,472,0
3526,img/img_00021261.jpg,upper-body clothes,212,203,203,0,212,0
3527,img/img_00021262.jpg,upper-body clothes,294,197,310,113,445,151
3528,img/img_00021268.jpg,upper-body clothes,147,48,117,69,202,55
3529,img/img_00021269.jpg,upper-body clothes,222,122,297,175,377,155
3530,img/img_00021281.jpg,upper-body clothes,161,90,200,110,272,111
3531,img/img_00021286.jpg,upper-body clothes,312,93,342,249,452,140
3532,img/img_00021291.jpg,upper-body clothes,242,62,278,216,308,66
3533,img/img_00021293.jpg,upper-body clothes,326,144,238,94,460,134
3534,img/img_00021297.jpg,upper-body clothes,248,159,159,0,248,0
3535,img/img_00021323.jpg,upper-body clothes,472,279,279,0,472,0
3536,img/img_00021325.jpg,upper-body clothes,123,104,251,147,227,104
3537,img/img_00021329.jpg,upper-body clothes,181,118,213,95,266,85
3538,img/img_00021330.jpg,upper-body clothes,233,105,234,129,347,114
3539,img/img_00021333.jpg,upper-body clothes,240,101,235,134,299,59
3540,img/img_00021336.jpg,upper-body clothes,208,159,263,104,324,116
3541,img/img_00021337.jpg,upper-body clothes,148,112,210,98,245,97
3542,img/img_00021346.jpg,upper-body clothes,250,317,421,104,309,59
3543,img/img_00021355.jpg,upper-body clothes,198,100,269,169,274,76
3544,img/img_00021359.jpg,upper-body clothes,329,131,240,109,476,147
3545,img/img_00021366.jpg,upper-body clothes,261,68,222,154,361,100
3546,img/img_00021377.jpg,upper-body clothes,151,70,149,79,219,68
3547,img/img_00021379.jpg,upper-body clothes,171,42,139,97,227,56
3548,img/img_00021385.jpg,upper-body clothes,334,246,246,0,334,0
3549,img/img_00021388.jpg,upper-body clothes,293,141,141,0,293,0
3550,img/img_00021404.jpg,upper-body clothes,242,272,272,0,242,0
3551,img/img_00021406.jpg,upper-body clothes,148,83,214,131,253,105
3552,img/img_00021409.jpg,upper-body clothes,435,323,323,0,435,0
3553,img/img_00021438.jpg,upper-body clothes,110,51,146,95,178,68
3554,img/img_00021439.jpg,upper-body clothes,274,96,275,179,461,187
3555,img/img_00021443.jpg,lower-body clothes,138,54,122,68,272,134
3556,img/img_00021451.jpg,lower-body clothes,253,72,202,130,458,205
3557,img/img_00021455.jpg,lower-body clothes,368,125,291,166,445,77
3558,img/img_00021457.jpg,lower-body clothes,33,113,181,68,97,64
3559,img/img_00021458.jpg,lower-body clothes,190,74,197,123,297,107
3560,img/img_00021468.jpg,lower-body clothes,98,167,229,62,388,290
3561,img/img_00021470.jpg,lower-body clothes,48,99,167,68,68,20
3562,img/img_00021482.jpg,lower-body clothes,57,130,197,67,398,341
3563,img/img_00021507.jpg,lower-body clothes,94,180,267,87,406,312
3564,img/img_00021515.jpg,lower-body clothes,51,77,112,35,184,133
3565,img/img_00021522.jpg,upper-body clothes,258,285,285,0,258,0
3566,img/img_00021531.jpg,lower-body clothes,183,106,213,107,376,193
3567,img/img_00021540.jpg,lower-body clothes,206,59,196,137,375,169
3568,img/img_00021542.jpg,upper-body clothes,295,186,283,97,454,159
3569,img/img_00021543.jpg,upper-body clothes,184,86,86,0,184,0
3570,img/img_00021551.jpg,upper-body clothes,239,227,227,0,239,0
3571,img/img_00021552.jpg,upper-body clothes,294,315,315,0,294,0
3572,img/img_00021555.jpg,upper-body clothes,184,162,269,107,325,141
3573,img/img_00021558.jpg,upper-body clothes,184,110,157,47,208,24
3574,img/img_00021572.jpg,upper-body clothes,335,150,253,103,439,104
3575,img/img_00021579.jpg,upper-body clothes,292,328,366,38,432,140
3576,img/img_00021594.jpg,upper-body clothes,290,257,257,0,290,0
3577,img/img_00021595.jpg,upper-body clothes,268,136,309,173,457,189
3578,img/img_00021604.jpg,upper-body clothes,164,151,275,124,256,92
3579,img/img_00021606.jpg,upper-body clothes,120,68,136,68,167,47
3580,img/img_00021613.jpg,upper-body clothes,479,346,346,0,479,0
3581,img/img_00021617.jpg,lower-body clothes,383,108,254,146,437,54
3582,img/img_00021620.jpg,lower-body clothes,317,131,221,90,375,58
3583,img/img_00021626.jpg,lower-body clothes,199,74,198,124,385,186
3584,img/img_00021629.jpg,lower-body clothes,355,143,218,75,377,22
3585,img/img_00021631.jpg,lower-body clothes,178,80,187,107,376,198
3586,img/img_00021637.jpg,lower-body clothes,116,48,129,81,227,111
3587,img/img_00021648.jpg,lower-body clothes,186,71,137,66,202,16
3588,img/img_00021653.jpg,lower-body clothes,114,50,87,37,187,73
3589,img/img_00021661.jpg,upper-body clothes,119,121,173,52,280,161
3590,img/img_00021672.jpg,upper-body clothes,106,108,158,50,196,90
3591,img/img_00021680.jpg,upper-body clothes,106,61,100,39,164,58
3592,img/img_00021681.jpg,upper-body clothes,139,86,162,76,206,67
3593,img/img_00021682.jpg,upper-body clothes,272,296,296,0,272,0
3594,img/img_00021690.jpg,lower-body clothes,179,63,133,70,196,17
3595,img/img_00021697.jpg,lower-body clothes,191,71,137,66,206,15
3596,img/img_00021701.jpg,lower-body clothes,275,97,221,124,456,181
3597,img/img_00021705.jpg,lower-body clothes,323,145,209,64,334,11
3598,img/img_00021713.jpg,lower-body clothes,99,42,121,79,213,114
3599,img/img_00021732.jpg,upper-body clothes,294,89,182,93,420,126
3600,img/img_00021744.jpg,upper-body clothes,248,106,160,54,372,124
3601,img/img_00021748.jpg,upper-body clothes,169,67,119,52,242,73
3602,img/img_00021749.jpg,upper-body clothes,147,145,145,0,147,0
3603,img/img_00021750.jpg,upper-body clothes,173,102,135,33,236,63
3604,img/img_00021753.jpg,upper-body clothes,172,100,201,101,231,59
3605,img/img_00021757.jpg,upper-body clothes,150,149,149,0,150,0
3606,img/img_00021765.jpg,upper-body clothes,155,114,159,45,216,61
3607,img/img_00021768.jpg,upper-body clothes,218,132,220,88,349,131
3608,img/img_00021773.jpg,lower-body clothes,28,161,202,41,193,165
3609,img/img_00021777.jpg,lower-body clothes,121,48,140,92,276,155
3610,img/img_00021778.jpg,lower-body clothes,331,143,268,125,381,50
3611,img/img_00021787.jpg,lower-body clothes,156,131,131,0,156,0
3612,img/img_00021792.jpg,upper-body clothes,129,109,109,0,129,0
3613,img/img_00021794.jpg,upper-body clothes,106,135,174,39,171,65
3614,img/img_00021814.jpg,full-body clothes,143,94,139,45,229,86
3615,img/img_00021833.jpg,lower-body clothes,229,60,211,151,434,205
3616,img/img_00021834.jpg,lower-body clothes,272,132,238,106,471,199
3617,img/img_00021839.jpg,lower-body clothes,248,203,203,0,248,0
3618,img/img_00021840.jpg,lower-body clothes,67,20,38,18,72,5
3619,img/img_00021844.jpg,full-body clothes,367,154,238,84,481,114
3620,img/img_00021848.jpg,full-body clothes,343,90,257,167,483,140
3621,img/img_00021853.jpg,full-body clothes,161,336,336,0,161,0
3622,img/img_00021875.jpg,upper-body clothes,173,95,224,129,387,214
3623,img/img_00021879.jpg,upper-body clothes,504,201,201,0,504,0
3624,img/img_00021880.jpg,lower-body clothes,88,110,272,162,230,142
3625,img/img_00021884.jpg,lower-body clothes,422,245,396,151,444,22
3626,img/img_00021891.jpg,lower-body clothes,467,113,164,51,491,24
3627,img/img_00021892.jpg,lower-body clothes,396,125,276,151,450,54
3628,img/img_00021894.jpg,lower-body clothes,423,175,230,55,473,50
3629,img/img_00021895.jpg,lower-body clothes,286,81,214,133,485,199
3630,img/img_00021898.jpg,lower-body clothes,436,138,235,97,455,19
3631,img/img_00021909.jpg,lower-body clothes,100,59,159,100,182,82
3632,img/img_00021915.jpg,lower-body clothes,170,323,335,12,267,97
3633,img/img_00021918.jpg,lower-body clothes,42,163,253,90,375,333
3634,img/img_00021920.jpg,lower-body clothes,66,172,205,33,142,76
3635,img/img_00021925.jpg,upper-body clothes,487,457,457,0,487,0
3636,img/img_00021938.jpg,upper-body clothes,105,111,199,88,219,114
3637,img/img_00021947.jpg,upper-body clothes,132,141,141,0,132,0
3638,img/img_00021948.jpg,upper-body clothes,149,79,189,110,243,94
3639,img/img_00021950.jpg,upper-body clothes,141,77,204,127,267,126
3640,img/img_00021953.jpg,upper-body clothes,147,98,185,87,275,128
3641,img/img_00021954.jpg,upper-body clothes,326,117,238,121,460,134
3642,img/img_00021958.jpg,upper-body clothes,380,320,320,0,380,0
3643,img/img_00021959.jpg,upper-body clothes,108,90,147,57,194,86
3644,img/img_00021961.jpg,upper-body clothes,184,206,299,93,311,127
3645,img/img_00022003.jpg,lower-body clothes,219,117,212,95,251,32
3646,img/img_00022017.jpg,full-body clothes,404,97,294,197,492,88
3647,img/img_00022019.jpg,full-body clothes,367,92,248,156,458,91
3648,img/img_00022020.jpg,full-body clothes,227,75,182,107,269,42
3649,img/img_00022021.jpg,full-body clothes,260,359,359,0,260,0
3650,img/img_00022022.jpg,full-body clothes,184,50,87,37,227,43
3651,img/img_00022032.jpg,lower-body clothes,304,282,345,63,318,14
3652,img/img_00022043.jpg,upper-body clothes,295,430,430,0,295,0
3653,img/img_00022051.jpg,upper-body clothes,157,76,236,160,239,82
3654,img/img_00022056.jpg,upper-body clothes,153,114,129,15,252,99
3655,img/img_00022062.jpg,lower-body clothes,154,57,149,92,309,155
3656,img/img_00022065.jpg,lower-body clothes,195,69,132,63,251,56
3657,img/img_00022069.jpg,lower-body clothes,330,132,223,91,345,15
3658,img/img_00022070.jpg,lower-body clothes,456,89,300,211,469,13
3659,img/img_00022079.jpg,upper-body clothes,121,200,200,0,121,0
3660,img/img_00022080.jpg,upper-body clothes,122,88,170,82,193,71
3661,img/img_00022087.jpg,full-body clothes,205,98,196,98,286,81
3662,img/img_00022092.jpg,full-body clothes,183,122,220,98,280,97
3663,img/img_00022097.jpg,upper-body clothes,120,82,158,76,182,62
3664,img/img_00022098.jpg,upper-body clothes,283,187,269,82,387,104
3665,img/img_00022104.jpg,upper-body clothes,507,287,287,0,507,0
3666,img/img_00022105.jpg,upper-body clothes,167,75,151,76,255,88
3667,img/img_00022123.jpg,upper-body clothes,169,41,196,155,281,112
3668,img/img_00022126.jpg,upper-body clothes,208,118,251,133,350,142
3669,img/img_00022130.jpg,upper-body clothes,187,116,116,0,187,0
3670,img/img_00022139.jpg,upper-body clothes,301,193,287,94,373,72
3671,img/img_00022145.jpg,upper-body clothes,80,85,201,116,112,32
3672,img/img_00022146.jpg,upper-body clothes,503,192,192,0,503,0
3673,img/img_00022154.jpg,lower-body clothes,105,165,243,78,426,321
3674,img/img_00022159.jpg,lower-body clothes,142,22,166,144,423,281
3675,img/img_00022164.jpg,upper-body clothes,163,132,211,79,255,92
3676,img/img_00022173.jpg,upper-body clothes,145,202,202,0,145,0
3677,img/img_00022176.jpg,upper-body clothes,425,346,346,0,425,0
3678,img/img_00022180.jpg,upper-body clothes,145,88,141,53,163,18
3679,img/img_00022183.jpg,upper-body clothes,274,232,386,154,445,171
3680,img/img_00022187.jpg,upper-body clothes,321,291,291,0,321,0
3681,img/img_00022189.jpg,upper-body clothes,252,221,290,69,409,157
3682,img/img_00022197.jpg,upper-body clothes,158,108,170,62,281,123
3683,img/img_00022200.jpg,upper-body clothes,81,145,145,0,81,0
3684,img/img_00022205.jpg,upper-body clothes,130,82,165,83,263,133
3685,img/img_00022210.jpg,upper-body clothes,226,110,205,95,352,126
3686,img/img_00022219.jpg,upper-body clothes,380,140,140,0,380,0
3687,img/img_00022221.jpg,upper-body clothes,129,100,309,209,245,116
3688,img/img_00022227.jpg,upper-body clothes,178,91,224,133,295,117
3689,img/img_00022228.jpg,upper-body clothes,154,85,205,120,310,156
3690,img/img_00022242.jpg,upper-body clothes,140,110,180,70,224,84
3691,img/img_00022252.jpg,upper-body clothes,288,196,282,86,411,123
3692,img/img_00022256.jpg,upper-body clothes,176,86,86,0,176,0
3693,img/img_00022268.jpg,upper-body clothes,148,91,150,59,295,147
3694,img/img_00022277.jpg,upper-body clothes,136,102,178,76,255,119
3695,img/img_00022278.jpg,upper-body clothes,82,99,151,52,182,100
3696,img/img_00022280.jpg,upper-body clothes,208,45,303,258,401,193
3697,img/img_00022282.jpg,upper-body clothes,241,186,237,51,476,235
3698,img/img_00022284.jpg,upper-body clothes,192,209,251,42,357,165
3699,img/img_00022285.jpg,upper-body clothes,130,135,168,33,212,82
3700,img/img_00022299.jpg,lower-body clothes,178,228,390,162,364,186
3701,img/img_00022306.jpg,lower-body clothes,262,184,273,89,337,75
3702,img/img_00022309.jpg,upper-body clothes,482,199,199,0,482,0
3703,img/img_00022314.jpg,upper-body clothes,371,250,298,48,437,66
3704,img/img_00022315.jpg,upper-body clothes,371,353,353,0,371,0
3705,img/img_00022318.jpg,upper-body clothes,249,260,388,128,306,57
3706,img/img_00022320.jpg,upper-body clothes,91,78,220,142,161,70
3707,img/img_00022324.jpg,upper-body clothes,277,206,206,0,277,0
3708,img/img_00022325.jpg,upper-body clothes,261,126,159,33,389,128
3709,img/img_00022329.jpg,upper-body clothes,128,91,157,66,223,95
3710,img/img_00022333.jpg,lower-body clothes,104,118,214,96,352,248
3711,img/img_00022349.jpg,lower-body clothes,39,55,150,95,192,153
3712,img/img_00022357.jpg,lower-body clothes,329,154,293,139,447,118
3713,img/img_00022360.jpg,lower-body clothes,41,52,272,220,187,146
3714,img/img_00022376.jpg,upper-body clothes,501,218,218,0,501,0
3715,img/img_00022378.jpg,full-body clothes,195,63,96,33,235,40
3716,img/img_00022383.jpg,full-body clothes,184,42,124,82,229,45
3717,img/img_00022402.jpg,lower-body clothes,43,97,117,20,242,199
3718,img/img_00022403.jpg,lower-body clothes,68,101,209,108,279,211
3719,img/img_00022405.jpg,lower-body clothes,74,94,228,134,277,203
3720,img/img_00022423.jpg,full-body clothes,178,33,126,93,188,10
3721,img/img_00022430.jpg,full-body clothes,363,52,177,125,433,70
3722,img/img_00022431.jpg,full-body clothes,372,102,241,139,460,88
3723,img/img_00022444.jpg,full-body clothes,291,167,270,103,469,178
3724,img/img_00022449.jpg,lower-body clothes,356,440,463,23,367,11
3725,img/img_00022455.jpg,full-body clothes,272,183,317,134,293,21
3726,img/img_00022457.jpg,full-body clothes,180,96,193,97,288,108
3727,img/img_00022475.jpg,full-body clothes,116,65,212,147,233,117
3728,img/img_00022479.jpg,full-body clothes,164,67,209,142,354,190
3729,img/img_00022490.jpg,full-body clothes,303,359,359,0,303,0
3730,img/img_00022494.jpg,lower-body clothes,334,303,319,16,453,119
3731,img/img_00022501.jpg,full-body clothes,390,234,315,81,445,55
3732,img/img_00022519.jpg,lower-body clothes,459,260,260,0,459,0
3733,img/img_00022523.jpg,lower-body clothes,339,268,309,41,491,152
3734,img/img_00022527.jpg,lower-body clothes,491,220,282,62,508,17
3735,img/img_00022536.jpg,lower-body clothes,319,251,251,0,319,0
3736,img/img_00022549.jpg,lower-body clothes,227,74,276,202,427,200
3737,img/img_00022552.jpg,lower-body clothes,103,97,253,156,268,165
3738,img/img_00022556.jpg,lower-body clothes,320,279,362,83,349,29
3739,img/img_00022580.jpg,full-body clothes,152,66,264,198,363,211
3740,img/img_00022582.jpg,full-body clothes,153,78,196,118,414,261
3741,img/img_00022583.jpg,full-body clothes,416,239,309,70,467,51
3742,img/img_00022586.jpg,full-body clothes,246,307,307,0,246,0
3743,img/img_00022595.jpg,full-body clothes,396,278,278,0,396,0
3744,img/img_00022598.jpg,full-body clothes,377,258,258,0,377,0
3745,img/img_00022604.jpg,full-body clothes,107,62,301,239,238,131
3746,img/img_00022609.jpg,full-body clothes,345,299,344,45,448,103
3747,img/img_00022620.jpg,full-body clothes,336,211,239,28,433,97
3748,img/img_00022622.jpg,full-body clothes,391,233,264,31,425,34
3749,img/img_00022626.jpg,full-body clothes,461,326,348,22,482,21
3750,img/img_00022631.jpg,full-body clothes,395,188,188,0,395,0
3751,img/img_00022637.jpg,lower-body clothes,272,97,202,105,393,121
3752,img/img_00022642.jpg,lower-body clothes,141,55,241,186,215,74
3753,img/img_00022646.jpg,full-body clothes,425,373,373,0,425,0
3754,img/img_00022659.jpg,full-body clothes,471,362,362,0,471,0
3755,img/img_00022667.jpg,lower-body clothes,209,356,461,105,432,223
3756,img/img_00022677.jpg,full-body clothes,483,179,231,52,487,4
3757,img/img_00022694.jpg,full-body clothes,275,221,221,0,275,0
3758,img/img_00022697.jpg,full-body clothes,315,212,256,44,434,119
3759,img/img_00022700.jpg,full-body clothes,167,107,205,98,244,77
3760,img/img_00022706.jpg,full-body clothes,337,206,206,0,337,0
3761,img/img_00022712.jpg,full-body clothes,465,321,321,0,465,0
3762,img/img_00022714.jpg,full-body clothes,373,252,299,47,402,29
3763,img/img_00022720.jpg,full-body clothes,508,372,372,0,508,0
3764,img/img_00022722.jpg,full-body clothes,432,340,354,14,458,26
3765,img/img_00022723.jpg,full-body clothes,148,76,160,84,397,249
3766,img/img_00022724.jpg,full-body clothes,500,372,372,0,500,0
3767,img/img_00022730.jpg,full-body clothes,259,225,232,7,336,77
3768,img/img_00022744.jpg,full-body clothes,486,343,343,0,486,0
3769,img/img_00022752.jpg,full-body clothes,208,145,231,86,368,160
3770,img/img_00022754.jpg,full-body clothes,183,99,249,150,351,168
3771,img/img_00022756.jpg,full-body clothes,411,352,352,0,411,0
3772,img/img_00022764.jpg,full-body clothes,502,412,412,0,502,0
3773,img/img_00022780.jpg,full-body clothes,281,210,258,48,298,17
3774,img/img_00022781.jpg,full-body clothes,182,106,266,160,325,143
3775,img/img_00022782.jpg,full-body clothes,195,105,181,76,317,122
3776,img/img_00022798.jpg,full-body clothes,235,128,128,0,235,0
3777,img/img_00022799.jpg,full-body clothes,256,170,170,0,256,0
3778,img/img_00022829.jpg,full-body clothes,300,120,257,137,421,121
3779,img/img_00022843.jpg,full-body clothes,207,220,220,0,207,0
3780,img/img_00022847.jpg,full-body clothes,364,184,380,196,504,140
3781,img/img_00022851.jpg,full-body clothes,218,140,258,118,381,163
3782,img/img_00022854.jpg,full-body clothes,254,286,286,0,254,0
3783,img/img_00022861.jpg,full-body clothes,449,312,312,0,449,0
3784,img/img_00022868.jpg,full-body clothes,433,223,223,0,433,0
3785,img/img_00022874.jpg,full-body clothes,210,78,196,118,351,141
3786,img/img_00022879.jpg,lower-body clothes,117,142,246,104,215,98
3787,img/img_00022881.jpg,lower-body clothes,110,89,237,148,269,159
3788,img/img_00022886.jpg,upper-body clothes,481,263,304,41,484,3
3789,img/img_00022893.jpg,full-body clothes,138,104,266,162,349,211
3790,img/img_00022896.jpg,full-body clothes,209,126,171,45,351,142
3791,img/img_00022902.jpg,full-body clothes,490,349,349,0,490,0
3792,img/img_00022905.jpg,full-body clothes,247,252,252,0,247,0
3793,img/img_00022907.jpg,full-body clothes,443,283,283,0,443,0
3794,img/img_00022909.jpg,full-body clothes,503,379,379,0,503,0
3795,img/img_00022915.jpg,full-body clothes,431,360,360,0,431,0
3796,img/img_00022917.jpg,full-body clothes,456,349,349,0,456,0
3797,img/img_00022921.jpg,full-body clothes,432,208,273,65,467,35
3798,img/img_00022923.jpg,full-body clothes,176,91,244,153,342,166
3799,img/img_00022931.jpg,full-body clothes,151,64,234,170,351,200
3800,img/img_00022947.jpg,full-body clothes,204,91,169,78,292,88
3801,img/img_00022957.jpg,full-body clothes,184,274,274,0,184,0
3802,img/img_00022961.jpg,full-body clothes,234,328,328,0,234,0
3803,img/img_00022962.jpg,full-body clothes,254,220,220,0,254,0
3804,img/img_00022967.jpg,full-body clothes,328,139,248,109,417,89
3805,img/img_00022973.jpg,lower-body clothes,408,231,305,74,462,54
3806,img/img_00022982.jpg,full-body clothes,69,76,76,0,69,0
3807,img/img_00022984.jpg,full-body clothes,450,281,281,0,450,0
3808,img/img_00022986.jpg,full-body clothes,355,259,259,0,355,0
3809,img/img_00022995.jpg,full-body clothes,467,286,332,46,477,10
3810,img/img_00023000.jpg,full-body clothes,220,291,291,0,220,0
3811,img/img_00023005.jpg,full-body clothes,506,363,363,0,506,0
3812,img/img_00023011.jpg,full-body clothes,365,166,319,153,378,13
3813,img/img_00023012.jpg,full-body clothes,262,91,223,132,399,137
3814,img/img_00023014.jpg,full-body clothes,387,351,351,0,387,0
3815,img/img_00023017.jpg,full-body clothes,314,162,175,13,398,84
3816,img/img_00023020.jpg,full-body clothes,373,300,323,23,430,57
3817,img/img_00023025.jpg,full-body clothes,222,298,298,0,222,0
3818,img/img_00023028.jpg,full-body clothes,222,140,283,143,302,80
3819,img/img_00023033.jpg,full-body clothes,317,259,259,0,317,0
3820,img/img_00023034.jpg,full-body clothes,417,344,344,0,417,0
3821,img/img_00023046.jpg,full-body clothes,478,122,228,106,495,17
3822,img/img_00023053.jpg,full-body clothes,345,274,301,27,411,66
3823,img/img_00023079.jpg,full-body clothes,196,73,162,89,440,244
3824,img/img_00023080.jpg,full-body clothes,318,323,323,0,318,0
3825,img/img_00023103.jpg,full-body clothes,413,219,287,68,489,76
3826,img/img_00023104.jpg,full-body clothes,293,340,340,0,293,0
3827,img/img_00023108.jpg,full-body clothes,383,283,345,62,385,2
3828,img/img_00023117.jpg,upper-body clothes,297,339,364,25,332,35
3829,img/img_00023120.jpg,full-body clothes,396,323,323,0,396,0
3830,img/img_00023126.jpg,full-body clothes,388,151,225,74,404,16
3831,img/img_00023149.jpg,full-body clothes,260,161,281,120,396,136
3832,img/img_00023151.jpg,full-body clothes,280,62,225,163,335,55
3833,img/img_00023152.jpg,full-body clothes,305,153,263,110,336,31
3834,img/img_00023161.jpg,full-body clothes,462,275,275,0,462,0
3835,img/img_00023166.jpg,full-body clothes,232,121,231,110,393,161
3836,img/img_00023171.jpg,full-body clothes,430,274,286,12,502,72
3837,img/img_00023172.jpg,full-body clothes,200,99,225,126,311,111
3838,img/img_00023173.jpg,full-body clothes,292,304,304,0,292,0
3839,img/img_00023180.jpg,full-body clothes,370,308,308,0,370,0
3840,img/img_00023187.jpg,full-body clothes,120,63,138,75,338,218
3841,img/img_00023188.jpg,full-body clothes,214,166,274,108,239,25
3842,img/img_00023190.jpg,full-body clothes,296,269,269,0,296,0
3843,img/img_00023191.jpg,full-body clothes,210,130,183,53,355,145
3844,img/img_00023192.jpg,full-body clothes,464,326,336,10,472,8
3845,img/img_00023195.jpg,full-body clothes,273,218,249,31,438,165
3846,img/img_00023203.jpg,full-body clothes,403,263,263,0,403,0
3847,img/img_00023207.jpg,full-body clothes,118,63,228,165,234,116
3848,img/img_00023210.jpg,full-body clothes,477,378,378,0,477,0
3849,img/img_00023216.jpg,full-body clothes,176,269,269,0,176,0
3850,img/img_00023222.jpg,full-body clothes,212,295,295,0,212,0
3851,img/img_00023226.jpg,full-body clothes,367,352,352,0,367,0
3852,img/img_00023234.jpg,full-body clothes,265,192,245,53,381,116
3853,img/img_00023235.jpg,full-body clothes,110,68,226,158,302,192
3854,img/img_00023255.jpg,full-body clothes,99,141,208,67,280,181
3855,img/img_00023257.jpg,full-body clothes,428,285,315,30,470,42
3856,img/img_00023258.jpg,full-body clothes,245,163,223,60,321,76
3857,img/img_00023262.jpg,full-body clothes,296,185,285,100,324,28
3858,img/img_00023268.jpg,full-body clothes,179,94,150,56,301,122
3859,img/img_00023279.jpg,full-body clothes,322,303,303,0,322,0
3860,img/img_00023295.jpg,full-body clothes,300,284,331,47,380,80
3861,img/img_00023306.jpg,upper-body clothes,145,80,160,80,210,65
3862,img/img_00023307.jpg,upper-body clothes,168,249,249,0,168,0
3863,img/img_00023308.jpg,upper-body clothes,350,177,227,50,365,15
3864,img/img_00023310.jpg,full-body clothes,391,371,371,0,391,0
3865,img/img_00023316.jpg,full-body clothes,198,265,265,0,198,0
3866,img/img_00023322.jpg,full-body clothes,424,227,306,79,471,47
3867,img/img_00023346.jpg,full-body clothes,235,108,160,52,369,134
3868,img/img_00023358.jpg,full-body clothes,390,246,256,10,498,108
3869,img/img_00023361.jpg,full-body clothes,94,72,201,129,289,195
3870,img/img_00023370.jpg,full-body clothes,432,370,370,0,432,0
3871,img/img_00023372.jpg,full-body clothes,284,334,334,0,284,0
3872,img/img_00023389.jpg,full-body clothes,248,152,267,115,253,5
3873,img/img_00023391.jpg,full-body clothes,187,132,217,85,285,98
3874,img/img_00023401.jpg,full-body clothes,499,289,289,0,499,0
3875,img/img_00023415.jpg,full-body clothes,141,57,230,173,319,178
3876,img/img_00023423.jpg,full-body clothes,454,293,293,0,454,0
3877,img/img_00023432.jpg,full-body clothes,327,230,289,59,360,33
3878,img/img_00023433.jpg,full-body clothes,482,253,293,40,488,6
3879,img/img_00023434.jpg,full-body clothes,331,253,284,31,473,142
3880,img/img_00023442.jpg,full-body clothes,180,90,221,131,238,58
3881,img/img_00023445.jpg,full-body clothes,228,131,253,122,321,93
3882,img/img_00023455.jpg,full-body clothes,428,119,230,111,496,68
3883,img/img_00023462.jpg,full-body clothes,302,262,262,0,302,0
3884,img/img_00023467.jpg,full-body clothes,230,172,274,102,336,106
3885,img/img_00023475.jpg,upper-body clothes,449,280,280,0,449,0
3886,img/img_00023481.jpg,full-body clothes,142,99,241,142,321,179
3887,img/img_00023482.jpg,full-body clothes,170,104,207,103,280,110
3888,img/img_00023483.jpg,full-body clothes,77,74,244,170,295,218
3889,img/img_00023484.jpg,full-body clothes,257,133,272,139,373,116
3890,img/img_00023490.jpg,full-body clothes,164,102,238,136,269,105
3891,img/img_00023497.jpg,full-body clothes,376,298,328,30,425,49
3892,img/img_00023499.jpg,full-body clothes,456,318,321,3,492,36
3893,img/img_00023500.jpg,full-body clothes,214,304,304,0,214,0
3894,img/img_00023517.jpg,full-body clothes,306,138,209,71,424,118
3895,img/img_00023519.jpg,full-body clothes,478,300,370,70,494,16
3896,img/img_00023520.jpg,full-body clothes,300,138,254,116,438,138
3897,img/img_00023522.jpg,full-body clothes,163,74,218,144,308,145
3898,img/img_00023526.jpg,full-body clothes,389,236,286,50,459,70
3899,img/img_00023528.jpg,full-body clothes,369,313,327,14,398,29
3900,img/img_00023530.jpg,full-body clothes,237,145,242,97,263,26
3901,img/img_00023558.jpg,full-body clothes,115,49,204,155,286,171
3902,img/img_00023569.jpg,lower-body clothes,157,61,221,160,355,198
3903,img/img_00023571.jpg,lower-body clothes,472,165,266,101,508,36
3904,img/img_00023579.jpg,full-body clothes,224,28,214,186,275,51
3905,img/img_00023582.jpg,full-body clothes,475,375,375,0,475,0
3906,img/img_00023591.jpg,lower-body clothes,153,58,238,180,244,91
3907,img/img_00023593.jpg,lower-body clothes,246,212,282,70,327,81
3908,img/img_00023607.jpg,lower-body clothes,408,230,285,55,433,25
3909,img/img_00023617.jpg,lower-body clothes,165,101,273,172,442,277
3910,img/img_00023618.jpg,lower-body clothes,130,70,230,160,185,55
3911,img/img_00023626.jpg,full-body clothes,359,222,263,41,388,29
3912,img/img_00023633.jpg,full-body clothes,307,164,280,116,416,109
3913,img/img_00023642.jpg,full-body clothes,346,164,266,102,350,4
3914,img/img_00023647.jpg,full-body clothes,222,72,189,117,249,27
3915,img/img_00023648.jpg,full-body clothes,294,174,285,111,299,5
3916,img/img_00023660.jpg,full-body clothes,117,80,156,76,259,142
3917,img/img_00023669.jpg,full-body clothes,147,117,228,111,323,176
3918,img/img_00023673.jpg,full-body clothes,339,137,259,122,498,159
3919,img/img_00023675.jpg,full-body clothes,167,266,266,0,167,0
3920,img/img_00023679.jpg,full-body clothes,284,145,271,126,300,16
3921,img/img_00023705.jpg,full-body clothes,466,329,340,11,476,10
3922,img/img_00023708.jpg,full-body clothes,396,282,282,0,396,0
3923,img/img_00023717.jpg,lower-body clothes,386,360,360,0,386,0
3924,img/img_00023727.jpg,full-body clothes,276,101,177,76,493,217
3925,img/img_00023738.jpg,full-body clothes,329,122,251,129,409,80
3926,img/img_00023747.jpg,full-body clothes,509,324,324,0,509,0
3927,img/img_00023748.jpg,full-body clothes,443,288,288,0,443,0
3928,img/img_00023750.jpg,lower-body clothes,104,28,201,173,199,95
3929,img/img_00023753.jpg,lower-body clothes,150,117,192,75,295,145
3930,img/img_00023754.jpg,full-body clothes,459,330,333,3,475,16
3931,img/img_00023756.jpg,full-body clothes,490,257,257,0,490,0
3932,img/img_00023765.jpg,lower-body clothes,123,76,210,134,339,216
3933,img/img_00023769.jpg,lower-body clothes,194,240,240,0,194,0
3934,img/img_00023770.jpg,lower-body clothes,91,95,210,115,293,202
3935,img/img_00023772.jpg,lower-body clothes,92,94,151,57,303,211
3936,img/img_00023775.jpg,full-body clothes,248,138,261,123,279,31
3937,img/img_00023776.jpg,full-body clothes,455,267,267,0,455,0
3938,img/img_00023785.jpg,full-body clothes,368,337,337,0,368,0
3939,img/img_00023791.jpg,full-body clothes,493,372,372,0,493,0
3940,img/img_00023792.jpg,full-body clothes,316,145,239,94,326,10
3941,img/img_00023810.jpg,lower-body clothes,373,388,388,0,373,0
3942,img/img_00023812.jpg,lower-body clothes,58,343,343,0,58,0
3943,img/img_00023815.jpg,lower-body clothes,115,98,162,64,351,236
3944,img/img_00023818.jpg,full-body clothes,371,279,279,0,371,0
3945,img/img_00023831.jpg,full-body clothes,428,222,317,95,467,39
3946,img/img_00023832.jpg,full-body clothes,495,321,321,0,495,0
3947,img/img_00023840.jpg,full-body clothes,447,234,234,0,447,0
3948,img/img_00023849.jpg,full-body clothes,196,95,253,158,379,183
3949,img/img_00023856.jpg,full-body clothes,475,253,253,0,475,0
3950,img/img_00023859.jpg,full-body clothes,449,335,335,0,449,0
3951,img/img_00023873.jpg,full-body clothes,261,244,244,0,261,0
3952,img/img_00023874.jpg,full-body clothes,302,130,249,119,304,2
3953,img/img_00023887.jpg,full-body clothes,227,106,248,142,341,114
3954,img/img_00023889.jpg,full-body clothes,406,183,288,105,503,97
3955,img/img_00023900.jpg,full-body clothes,506,341,341,0,506,0
3956,img/img_00023904.jpg,full-body clothes,268,99,210,111,408,140
3957,img/img_00023907.jpg,full-body clothes,466,232,232,0,466,0
3958,img/img_00023908.jpg,full-body clothes,511,250,250,0,511,0
3959,img/img_00023909.jpg,full-body clothes,316,129,168,39,325,9
3960,img/img_00023916.jpg,full-body clothes,482,240,309,69,502,20
3961,img/img_00023932.jpg,lower-body clothes,176,103,122,19,414,238
3962,img/img_00023933.jpg,lower-body clothes,140,61,154,93,286,146
3963,img/img_00023935.jpg,lower-body clothes,334,245,317,72,431,97
3964,img/img_00023939.jpg,lower-body clothes,340,188,266,78,445,105
3965,img/img_00023940.jpg,full-body clothes,328,282,282,0,328,0
3966,img/img_00023944.jpg,full-body clothes,333,298,298,0,333,0
3967,img/img_00023948.jpg,full-body clothes,479,312,368,56,507,28
3968,img/img_00023957.jpg,full-body clothes,458,300,363,63,477,19
3969,img/img_00023961.jpg,full-body clothes,316,215,299,84,463,147
3970,img/img_00023968.jpg,full-body clothes,311,317,317,0,311,0
3971,img/img_00023969.jpg,full-body clothes,242,303,303,0,242,0
3972,img/img_00023985.jpg,lower-body clothes,207,122,236,114,250,43
3973,img/img_00023987.jpg,full-body clothes,376,172,258,86,401,25
3974,img/img_00024011.jpg,lower-body clothes,172,64,248,184,336,164
3975,img/img_00024015.jpg,full-body clothes,353,158,257,99,476,123
3976,img/img_00024025.jpg,lower-body clothes,414,251,251,0,414,0
3977,img/img_00024028.jpg,lower-body clothes,314,168,255,87,456,142
3978,img/img_00024032.jpg,full-body clothes,386,235,306,71,485,99
3979,img/img_00024033.jpg,full-body clothes,464,282,282,0,464,0
3980,img/img_00024034.jpg,full-body clothes,421,381,381,0,421,0
3981,img/img_00024037.jpg,full-body clothes,303,214,249,35,358,55
3982,img/img_00024039.jpg,full-body clothes,225,160,285,125,233,8
3983,img/img_00024040.jpg,full-body clothes,279,334,356,22,419,140
3984,img/img_00024044.jpg,full-body clothes,441,279,279,0,441,0
3985,img/img_00024045.jpg,full-body clothes,330,191,328,137,489,159
3986,img/img_00024048.jpg,lower-body clothes,82,97,226,129,305,223
3987,img/img_00024053.jpg,lower-body clothes,106,88,259,171,313,207
3988,img/img_00024054.jpg,lower-body clothes,117,106,187,81,284,167
3989,img/img_00024055.jpg,lower-body clothes,99,121,282,161,207,108
3990,img/img_00024057.jpg,lower-body clothes,69,353,353,0,69,0
3991,img/img_00024066.jpg,full-body clothes,284,301,301,0,284,0
3992,img/img_00024069.jpg,full-body clothes,212,138,256,118,402,190
3993,img/img_00024070.jpg,full-body clothes,249,115,260,145,398,149
3994,img/img_00024071.jpg,full-body clothes,428,66,233,167,506,78
3995,img/img_00024084.jpg,full-body clothes,403,383,383,0,403,0
3996,img/img_00024090.jpg,lower-body clothes,335,90,209,119,414,79
3997,img/img_00024096.jpg,full-body clothes,511,317,317,0,511,0
3998,img/img_00024100.jpg,lower-body clothes,332,258,259,1,450,118
3999,img/img_00024102.jpg,lower-body clothes,308,268,346,78,441,133
4000,img/img_00024105.jpg,lower-body clothes,10,407,407,0,10,0
4001,img/img_00024114.jpg,lower-body clothes,325,236,293,57,425,100
4002,img/img_00024121.jpg,lower-body clothes,167,183,281,98,448,281
4003,img/img_00024122.jpg,lower-body clothes,189,169,200,31,430,241
4004,img/img_00024125.jpg,lower-body clothes,412,355,376,21,467,55
4005,img/img_00024133.jpg,lower-body clothes,243,327,327,0,243,0
4006,img/img_00024146.jpg,lower-body clothes,504,367,367,0,504,0
4007,img/img_00024178.jpg,full-body clothes,292,123,235,112,397,105
4008,img/img_00024183.jpg,lower-body clothes,146,85,250,165,311,165
4009,img/img_00024190.jpg,lower-body clothes,24,312,312,0,24,0
4010,img/img_00024194.jpg,lower-body clothes,400,227,279,52,468,68
4011,img/img_00024197.jpg,full-body clothes,341,254,262,8,343,2
4012,img/img_00024198.jpg,full-body clothes,136,73,221,148,200,64
4013,img/img_00024208.jpg,lower-body clothes,161,125,284,159,179,18
4014,img/img_00024212.jpg,lower-body clothes,278,246,393,147,455,177
4015,img/img_00024213.jpg,lower-body clothes,173,140,210,70,357,184
4016,img/img_00024215.jpg,lower-body clothes,35,27,58,31,62,27
4017,img/img_00024225.jpg,lower-body clothes,326,309,325,16,459,133
4018,img/img_00024234.jpg,lower-body clothes,504,362,362,0,504,0
4019,img/img_00024236.jpg,lower-body clothes,323,299,310,11,401,78
4020,img/img_00024240.jpg,lower-body clothes,406,290,290,0,406,0
4021,img/img_00024245.jpg,lower-body clothes,239,286,385,99,273,34
4022,img/img_00024246.jpg,lower-body clothes,199,208,292,84,295,96
4023,img/img_00024247.jpg,lower-body clothes,99,143,250,107,157,58
4024,img/img_00024248.jpg,lower-body clothes,80,297,297,0,80,0
4025,img/img_00024249.jpg,lower-body clothes,254,311,322,11,367,113
4026,img/img_00024250.jpg,lower-body clothes,382,305,305,0,382,0
4027,img/img_00024253.jpg,lower-body clothes,92,89,218,129,324,232
4028,img/img_00024260.jpg,full-body clothes,182,132,222,90,334,152
4029,img/img_00024266.jpg,full-body clothes,336,259,269,10,365,29
4030,img/img_00024270.jpg,full-body clothes,362,356,373,17,454,92
4031,img/img_00024275.jpg,full-body clothes,196,156,249,93,483,287
4032,img/img_00024282.jpg,full-body clothes,395,320,320,0,395,0
4033,img/img_00024284.jpg,full-body clothes,298,372,372,0,298,0
4034,img/img_00024286.jpg,full-body clothes,170,88,207,119,349,179
4035,img/img_00024303.jpg,full-body clothes,388,194,306,112,414,26
4036,img/img_00024309.jpg,lower-body clothes,322,231,278,47,436,114
4037,img/img_00024313.jpg,lower-body clothes,297,292,351,59,460,163
4038,img/img_00024318.jpg,full-body clothes,381,244,269,25,441,60
4039,img/img_00024326.jpg,full-body clothes,196,127,269,142,324,128
4040,img/img_00024339.jpg,full-body clothes,376,170,254,84,476,100
4041,img/img_00024360.jpg,full-body clothes,467,294,294,0,467,0
4042,img/img_00024362.jpg,full-body clothes,476,300,300,0,476,0
4043,img/img_00024365.jpg,full-body clothes,287,242,266,24,422,135
4044,img/img_00024367.jpg,full-body clothes,464,237,237,0,464,0
4045,img/img_00024372.jpg,full-body clothes,288,128,269,141,456,168
4046,img/img_00024380.jpg,full-body clothes,334,283,283,0,334,0
4047,img/img_00024382.jpg,full-body clothes,493,253,338,85,499,6
4048,img/img_00024386.jpg,full-body clothes,314,184,295,111,347,33
4049,img/img_00024400.jpg,full-body clothes,212,91,194,103,306,94
4050,img/img_00024420.jpg,full-body clothes,274,108,299,191,402,128
4051,img/img_00024427.jpg,full-body clothes,318,156,214,58,436,118
4052,img/img_00024435.jpg,full-body clothes,227,111,238,127,406,179
4053,img/img_00024437.jpg,full-body clothes,221,86,151,65,310,89
4054,img/img_00024440.jpg,full-body clothes,221,164,270,106,280,59
4055,img/img_00024441.jpg,full-body clothes,278,151,282,131,381,103
4056,img/img_00024442.jpg,full-body clothes,354,297,297,0,354,0
4057,img/img_00024443.jpg,full-body clothes,485,346,346,0,485,0
4058,img/img_00024448.jpg,full-body clothes,209,137,231,94,341,132
4059,img/img_00024458.jpg,full-body clothes,481,274,274,0,481,0
4060,img/img_00024471.jpg,full-body clothes,291,155,256,101,314,23
4061,img/img_00024472.jpg,full-body clothes,203,65,194,129,330,127
4062,img/img_00024480.jpg,full-body clothes,193,117,239,122,296,103
4063,img/img_00024482.jpg,full-body clothes,288,142,233,91,472,184
4064,img/img_00024483.jpg,full-body clothes,298,269,269,0,298,0
4065,img/img_00024485.jpg,full-body clothes,248,126,248,122,312,64
4066,img/img_00024487.jpg,lower-body clothes,475,238,238,0,475,0
4067,img/img_00024497.jpg,lower-body clothes,457,294,340,46,465,8
4068,img/img_00024499.jpg,lower-body clothes,65,244,244,0,65,0
4069,img/img_00024500.jpg,lower-body clothes,344,204,305,101,395,51
4070,img/img_00024501.jpg,lower-body clothes,491,341,341,0,491,0
4071,img/img_00024518.jpg,full-body clothes,355,345,345,0,355,0
4072,img/img_00024525.jpg,full-body clothes,312,265,265,0,312,0
4073,img/img_00024531.jpg,full-body clothes,210,97,223,126,396,186
4074,img/img_00024535.jpg,full-body clothes,492,277,277,0,492,0
4075,img/img_00024536.jpg,full-body clothes,290,77,273,196,477,187
4076,img/img_00024540.jpg,full-body clothes,391,204,305,101,406,15
4077,img/img_00024554.jpg,full-body clothes,441,333,333,0,441,0
4078,img/img_00024555.jpg,full-body clothes,382,335,335,0,382,0
4079,img/img_00024562.jpg,full-body clothes,187,117,291,174,289,102
4080,img/img_00024575.jpg,full-body clothes,308,216,291,75,433,125
4081,img/img_00024584.jpg,full-body clothes,462,358,358,0,462,0
4082,img/img_00024586.jpg,full-body clothes,422,348,348,0,422,0
4083,img/img_00024587.jpg,full-body clothes,471,316,316,0,471,0
4084,img/img_00024593.jpg,full-body clothes,291,154,227,73,312,21
4085,img/img_00024599.jpg,full-body clothes,447,233,326,93,451,4
4086,img/img_00024605.jpg,full-body clothes,440,185,309,124,443,3
4087,img/img_00024606.jpg,full-body clothes,441,262,341,79,442,1
4088,img/img_00024607.jpg,full-body clothes,390,229,246,17,442,52
4089,img/img_00024610.jpg,full-body clothes,181,122,325,203,272,91
4090,img/img_00024617.jpg,full-body clothes,124,83,266,183,275,151
4091,img/img_00024624.jpg,full-body clothes,177,116,235,119,340,163
4092,img/img_00024625.jpg,full-body clothes,301,230,233,3,474,173
4093,img/img_00024632.jpg,lower-body clothes,370,207,261,54,382,12
4094,img/img_00024635.jpg,lower-body clothes,220,93,244,151,464,244
4095,img/img_00024648.jpg,full-body clothes,484,261,316,55,504,20
4096,img/img_00024662.jpg,lower-body clothes,220,146,212,66,399,179
4097,img/img_00024669.jpg,full-body clothes,338,215,255,40,460,122
4098,img/img_00024670.jpg,full-body clothes,440,256,314,58,475,35
4099,img/img_00024672.jpg,full-body clothes,228,143,258,115,303,75
4100,img/img_00024679.jpg,full-body clothes,425,258,295,37,477,52
4101,img/img_00024690.jpg,full-body clothes,273,132,251,119,407,134
4102,img/img_00024694.jpg,full-body clothes,377,259,259,0,377,0
4103,img/img_00024697.jpg,upper-body clothes,55,238,255,17,69,14
4104,img/img_00024711.jpg,full-body clothes,386,263,263,0,386,0
4105,img/img_00024713.jpg,full-body clothes,509,336,336,0,509,0
4106,img/img_00024721.jpg,full-body clothes,415,330,330,0,415,0
4107,img/img_00024725.jpg,full-body clothes,456,294,294,0,456,0
4108,img/img_00024728.jpg,full-body clothes,404,303,308,5,466,62
4109,img/img_00024730.jpg,full-body clothes,194,117,258,141,316,122
4110,img/img_00024733.jpg,full-body clothes,435,215,238,23,505,70
4111,img/img_00024746.jpg,full-body clothes,203,113,233,120,325,122
4112,img/img_00024750.jpg,full-body clothes,325,197,320,123,446,121
4113,img/img_00024753.jpg,full-body clothes,201,288,288,0,201,0
4114,img/img_00024765.jpg,full-body clothes,186,123,212,89,404,218
4115,img/img_00024773.jpg,full-body clothes,332,143,259,116,486,154
4116,img/img_00024783.jpg,full-body clothes,69,55,188,133,258,189
4117,img/img_00024794.jpg,full-body clothes,342,299,299,0,342,0
4118,img/img_00024796.jpg,full-body clothes,482,307,341,34,496,14
4119,img/img_00024798.jpg,full-body clothes,294,204,282,78,399,105
4120,img/img_00024809.jpg,full-body clothes,205,73,229,156,275,70
4121,img/img_00024824.jpg,full-body clothes,150,73,219,146,284,134
4122,img/img_00024825.jpg,full-body clothes,150,88,226,138,276,126
4123,img/img_00024832.jpg,lower-body clothes,73,67,207,140,300,227
4124,img/img_00024834.jpg,lower-body clothes,350,367,367,0,350,0
4125,img/img_00024836.jpg,lower-body clothes,63,58,189,131,340,277
4126,img/img_00024845.jpg,lower-body clothes,59,58,167,109,268,209
4127,img/img_00024848.jpg,full-body clothes,304,193,232,39,441,137
4128,img/img_00024850.jpg,full-body clothes,350,228,228,0,350,0
4129,img/img_00024852.jpg,full-body clothes,383,198,198,0,383,0
4130,img/img_00024855.jpg,full-body clothes,397,214,251,37,408,11
4131,img/img_00024856.jpg,full-body clothes,179,109,227,118,307,128
4132,img/img_00024858.jpg,full-body clothes,293,116,244,128,307,14
4133,img/img_00024872.jpg,full-body clothes,468,235,283,48,496,28
4134,img/img_00024881.jpg,full-body clothes,316,230,265,35,340,24
4135,img/img_00024887.jpg,full-body clothes,486,266,266,0,486,0
4136,img/img_00024888.jpg,full-body clothes,275,154,249,95,400,125
4137,img/img_00024899.jpg,full-body clothes,196,352,433,81,276,80
4138,img/img_00024901.jpg,full-body clothes,174,34,133,99,312,138
4139,img/img_00024904.jpg,full-body clothes,185,97,267,170,299,114
4140,img/img_00024910.jpg,full-body clothes,376,168,259,91,474,98
4141,img/img_00024918.jpg,full-body clothes,476,273,312,39,493,17
4142,img/img_00024927.jpg,full-body clothes,481,227,278,51,487,6
4143,img/img_00024932.jpg,full-body clothes,216,176,176,0,216,0
4144,img/img_00024934.jpg,full-body clothes,248,310,310,0,248,0
4145,img/img_00024942.jpg,full-body clothes,198,255,255,0,198,0
4146,img/img_00024955.jpg,full-body clothes,367,81,209,128,490,123
4147,img/img_00024976.jpg,lower-body clothes,156,53,209,156,358,202
4148,img/img_00024978.jpg,lower-body clothes,277,105,216,111,321,44
4149,img/img_00024984.jpg,lower-body clothes,105,31,191,160,338,233
4150,img/img_00024990.jpg,full-body clothes,271,147,249,102,372,101
4151,img/img_00024996.jpg,full-body clothes,480,227,227,0,480,0
4152,img/img_00025004.jpg,lower-body clothes,239,169,287,118,425,186
4153,img/img_00025013.jpg,lower-body clothes,275,218,276,58,440,165
4154,img/img_00025014.jpg,lower-body clothes,395,340,349,9,445,50
4155,img/img_00025024.jpg,lower-body clothes,440,262,262,0,440,0
4156,img/img_00025036.jpg,full-body clothes,198,87,212,125,337,139
4157,img/img_00025042.jpg,full-body clothes,326,251,251,0,326,0
4158,img/img_00025047.jpg,lower-body clothes,122,102,223,121,356,234
4159,img/img_00025048.jpg,lower-body clothes,459,293,293,0,459,0
4160,img/img_00025069.jpg,lower-body clothes,260,102,231,129,500,240
4161,img/img_00025071.jpg,lower-body clothes,269,33,162,129,398,129
4162,img/img_00025077.jpg,upper-body clothes,152,124,242,118,281,129
4163,img/img_00025080.jpg,upper-body clothes,296,246,287,41,434,138
4164,img/img_00025090.jpg,upper-body clothes,270,260,304,44,410,140
4165,img/img_00025092.jpg,upper-body clothes,292,343,347,4,366,74
4166,img/img_00025105.jpg,upper-body clothes,477,377,377,0,477,0
4167,img/img_00025108.jpg,upper-body clothes,492,344,344,0,492,0
4168,img/img_00025109.jpg,upper-body clothes,310,282,314,32,470,160
4169,img/img_00025116.jpg,full-body clothes,272,146,257,111,410,138
4170,img/img_00025118.jpg,full-body clothes,460,316,316,0,460,0
4171,img/img_00025128.jpg,lower-body clothes,206,174,299,125,477,271
4172,img/img_00025132.jpg,lower-body clothes,148,136,229,93,387,239
4173,img/img_00025143.jpg,lower-body clothes,295,337,354,17,344,49
4174,img/img_00025151.jpg,lower-body clothes,395,346,346,0,395,0
4175,img/img_00025154.jpg,upper-body clothes,228,181,272,91,406,178
4176,img/img_00025167.jpg,lower-body clothes,281,63,160,97,392,111
4177,img/img_00025170.jpg,lower-body clothes,120,44,198,154,337,217
4178,img/img_00025171.jpg,lower-body clothes,212,69,259,190,405,193
4179,img/img_00025176.jpg,full-body clothes,266,159,278,119,287,21
4180,img/img_00025188.jpg,full-body clothes,135,30,223,193,282,147
4181,img/img_00025199.jpg,full-body clothes,346,332,355,23,399,53
4182,img/img_00025200.jpg,full-body clothes,405,298,298,0,405,0
4183,img/img_00025208.jpg,full-body clothes,219,95,262,167,280,61
4184,img/img_00025212.jpg,full-body clothes,239,99,235,136,374,135
4185,img/img_00025214.jpg,full-body clothes,279,106,235,129,435,156
4186,img/img_00025240.jpg,full-body clothes,373,128,248,120,474,101
4187,img/img_00025241.jpg,full-body clothes,251,99,157,58,364,113
4188,img/img_00025254.jpg,full-body clothes,402,289,318,29,453,51
4189,img/img_00025255.jpg,full-body clothes,404,281,281,0,404,0
4190,img/img_00025262.jpg,full-body clothes,261,130,270,140,359,98
4191,img/img_00025272.jpg,full-body clothes,345,160,260,100,392,47
4192,img/img_00025273.jpg,full-body clothes,169,99,230,131,322,153
4193,img/img_00025275.jpg,full-body clothes,266,217,264,47,467,201
4194,img/img_00025282.jpg,full-body clothes,211,114,296,182,213,2
4195,img/img_00025284.jpg,full-body clothes,269,49,181,132,396,127
4196,img/img_00025295.jpg,full-body clothes,150,66,224,158,363,213
4197,img/img_00025308.jpg,full-body clothes,240,82,241,159,345,105
4198,img/img_00025312.jpg,lower-body clothes,132,87,157,70,398,266
4199,img/img_00025315.jpg,full-body clothes,189,117,255,138,326,137
4200,img/img_00025317.jpg,full-body clothes,355,195,268,73,450,95
4201,img/img_00025319.jpg,full-body clothes,397,208,208,0,397,0
4202,img/img_00025321.jpg,full-body clothes,398,130,222,92,430,32
4203,img/img_00025333.jpg,full-body clothes,301,268,268,0,301,0
4204,img/img_00025335.jpg,full-body clothes,294,331,331,0,294,0
4205,img/img_00025344.jpg,full-body clothes,140,258,258,0,140,0
4206,img/img_00025350.jpg,full-body clothes,310,93,209,116,494,184
4207,img/img_00025356.jpg,full-body clothes,366,188,259,71,451,85
4208,img/img_00025359.jpg,full-body clothes,332,119,266,147,340,8
4209,img/img_00025368.jpg,full-body clothes,209,95,253,158,463,254
4210,img/img_00025371.jpg,lower-body clothes,269,352,352,0,269,0
4211,img/img_00025378.jpg,upper-body clothes,362,306,323,17,411,49
4212,img/img_00025385.jpg,lower-body clothes,91,73,163,90,282,191
4213,img/img_00025398.jpg,upper-body clothes,290,340,340,0,290,0
4214,img/img_00025402.jpg,upper-body clothes,299,257,262,5,464,165
4215,img/img_00025405.jpg,upper-body clothes,262,209,246,37,306,44
4216,img/img_00025410.jpg,full-body clothes,316,270,270,0,316,0
4217,img/img_00025412.jpg,full-body clothes,394,165,264,99,450,56
4218,img/img_00025419.jpg,full-body clothes,260,376,376,0,260,0
4219,img/img_00025431.jpg,full-body clothes,189,79,209,130,308,119
4220,img/img_00025442.jpg,full-body clothes,454,322,322,0,454,0
4221,img/img_00025443.jpg,full-body clothes,486,304,304,0,486,0
4222,img/img_00025444.jpg,full-body clothes,171,78,261,183,281,110
4223,img/img_00025451.jpg,full-body clothes,321,246,246,0,321,0
4224,img/img_00025465.jpg,full-body clothes,344,188,188,0,344,0
4225,img/img_00025472.jpg,full-body clothes,166,87,218,131,278,112
4226,img/img_00025478.jpg,full-body clothes,428,99,264,165,433,5
4227,img/img_00025485.jpg,full-body clothes,480,239,239,0,480,0
4228,img/img_00025486.jpg,full-body clothes,271,248,362,114,426,155
4229,img/img_00025489.jpg,full-body clothes,374,235,235,0,374,0
4230,img/img_00025491.jpg,upper-body clothes,333,203,320,117,359,26
4231,img/img_00025496.jpg,upper-body clothes,132,103,233,130,263,131
4232,img/img_00025499.jpg,full-body clothes,210,134,204,70,433,223
4233,img/img_00025501.jpg,full-body clothes,171,82,259,177,425,254
4234,img/img_00025503.jpg,upper-body clothes,171,323,323,0,171,0
4235,img/img_00025507.jpg,full-body clothes,176,303,303,0,176,0
4236,img/img_00025516.jpg,full-body clothes,326,294,299,5,380,54
4237,img/img_00025521.jpg,full-body clothes,296,208,315,107,454,158
4238,img/img_00025523.jpg,full-body clothes,435,256,256,0,435,0
4239,img/img_00025534.jpg,full-body clothes,287,131,251,120,398,111
4240,img/img_00025538.jpg,full-body clothes,300,157,261,104,396,96
4241,img/img_00025544.jpg,full-body clothes,260,96,187,91,411,151
4242,img/img_00025546.jpg,full-body clothes,187,316,316,0,187,0
4243,img/img_00025551.jpg,full-body clothes,221,85,211,126,408,187
4244,img/img_00025554.jpg,upper-body clothes,227,207,284,77,383,156
4245,img/img_00025559.jpg,upper-body clothes,130,129,242,113,280,150
4246,img/img_00025564.jpg,full-body clothes,184,104,217,113,397,213
4247,img/img_00025565.jpg,full-body clothes,309,321,328,7,460,151
4248,img/img_00025569.jpg,full-body clothes,198,106,155,49,238,40
4249,img/img_00025592.jpg,lower-body clothes,180,36,281,245,496,316
4250,img/img_00025594.jpg,lower-body clothes,142,86,239,153,440,298
4251,img/img_00025598.jpg,full-body clothes,198,93,250,157,283,85
4252,img/img_00025620.jpg,upper-body clothes,353,152,250,98,365,12
4253,img/img_00025624.jpg,upper-body clothes,453,219,302,83,461,8
4254,img/img_00025625.jpg,upper-body clothes,374,174,234,60,384,10
4255,img/img_00025635.jpg,upper-body clothes,421,215,215,0,421,0
4256,img/img_00025647.jpg,full-body clothes,326,236,241,5,494,168
4257,img/img_00025655.jpg,full-body clothes,246,124,290,166,389,143
4258,img/img_00025666.jpg,full-body clothes,475,236,257,21,484,9
4259,img/img_00025672.jpg,full-body clothes,341,129,235,106,452,111
4260,img/img_00025676.jpg,full-body clothes,476,271,271,0,476,0
4261,img/img_00025686.jpg,upper-body clothes,316,273,328,55,371,55
4262,img/img_00025702.jpg,full-body clothes,303,174,229,55,340,37
4263,img/img_00025704.jpg,full-body clothes,319,207,240,33,330,11
4264,img/img_00025705.jpg,full-body clothes,184,88,281,193,335,151
4265,img/img_00025716.jpg,full-body clothes,324,248,289,41,446,122
4266,img/img_00025720.jpg,full-body clothes,290,102,292,190,421,131
4267,img/img_00025731.jpg,full-body clothes,492,359,367,8,502,10
4268,img/img_00025733.jpg,upper-body clothes,313,241,290,49,446,133
4269,img/img_00025734.jpg,upper-body clothes,302,237,294,57,438,136
4270,img/img_00025736.jpg,upper-body clothes,332,323,354,31,345,13
4271,img/img_00025738.jpg,lower-body clothes,343,332,335,3,433,90
4272,img/img_00025742.jpg,full-body clothes,156,106,252,146,363,207
4273,img/img_00025752.jpg,lower-body clothes,149,132,238,106,213,64
4274,img/img_00025757.jpg,full-body clothes,137,93,199,106,314,177
4275,img/img_00025764.jpg,full-body clothes,469,350,363,13,491,22
4276,img/img_00025765.jpg,full-body clothes,460,319,342,23,462,2
4277,img/img_00025773.jpg,full-body clothes,128,72,285,213,328,200
4278,img/img_00025775.jpg,full-body clothes,138,88,215,127,239,101
4279,img/img_00025776.jpg,full-body clothes,258,173,293,120,268,10
4280,img/img_00025798.jpg,lower-body clothes,133,248,248,0,133,0
4281,img/img_00025807.jpg,upper-body clothes,208,149,253,104,344,136
4282,img/img_00025827.jpg,full-body clothes,366,316,316,0,366,0
4283,img/img_00025828.jpg,full-body clothes,227,305,305,0,227,0
4284,img/img_00025830.jpg,full-body clothes,431,294,294,0,431,0
4285,img/img_00025837.jpg,full-body clothes,141,62,219,157,283,142
4286,img/img_00025865.jpg,lower-body clothes,491,218,218,0,491,0
4287,img/img_00025867.jpg,lower-body clothes,469,233,233,0,469,0
4288,img/img_00025868.jpg,full-body clothes,365,211,312,101,503,138
4289,img/img_00025871.jpg,full-body clothes,64,30,108,78,154,90
4290,img/img_00025872.jpg,full-body clothes,116,57,124,67,219,103
4291,img/img_00025878.jpg,full-body clothes,118,47,74,27,213,95
4292,img/img_00025882.jpg,full-body clothes,295,168,245,77,468,173
4293,img/img_00025891.jpg,full-body clothes,281,102,234,132,293,12
4294,img/img_00025895.jpg,full-body clothes,454,279,313,34,459,5
4295,img/img_00025901.jpg,full-body clothes,344,282,282,0,344,0
4296,img/img_00025926.jpg,full-body clothes,149,88,175,87,212,63
4297,img/img_00025936.jpg,full-body clothes,270,163,236,73,393,123
4298,img/img_00025961.jpg,upper-body clothes,382,281,281,0,382,0
4299,img/img_00025963.jpg,full-body clothes,332,372,372,0,332,0
4300,img/img_00025984.jpg,full-body clothes,210,113,263,150,303,93
4301,img/img_00025987.jpg,full-body clothes,194,114,222,108,402,208
4302,img/img_00025991.jpg,full-body clothes,323,147,260,113,344,21
4303,img/img_00025998.jpg,lower-body clothes,23,342,342,0,23,0
4304,img/img_00026001.jpg,lower-body clothes,43,49,49,0,43,0
4305,img/img_00026016.jpg,full-body clothes,483,170,270,100,508,25
4306,img/img_00026059.jpg,upper-body clothes,206,123,231,108,365,159
4307,img/img_00026060.jpg,upper-body clothes,456,324,324,0,456,0
4308,img/img_00026074.jpg,full-body clothes,298,291,307,16,470,172
4309,img/img_00026077.jpg,full-body clothes,501,264,264,0,501,0
4310,img/img_00026083.jpg,full-body clothes,313,177,219,42,315,2
4311,img/img_00026096.jpg,full-body clothes,437,244,244,0,437,0
4312,img/img_00026099.jpg,full-body clothes,239,110,179,69,247,8
4313,img/img_00026116.jpg,upper-body clothes,405,340,358,18,491,86
4314,img/img_00026117.jpg,upper-body clothes,202,198,198,0,202,0
4315,img/img_00026120.jpg,full-body clothes,251,61,204,143,365,114
4316,img/img_00026121.jpg,full-body clothes,445,257,295,38,455,10
4317,img/img_00026134.jpg,upper-body clothes,95,37,203,166,219,124
4318,img/img_00026144.jpg,full-body clothes,285,95,236,141,445,160
4319,img/img_00026154.jpg,upper-body clothes,431,297,361,64,440,9
4320,img/img_00026157.jpg,full-body clothes,402,256,300,44,430,28
4321,img/img_00026158.jpg,full-body clothes,249,139,269,130,356,107
4322,img/img_00026161.jpg,full-body clothes,220,96,212,116,317,97
4323,img/img_00026169.jpg,lower-body clothes,259,275,315,40,402,143
4324,img/img_00026170.jpg,lower-body clothes,131,390,390,0,131,0
4325,img/img_00026188.jpg,full-body clothes,348,142,173,31,490,142
4326,img/img_00026192.jpg,full-body clothes,308,220,293,73,430,122
4327,img/img_00026193.jpg,full-body clothes,220,144,218,74,447,227
4328,img/img_00026208.jpg,full-body clothes,503,229,281,52,508,5
4329,img/img_00026209.jpg,full-body clothes,342,154,346,192,345,3
4330,img/img_00026210.jpg,full-body clothes,478,331,331,0,478,0
4331,img/img_00026212.jpg,full-body clothes,395,179,258,79,433,38
4332,img/img_00026243.jpg,full-body clothes,303,169,263,94,324,21
4333,img/img_00026266.jpg,upper-body clothes,333,47,212,165,372,39
4334,img/img_00026275.jpg,upper-body clothes,370,358,368,10,436,66
4335,img/img_00026295.jpg,upper-body clothes,347,232,299,67,374,27
4336,img/img_00026303.jpg,full-body clothes,379,193,266,73,464,85
4337,img/img_00026315.jpg,full-body clothes,354,174,174,0,354,0
4338,img/img_00026329.jpg,full-body clothes,352,208,248,40,450,98
4339,img/img_00026334.jpg,full-body clothes,409,343,343,0,409,0
4340,img/img_00026341.jpg,lower-body clothes,447,353,370,17,477,30
4341,img/img_00026343.jpg,lower-body clothes,163,115,257,142,249,86
4342,img/img_00026345.jpg,lower-body clothes,406,311,336,25,445,39
4343,img/img_00026358.jpg,full-body clothes,314,186,260,74,319,5
4344,img/img_00026364.jpg,full-body clothes,202,79,240,161,372,170
4345,img/img_00026366.jpg,full-body clothes,187,76,191,115,347,160
4346,img/img_00026374.jpg,full-body clothes,234,233,233,0,234,0
4347,img/img_00026375.jpg,full-body clothes,115,74,233,159,319,204
4348,img/img_00026395.jpg,full-body clothes,228,241,424,183,428,200
4349,img/img_00026416.jpg,full-body clothes,193,89,212,123,273,80
4350,img/img_00026423.jpg,full-body clothes,212,117,263,146,322,110
4351,img/img_00026430.jpg,full-body clothes,278,292,292,0,278,0
4352,img/img_00026439.jpg,full-body clothes,276,154,324,170,280,4
4353,img/img_00026441.jpg,full-body clothes,269,155,241,86,394,125
4354,img/img_00026443.jpg,full-body clothes,271,163,263,100,398,127
4355,img/img_00026446.jpg,full-body clothes,166,98,265,167,353,187
4356,img/img_00026447.jpg,full-body clothes,138,35,209,174,306,168
4357,img/img_00026470.jpg,full-body clothes,406,337,337,0,406,0
4358,img/img_00026473.jpg,full-body clothes,400,155,276,121,428,28
4359,img/img_00026475.jpg,full-body clothes,176,89,268,179,295,119
4360,img/img_00026476.jpg,upper-body clothes,371,234,286,52,468,97
4361,img/img_00026479.jpg,upper-body clothes,494,372,372,0,494,0
4362,img/img_00026480.jpg,upper-body clothes,243,219,292,73,399,156
4363,img/img_00026484.jpg,lower-body clothes,222,295,358,63,378,156
4364,img/img_00026499.jpg,lower-body clothes,260,221,338,117,270,10
4365,img/img_00026507.jpg,full-body clothes,393,335,335,0,393,0
4366,img/img_00026514.jpg,lower-body clothes,506,279,279,0,506,0
4367,img/img_00026527.jpg,full-body clothes,448,286,286,0,448,0
4368,img/img_00026539.jpg,lower-body clothes,123,257,257,0,123,0
4369,img/img_00026540.jpg,lower-body clothes,102,262,262,0,102,0
4370,img/img_00026548.jpg,lower-body clothes,371,118,250,132,419,48
4371,img/img_00026559.jpg,lower-body clothes,363,272,303,31,412,49
4372,img/img_00026561.jpg,lower-body clothes,194,92,265,173,362,168
4373,img/img_00026571.jpg,lower-body clothes,194,99,248,149,364,170
4374,img/img_00026572.jpg,lower-body clothes,148,161,184,23,450,302
4375,img/img_00026573.jpg,lower-body clothes,139,67,175,108,356,217
4376,img/img_00026580.jpg,upper-body clothes,321,192,276,84,350,29
4377,img/img_00026582.jpg,full-body clothes,334,308,308,0,334,0
4378,img/img_00026583.jpg,full-body clothes,247,350,350,0,247,0
4379,img/img_00026596.jpg,full-body clothes,336,243,243,0,336,0
4380,img/img_00026598.jpg,full-body clothes,190,129,208,79,348,158
4381,img/img_00026602.jpg,full-body clothes,86,42,157,115,289,203
4382,img/img_00026603.jpg,full-body clothes,265,105,232,127,447,182
4383,img/img_00026606.jpg,upper-body clothes,116,123,244,121,356,240
4384,img/img_00026623.jpg,lower-body clothes,210,81,181,100,423,213
4385,img/img_00026624.jpg,lower-body clothes,501,326,326,0,501,0
4386,img/img_00026637.jpg,full-body clothes,282,382,382,0,282,0
4387,img/img_00026641.jpg,upper-body clothes,30,241,241,0,30,0
4388,img/img_00026642.jpg,lower-body clothes,92,248,248,0,92,0
4389,img/img_00026644.jpg,lower-body clothes,43,247,247,0,43,0
4390,img/img_00026661.jpg,upper-body clothes,96,75,227,152,300,204
4391,img/img_00026680.jpg,lower-body clothes,329,336,415,79,340,11
4392,img/img_00026683.jpg,full-body clothes,76,23,221,198,146,70
4393,img/img_00026691.jpg,full-body clothes,363,244,258,14,383,20
4394,img/img_00026694.jpg,full-body clothes,203,54,150,96,296,93
4395,img/img_00026701.jpg,full-body clothes,286,138,294,156,300,14
4396,img/img_00026703.jpg,full-body clothes,492,271,271,0,492,0
4397,img/img_00026712.jpg,full-body clothes,194,111,216,105,311,117
4398,img/img_00026717.jpg,full-body clothes,228,59,271,212,311,83
4399,img/img_00026720.jpg,lower-body clothes,172,126,281,155,383,211
4400,img/img_00026726.jpg,full-body clothes,115,330,330,0,115,0
4401,img/img_00026737.jpg,full-body clothes,291,79,169,90,391,100
4402,img/img_00026741.jpg,full-body clothes,354,123,195,72,439,85
4403,img/img_00026754.jpg,full-body clothes,262,206,288,82,387,125
4404,img/img_00026756.jpg,full-body clothes,285,155,252,97,385,100
4405,img/img_00026757.jpg,full-body clothes,312,203,338,135,418,106
4406,img/img_00026782.jpg,full-body clothes,249,127,260,133,269,20
4407,img/img_00026794.jpg,upper-body clothes,255,150,273,123,363,108
4408,img/img_00026819.jpg,full-body clothes,149,75,267,192,228,79
4409,img/img_00026820.jpg,full-body clothes,137,105,264,159,314,177
4410,img/img_00026821.jpg,full-body clothes,486,285,322,37,500,14
4411,img/img_00026823.jpg,full-body clothes,257,137,237,100,385,128
4412,img/img_00026836.jpg,upper-body clothes,338,239,306,67,376,38
4413,img/img_00026838.jpg,upper-body clothes,297,211,251,40,457,160
4414,img/img_00026840.jpg,upper-body clothes,330,238,287,49,485,155
4415,img/img_00026842.jpg,upper-body clothes,307,215,248,33,349,42
4416,img/img_00026852.jpg,full-body clothes,267,160,247,87,392,125
4417,img/img_00026883.jpg,upper-body clothes,246,224,224,0,246,0
4418,img/img_00026887.jpg,upper-body clothes,395,334,334,0,395,0
4419,img/img_00026914.jpg,full-body clothes,379,336,336,0,379,0
4420,img/img_00026919.jpg,full-body clothes,65,35,181,146,219,154
4421,img/img_00026923.jpg,full-body clothes,151,93,184,91,318,167
4422,img/img_00026931.jpg,full-body clothes,164,315,315,0,164,0
4423,img/img_00026934.jpg,full-body clothes,399,271,294,23,413,14
4424,img/img_00026938.jpg,full-body clothes,162,81,265,184,253,91
4425,img/img_00026941.jpg,upper-body clothes,339,280,310,30,476,137
4426,img/img_00026952.jpg,upper-body clothes,338,152,309,157,496,158
4427,img/img_00026956.jpg,full-body clothes,248,84,245,161,381,133
4428,img/img_00026963.jpg,upper-body clothes,341,196,241,45,457,116
4429,img/img_00026978.jpg,lower-body clothes,378,240,321,81,422,44
4430,img/img_00026985.jpg,full-body clothes,265,38,204,166,297,32
4431,img/img_00026996.jpg,full-body clothes,475,234,234,0,475,0
4432,img/img_00027004.jpg,full-body clothes,383,331,331,0,383,0
4433,img/img_00027012.jpg,full-body clothes,298,275,322,47,432,134
4434,img/img_00027013.jpg,full-body clothes,311,175,274,99,449,138
4435,img/img_00027020.jpg,full-body clothes,319,174,285,111,410,91
4436,img/img_00027024.jpg,lower-body clothes,259,132,209,77,307,48
4437,img/img_00027027.jpg,lower-body clothes,386,136,228,92,392,6
4438,img/img_00027028.jpg,lower-body clothes,381,136,249,113,392,11
4439,img/img_00027039.jpg,full-body clothes,246,313,313,0,246,0
4440,img/img_00027050.jpg,full-body clothes,394,235,235,0,394,0
4441,img/img_00027053.jpg,upper-body clothes,455,366,366,0,455,0
4442,img/img_00027054.jpg,full-body clothes,363,189,282,93,471,108
4443,img/img_00027057.jpg,full-body clothes,502,241,294,53,507,5
4444,img/img_00027071.jpg,full-body clothes,329,82,236,154,486,157
4445,img/img_00027077.jpg,full-body clothes,104,36,260,224,214,110
4446,img/img_00027084.jpg,upper-body clothes,442,344,358,14,470,28
4447,img/img_00027093.jpg,upper-body clothes,170,226,327,101,188,18
4448,img/img_00027104.jpg,full-body clothes,344,283,283,0,344,0
4449,img/img_00027106.jpg,full-body clothes,316,189,261,72,457,141
4450,img/img_00027109.jpg,full-body clothes,276,351,351,0,276,0
4451,img/img_00027126.jpg,full-body clothes,326,215,267,52,455,129
4452,img/img_00027137.jpg,upper-body clothes,417,318,331,13,438,21
4453,img/img_00027154.jpg,full-body clothes,293,78,287,209,474,181
4454,img/img_00027161.jpg,upper-body clothes,301,224,276,52,452,151
4455,img/img_00027165.jpg,full-body clothes,301,56,148,92,330,29
4456,img/img_00027167.jpg,full-body clothes,156,127,229,102,371,215
4457,img/img_00027171.jpg,full-body clothes,250,187,187,0,250,0
4458,img/img_00027178.jpg,full-body clothes,327,173,202,29,426,99
4459,img/img_00027180.jpg,full-body clothes,180,326,326,0,180,0
4460,img/img_00027181.jpg,full-body clothes,408,382,382,0,408,0
4461,img/img_00027188.jpg,full-body clothes,504,343,343,0,504,0
4462,img/img_00027211.jpg,lower-body clothes,76,44,200,156,201,125
4463,img/img_00027215.jpg,full-body clothes,174,115,281,166,306,132
4464,img/img_00027224.jpg,upper-body clothes,377,312,326,14,500,123
4465,img/img_00027229.jpg,full-body clothes,316,132,211,79,422,106
4466,img/img_00027231.jpg,full-body clothes,429,345,364,19,473,44
4467,img/img_00027233.jpg,full-body clothes,458,248,248,0,458,0
4468,img/img_00027235.jpg,upper-body clothes,330,265,335,70,427,97
4469,img/img_00027239.jpg,full-body clothes,188,86,205,119,348,160
4470,img/img_00027250.jpg,upper-body clothes,465,351,380,29,491,26
4471,img/img_00027251.jpg,upper-body clothes,436,346,363,17,486,50
4472,img/img_00027252.jpg,upper-body clothes,195,242,242,0,195,0
4473,img/img_00027253.jpg,upper-body clothes,437,269,347,78,501,64
4474,img/img_00027255.jpg,upper-body clothes,169,125,201,76,341,172
4475,img/img_00027257.jpg,lower-body clothes,312,286,286,0,312,0
4476,img/img_00027280.jpg,full-body clothes,414,211,280,69,491,77
4477,img/img_00027289.jpg,full-body clothes,233,149,239,90,341,108
4478,img/img_00027306.jpg,full-body clothes,236,142,169,27,311,75
4479,img/img_00027308.jpg,full-body clothes,146,91,159,68,315,169
4480,img/img_00027311.jpg,lower-body clothes,401,274,274,0,401,0
4481,img/img_00027313.jpg,lower-body clothes,479,132,132,0,479,0
4482,img/img_00027315.jpg,lower-body clothes,470,340,340,0,470,0
4483,img/img_00027321.jpg,lower-body clothes,399,213,224,11,405,6
4484,img/img_00027323.jpg,lower-body clothes,269,98,249,151,381,112
4485,img/img_00027329.jpg,lower-body clothes,304,232,232,0,304,0
4486,img/img_00027339.jpg,lower-body clothes,235,124,278,154,430,195
4487,img/img_00027347.jpg,full-body clothes,149,88,180,92,216,67
4488,img/img_00027348.jpg,full-body clothes,333,209,209,0,333,0
4489,img/img_00027352.jpg,lower-body clothes,380,230,284,54,487,107
4490,img/img_00027369.jpg,lower-body clothes,117,114,184,70,239,122
4491,img/img_00027371.jpg,full-body clothes,459,173,238,65,462,3
4492,img/img_00027377.jpg,full-body clothes,350,377,377,0,350,0
4493,img/img_00027380.jpg,full-body clothes,342,378,378,0,342,0
4494,img/img_00027383.jpg,full-body clothes,248,135,215,80,356,108
4495,img/img_00027387.jpg,full-body clothes,455,173,208,35,498,43
4496,img/img_00027393.jpg,full-body clothes,485,144,225,81,490,5
4497,img/img_00027398.jpg,full-body clothes,458,232,238,6,475,17
4498,img/img_00027402.jpg,full-body clothes,493,220,278,58,507,14
4499,img/img_00027412.jpg,lower-body clothes,421,129,235,106,452,31
4500,img/img_00027414.jpg,lower-body clothes,402,179,179,0,402,0
4501,img/img_00027421.jpg,lower-body clothes,431,97,97,0,431,0
4502,img/img_00027430.jpg,upper-body clothes,432,272,331,59,469,37
4503,img/img_00027431.jpg,upper-body clothes,477,142,242,100,508,31
4504,img/img_00027436.jpg,upper-body clothes,380,218,290,72,403,23
4505,img/img_00027437.jpg,upper-body clothes,381,276,276,0,381,0
4506,img/img_00027438.jpg,upper-body clothes,450,276,351,75,463,13
4507,img/img_00027439.jpg,upper-body clothes,226,365,365,0,226,0
4508,img/img_00027447.jpg,upper-body clothes,263,251,272,21,294,31
4509,img/img_00027451.jpg,upper-body clothes,205,163,278,115,282,77
4510,img/img_00027461.jpg,full-body clothes,217,376,376,0,217,0
4511,img/img_00027463.jpg,full-body clothes,150,96,257,161,279,129
4512,img/img_00027464.jpg,full-body clothes,114,63,248,185,250,136
4513,img/img_00027470.jpg,lower-body clothes,454,343,343,0,454,0
4514,img/img_00027480.jpg,lower-body clothes,338,108,228,120,409,71
4515,img/img_00027486.jpg,lower-body clothes,472,302,364,62,477,5
4516,img/img_00027494.jpg,lower-body clothes,350,242,277,35,381,31
4517,img/img_00027507.jpg,full-body clothes,156,36,358,322,304,148
4518,img/img_00027530.jpg,upper-body clothes,333,297,297,0,333,0
4519,img/img_00027542.jpg,full-body clothes,260,250,250,0,260,0
4520,img/img_00027543.jpg,full-body clothes,438,261,261,0,438,0
4521,img/img_00027564.jpg,lower-body clothes,307,42,276,234,413,106
4522,img/img_00027576.jpg,upper-body clothes,363,210,255,45,464,101
4523,img/img_00027577.jpg,upper-body clothes,224,141,193,52,335,111
4524,img/img_00027584.jpg,upper-body clothes,175,110,228,118,370,195
4525,img/img_00027590.jpg,upper-body clothes,325,200,351,151,348,23
4526,img/img_00027623.jpg,full-body clothes,495,377,377,0,495,0
4527,img/img_00027626.jpg,full-body clothes,416,237,301,64,498,82
4528,img/img_00027632.jpg,upper-body clothes,374,319,333,14,418,44
4529,img/img_00027635.jpg,upper-body clothes,212,142,261,119,248,36
4530,img/img_00027638.jpg,upper-body clothes,331,269,306,37,399,68
4531,img/img_00027646.jpg,upper-body clothes,303,248,286,38,325,22
4532,img/img_00027647.jpg,upper-body clothes,434,361,372,11,495,61
4533,img/img_00027658.jpg,upper-body clothes,289,230,296,66,443,154
4534,img/img_00027670.jpg,upper-body clothes,138,156,226,70,392,254
4535,img/img_00027672.jpg,upper-body clothes,336,268,279,11,344,8
4536,img/img_00027676.jpg,upper-body clothes,481,374,374,0,481,0
4537,img/img_00027682.jpg,full-body clothes,331,253,284,31,343,12
4538,img/img_00027690.jpg,full-body clothes,141,61,108,47,208,67
4539,img/img_00027700.jpg,full-body clothes,127,100,187,87,352,225
4540,img/img_00027711.jpg,lower-body clothes,411,182,256,74,459,48
4541,img/img_00027712.jpg,lower-body clothes,340,254,254,0,340,0
4542,img/img_00027732.jpg,lower-body clothes,335,105,193,88,351,16
4543,img/img_00027739.jpg,lower-body clothes,344,189,189,0,344,0
4544,img/img_00027740.jpg,lower-body clothes,474,290,325,35,478,4
4545,img/img_00027742.jpg,full-body clothes,300,155,229,74,452,152
4546,img/img_00027745.jpg,upper-body clothes,264,240,337,97,479,215
4547,img/img_00027752.jpg,upper-body clothes,114,259,259,0,114,0
4548,img/img_00027753.jpg,full-body clothes,406,110,226,116,498,92
4549,img/img_00027755.jpg,lower-body clothes,408,104,214,110,414,6
4550,img/img_00027756.jpg,lower-body clothes,427,136,268,132,444,17
4551,img/img_00027762.jpg,full-body clothes,139,60,242,182,225,86
4552,img/img_00027763.jpg,full-body clothes,377,300,341,41,471,94
4553,img/img_00027766.jpg,lower-body clothes,31,279,279,0,31,0
4554,img/img_00027771.jpg,lower-body clothes,338,171,243,72,380,42
4555,img/img_00027773.jpg,lower-body clothes,389,248,331,83,468,79
4556,img/img_00027781.jpg,upper-body clothes,339,338,338,0,339,0
4557,img/img_00027783.jpg,upper-body clothes,254,115,262,147,386,132
4558,img/img_00027785.jpg,full-body clothes,299,293,293,0,299,0
4559,img/img_00027794.jpg,full-body clothes,266,138,236,98,349,83
4560,img/img_00027797.jpg,full-body clothes,176,76,180,104,314,138
4561,img/img_00027801.jpg,full-body clothes,502,349,349,0,502,0
4562,img/img_00027816.jpg,lower-body clothes,262,283,351,68,401,139
4563,img/img_00027819.jpg,upper-body clothes,278,202,284,82,421,143
4564,img/img_00027823.jpg,upper-body clothes,249,259,269,10,258,9
4565,img/img_00027828.jpg,full-body clothes,282,297,297,0,282,0
4566,img/img_00027843.jpg,lower-body clothes,371,270,270,0,371,0
4567,img/img_00027852.jpg,lower-body clothes,328,185,289,104,368,40
4568,img/img_00027856.jpg,lower-body clothes,161,44,202,158,434,273
4569,img/img_00027860.jpg,lower-body clothes,497,331,331,0,497,0
4570,img/img_00027865.jpg,lower-body clothes,105,70,225,155,292,187
4571,img/img_00027867.jpg,lower-body clothes,88,58,221,163,272,184
4572,img/img_00027870.jpg,lower-body clothes,104,72,226,154,305,201
4573,img/img_00027889.jpg,lower-body clothes,176,102,263,161,427,251
4574,img/img_00027916.jpg,upper-body clothes,234,144,300,156,354,120
4575,img/img_00027925.jpg,upper-body clothes,491,294,294,0,491,0
4576,img/img_00027934.jpg,full-body clothes,373,233,233,0,373,0
4577,img/img_00027946.jpg,upper-body clothes,305,234,286,52,456,151
4578,img/img_00027960.jpg,full-body clothes,147,40,306,266,333,186
4579,img/img_00027966.jpg,full-body clothes,165,60,209,149,344,179
4580,img/img_00027976.jpg,full-body clothes,170,131,214,83,402,232
4581,img/img_00027978.jpg,upper-body clothes,231,180,264,84,374,143
4582,img/img_00027980.jpg,upper-body clothes,325,262,349,87,379,54
4583,img/img_00027982.jpg,upper-body clothes,258,187,279,92,430,172
4584,img/img_00027986.jpg,upper-body clothes,145,112,227,115,239,94
4585,img/img_00027997.jpg,upper-body clothes,407,261,261,0,407,0
4586,img/img_00028007.jpg,upper-body clothes,245,205,261,56,400,155
4587,img/img_00028010.jpg,full-body clothes,485,263,263,0,485,0
4588,img/img_00028016.jpg,full-body clothes,472,383,383,0,472,0
4589,img/img_00028019.jpg,full-body clothes,477,273,275,2,484,7
4590,img/img_00028022.jpg,full-body clothes,271,134,254,120,350,79
4591,img/img_00028030.jpg,full-body clothes,414,285,285,0,414,0
4592,img/img_00028034.jpg,full-body clothes,291,188,266,78,486,195
4593,img/img_00028039.jpg,upper-body clothes,347,283,311,28,487,140
4594,img/img_00028041.jpg,upper-body clothes,303,230,247,17,384,81
4595,img/img_00028043.jpg,full-body clothes,186,140,280,140,242,56
4596,img/img_00028056.jpg,full-body clothes,376,407,407,0,376,0
4597,img/img_00028061.jpg,lower-body clothes,167,63,201,138,370,203
4598,img/img_00028062.jpg,lower-body clothes,406,301,367,66,463,57
4599,img/img_00028065.jpg,upper-body clothes,256,216,296,80,400,144
4600,img/img_00028077.jpg,full-body clothes,131,129,239,110,331,200
4601,img/img_00028081.jpg,lower-body clothes,153,69,217,148,357,204
4602,img/img_00028083.jpg,lower-body clothes,6,296,296,0,6,0
4603,img/img_00028092.jpg,upper-body clothes,425,361,376,15,466,41
4604,img/img_00028103.jpg,full-body clothes,227,118,235,117,310,83
4605,img/img_00028119.jpg,lower-body clothes,299,363,380,17,494,195
4606,img/img_00028120.jpg,upper-body clothes,297,227,298,71,462,165
4607,img/img_00028122.jpg,lower-body clothes,295,107,217,110,366,71
4608,img/img_00028125.jpg,full-body clothes,274,136,221,85,475,201
4609,img/img_00028143.jpg,lower-body clothes,283,316,333,17,416,133
4610,img/img_00028144.jpg,lower-body clothes,279,274,288,14,355,76
4611,img/img_00028146.jpg,lower-body clothes,463,308,308,0,463,0
4612,img/img_00028147.jpg,lower-body clothes,309,205,268,63,452,143
4613,img/img_00028153.jpg,lower-body clothes,115,65,181,116,290,175
4614,img/img_00028160.jpg,lower-body clothes,436,275,275,0,436,0
4615,img/img_00028163.jpg,lower-body clothes,283,160,198,38,400,117
4616,img/img_00028169.jpg,upper-body clothes,400,317,317,0,400,0
4617,img/img_00028176.jpg,upper-body clothes,308,235,349,114,344,36
4618,img/img_00028180.jpg,upper-body clothes,357,426,452,26,372,15
4619,img/img_00028185.jpg,upper-body clothes,386,368,368,0,386,0
4620,img/img_00028192.jpg,lower-body clothes,191,86,182,96,454,263
4621,img/img_00028201.jpg,lower-body clothes,453,244,244,0,453,0
4622,img/img_00028204.jpg,lower-body clothes,348,155,232,77,382,34
4623,img/img_00028206.jpg,lower-body clothes,401,21,194,173,425,24
4624,img/img_00028209.jpg,upper-body clothes,247,362,372,10,428,181
4625,img/img_00028217.jpg,upper-body clothes,405,329,343,14,419,14
4626,img/img_00028220.jpg,full-body clothes,188,105,198,93,258,70
4627,img/img_00028222.jpg,full-body clothes,242,117,258,141,353,111
4628,img/img_00028224.jpg,full-body clothes,349,238,315,77,382,33
4629,img/img_00028236.jpg,upper-body clothes,292,190,271,81,433,141
4630,img/img_00028239.jpg,upper-body clothes,234,181,293,112,297,63
4631,img/img_00028252.jpg,full-body clothes,289,303,303,0,289,0
4632,img/img_00028267.jpg,full-body clothes,412,239,301,62,446,34
4633,img/img_00028270.jpg,full-body clothes,334,239,239,0,334,0
4634,img/img_00028276.jpg,full-body clothes,74,40,118,78,282,208
4635,img/img_00028281.jpg,full-body clothes,453,242,242,0,453,0
4636,img/img_00028284.jpg,lower-body clothes,384,265,315,50,390,6
4637,img/img_00028302.jpg,full-body clothes,216,115,231,116,289,73
4638,img/img_00028303.jpg,full-body clothes,286,251,308,57,411,125
4639,img/img_00028304.jpg,full-body clothes,320,225,313,88,462,142
4640,img/img_00028307.jpg,upper-body clothes,434,283,283,0,434,0
4641,img/img_00028314.jpg,full-body clothes,232,138,203,65,241,9
4642,img/img_00028316.jpg,full-body clothes,323,172,260,88,464,141
4643,img/img_00028319.jpg,full-body clothes,409,254,301,47,480,71
4644,img/img_00028320.jpg,upper-body clothes,255,155,250,95,409,154
4645,img/img_00028322.jpg,full-body clothes,161,98,268,170,291,130
4646,img/img_00028324.jpg,full-body clothes,497,295,295,0,497,0
4647,img/img_00028331.jpg,full-body clothes,367,337,337,0,367,0
4648,img/img_00028332.jpg,full-body clothes,300,336,336,0,300,0
4649,img/img_00028333.jpg,full-body clothes,282,206,266,60,433,151
4650,img/img_00028339.jpg,full-body clothes,291,177,252,75,478,187
4651,img/img_00028344.jpg,full-body clothes,153,81,229,148,328,175
4652,img/img_00028345.jpg,full-body clothes,419,280,280,0,419,0
4653,img/img_00028347.jpg,full-body clothes,300,343,355,12,314,14
4654,img/img_00028348.jpg,full-body clothes,452,236,236,0,452,0
4655,img/img_00028354.jpg,full-body clothes,258,132,247,115,282,24
4656,img/img_00028362.jpg,full-body clothes,479,350,359,9,498,19
4657,img/img_00028365.jpg,full-body clothes,256,320,320,0,256,0
4658,img/img_00028370.jpg,lower-body clothes,495,193,193,0,495,0
4659,img/img_00028371.jpg,lower-body clothes,291,146,263,117,504,213
4660,img/img_00028376.jpg,lower-body clothes,247,153,284,131,402,155
4661,img/img_00028379.jpg,lower-body clothes,475,10,10,0,475,0
4662,img/img_00028385.jpg,lower-body clothes,488,253,253,0,488,0
4663,img/img_00028420.jpg,full-body clothes,319,184,238,54,480,161
4664,img/img_00028423.jpg,full-body clothes,191,123,307,184,281,90
4665,img/img_00028436.jpg,lower-body clothes,69,242,242,0,69,0
4666,img/img_00028438.jpg,lower-body clothes,206,103,188,85,324,118
4667,img/img_00028444.jpg,lower-body clothes,249,102,233,131,443,194
4668,img/img_00028453.jpg,lower-body clothes,429,239,239,0,429,0
4669,img/img_00028454.jpg,upper-body clothes,361,197,197,0,361,0
4670,img/img_00028461.jpg,upper-body clothes,230,124,271,147,422,192
4671,img/img_00028463.jpg,upper-body clothes,300,214,311,97,306,6
4672,img/img_00028464.jpg,upper-body clothes,390,305,358,53,459,69
4673,img/img_00028476.jpg,upper-body clothes,194,141,322,181,235,41
4674,img/img_00028488.jpg,lower-body clothes,399,266,330,64,444,45
4675,img/img_00028492.jpg,upper-body clothes,32,235,235,0,32,0
4676,img/img_00028499.jpg,lower-body clothes,482,272,272,0,482,0
4677,img/img_00028501.jpg,upper-body clothes,425,260,322,62,434,9
4678,img/img_00028507.jpg,upper-body clothes,416,349,349,0,416,0
4679,img/img_00028529.jpg,upper-body clothes,477,358,358,0,477,0
4680,img/img_00028561.jpg,full-body clothes,375,162,265,103,481,106
4681,img/img_00028562.jpg,lower-body clothes,406,142,266,124,435,29
4682,img/img_00028567.jpg,lower-body clothes,245,93,239,146,486,241
4683,img/img_00028569.jpg,full-body clothes,305,198,277,79,446,141
4684,img/img_00028571.jpg,full-body clothes,374,325,344,19,491,117
4685,img/img_00028572.jpg,full-body clothes,467,335,335,0,467,0
4686,img/img_00028576.jpg,full-body clothes,423,377,377,0,423,0
4687,img/img_00028587.jpg,full-body clothes,344,445,445,0,344,0
4688,img/img_00028590.jpg,full-body clothes,267,237,290,53,391,124
4689,img/img_00028600.jpg,lower-body clothes,249,247,284,37,326,77
4690,img/img_00028602.jpg,lower-body clothes,499,349,349,0,499,0
4691,img/img_00028618.jpg,upper-body clothes,483,325,340,15,505,22
4692,img/img_00028626.jpg,full-body clothes,154,96,158,62,264,110
4693,img/img_00028630.jpg,full-body clothes,355,226,291,65,406,51
4694,img/img_00028631.jpg,full-body clothes,200,111,143,32,211,11
4695,img/img_00028634.jpg,full-body clothes,415,281,281,0,415,0
4696,img/img_00028637.jpg,full-body clothes,249,157,257,100,349,100
4697,img/img_00028671.jpg,upper-body clothes,372,407,407,0,372,0
4698,img/img_00028682.jpg,upper-body clothes,288,201,282,81,418,130
4699,img/img_00028689.jpg,upper-body clothes,359,264,346,82,394,35
4700,img/img_00028700.jpg,upper-body clothes,472,356,356,0,472,0
4701,img/img_00028703.jpg,upper-body clothes,487,363,363,0,487,0
4702,img/img_00028708.jpg,upper-body clothes,189,340,340,0,189,0
4703,img/img_00028709.jpg,upper-body clothes,315,207,269,62,469,154
4704,img/img_00028717.jpg,upper-body clothes,306,220,303,83,348,42
4705,img/img_00028720.jpg,upper-body clothes,84,59,175,116,302,218
4706,img/img_00028735.jpg,full-body clothes,329,51,239,188,343,14
4707,img/img_00028738.jpg,full-body clothes,174,83,168,85,389,215
4708,img/img_00028753.jpg,lower-body clothes,197,191,196,5,413,216
4709,img/img_00028763.jpg,upper-body clothes,267,154,224,70,359,92
4710,img/img_00028766.jpg,upper-body clothes,465,375,375,0,465,0
4711,img/img_00028767.jpg,upper-body clothes,378,269,367,98,388,10
4712,img/img_00028775.jpg,full-body clothes,502,278,278,0,502,0
4713,img/img_00028784.jpg,full-body clothes,492,199,278,79,500,8
4714,img/img_00028793.jpg,full-body clothes,283,414,414,0,283,0
4715,img/img_00028817.jpg,full-body clothes,131,78,219,141,234,103
4716,img/img_00028820.jpg,full-body clothes,390,363,363,0,390,0
4717,img/img_00028821.jpg,upper-body clothes,347,321,333,12,368,21
4718,img/img_00028827.jpg,upper-body clothes,214,149,265,116,406,192
4719,img/img_00028830.jpg,upper-body clothes,221,146,252,106,339,118
4720,img/img_00028831.jpg,upper-body clothes,284,206,248,42,300,16
4721,img/img_00028833.jpg,upper-body clothes,47,292,292,0,47,0
4722,img/img_00028835.jpg,upper-body clothes,397,249,249,0,397,0
4723,img/img_00028837.jpg,upper-body clothes,299,196,288,92,321,22
4724,img/img_00028840.jpg,upper-body clothes,373,324,334,10,433,60
4725,img/img_00028841.jpg,upper-body clothes,230,136,301,165,244,14
4726,img/img_00028842.jpg,upper-body clothes,329,324,324,0,329,0
4727,img/img_00028844.jpg,upper-body clothes,420,218,218,0,420,0
4728,img/img_00028853.jpg,full-body clothes,292,376,376,0,292,0
4729,img/img_00028854.jpg,full-body clothes,389,374,374,0,389,0
4730,img/img_00028856.jpg,full-body clothes,259,286,286,0,259,0
4731,img/img_00028869.jpg,upper-body clothes,187,248,248,0,187,0
4732,img/img_00028878.jpg,upper-body clothes,170,201,207,6,201,31
4733,img/img_00028880.jpg,upper-body clothes,298,228,287,59,336,38
4734,img/img_00028882.jpg,upper-body clothes,427,375,375,0,427,0
4735,img/img_00028884.jpg,lower-body clothes,328,127,235,108,399,71
4736,img/img_00028890.jpg,lower-body clothes,105,316,316,0,105,0
4737,img/img_00028902.jpg,lower-body clothes,75,14,216,202,404,329
4738,img/img_00028930.jpg,full-body clothes,217,81,241,160,237,20
4739,img/img_00028948.jpg,full-body clothes,397,275,275,0,397,0
4740,img/img_00028960.jpg,full-body clothes,485,325,325,0,485,0
4741,img/img_00028973.jpg,full-body clothes,390,134,134,0,390,0
4742,img/img_00028995.jpg,lower-body clothes,401,215,283,68,444,43
4743,img/img_00028998.jpg,lower-body clothes,205,109,175,66,389,184
4744,img/img_00029001.jpg,upper-body clothes,291,213,262,49,340,49
4745,img/img_00029002.jpg,upper-body clothes,273,146,259,113,322,49
4746,img/img_00029006.jpg,full-body clothes,234,286,286,0,234,0
4747,img/img_00029008.jpg,full-body clothes,393,271,271,0,393,0
4748,img/img_00029011.jpg,full-body clothes,300,178,324,146,414,114
4749,img/img_00029015.jpg,full-body clothes,259,126,221,95,386,127
4750,img/img_00029016.jpg,full-body clothes,248,216,223,7,259,11
4751,img/img_00029018.jpg,full-body clothes,331,303,303,0,331,0
4752,img/img_00029022.jpg,full-body clothes,56,23,234,211,276,220
4753,img/img_00029023.jpg,full-body clothes,374,193,272,79,475,101
4754,img/img_00029024.jpg,full-body clothes,215,321,321,0,215,0
4755,img/img_00029026.jpg,full-body clothes,243,178,198,20,390,147
4756,img/img_00029045.jpg,full-body clothes,477,290,290,0,477,0
4757,img/img_00029048.jpg,upper-body clothes,405,316,330,14,450,45
4758,img/img_00029053.jpg,upper-body clothes,365,327,339,12,381,16
4759,img/img_00029066.jpg,upper-body clothes,350,275,328,53,359,9
4760,img/img_00029068.jpg,upper-body clothes,310,333,342,9,320,10
4761,img/img_00029081.jpg,full-body clothes,196,112,244,132,313,117
4762,img/img_00029082.jpg,full-body clothes,440,239,271,32,489,49
4763,img/img_00029085.jpg,full-body clothes,297,150,247,97,320,23
4764,img/img_00029089.jpg,full-body clothes,265,119,257,138,275,10
4765,img/img_00029093.jpg,full-body clothes,155,94,215,121,254,99
4766,img/img_00029106.jpg,full-body clothes,473,259,259,0,473,0
4767,img/img_00029111.jpg,full-body clothes,347,128,241,113,454,107
4768,img/img_00029119.jpg,full-body clothes,223,322,322,0,223,0
4769,img/img_00029136.jpg,full-body clothes,357,170,268,98,363,6
4770,img/img_00029148.jpg,full-body clothes,320,246,246,0,320,0
4771,img/img_00029152.jpg,full-body clothes,176,93,190,97,236,60
4772,img/img_00029156.jpg,full-body clothes,196,123,252,129,273,77
4773,img/img_00029157.jpg,full-body clothes,141,92,172,80,204,63
4774,img/img_00029171.jpg,full-body clothes,347,428,428,0,347,0
4775,img/img_00029180.jpg,full-body clothes,465,259,259,0,465,0
4776,img/img_00029182.jpg,full-body clothes,173,94,230,136,335,162
4777,img/img_00029183.jpg,full-body clothes,155,77,260,183,343,188
4778,img/img_00029189.jpg,upper-body clothes,295,209,263,54,427,132
4779,img/img_00029197.jpg,full-body clothes,493,356,356,0,493,0
4780,img/img_00029201.jpg,upper-body clothes,148,377,377,0,148,0
4781,img/img_00029206.jpg,full-body clothes,191,75,242,167,353,162
4782,img/img_00029209.jpg,full-body clothes,270,100,243,143,278,8
4783,img/img_00029214.jpg,full-body clothes,378,156,190,34,422,44
4784,img/img_00029222.jpg,full-body clothes,383,301,317,16,404,21
4785,img/img_00029227.jpg,full-body clothes,266,164,313,149,322,56
4786,img/img_00029230.jpg,full-body clothes,192,334,334,0,192,0
4787,img/img_00029244.jpg,full-body clothes,357,204,204,0,357,0
4788,img/img_00029245.jpg,full-body clothes,499,317,317,0,499,0
4789,img/img_00029251.jpg,upper-body clothes,314,186,225,39,487,173
4790,img/img_00029258.jpg,upper-body clothes,369,309,322,13,461,92
4791,img/img_00029279.jpg,upper-body clothes,161,334,334,0,161,0
4792,img/img_00029290.jpg,upper-body clothes,305,226,287,61,459,154
4793,img/img_00029291.jpg,upper-body clothes,235,170,244,74,363,128
4794,img/img_00029296.jpg,upper-body clothes,229,160,253,93,425,196
4795,img/img_00029300.jpg,upper-body clothes,259,158,247,89,376,117
4796,img/img_00029321.jpg,upper-body clothes,232,176,237,61,488,256
4797,img/img_00029325.jpg,upper-body clothes,338,226,298,72,487,149
4798,img/img_00029335.jpg,upper-body clothes,464,251,251,0,464,0
4799,img/img_00029347.jpg,lower-body clothes,246,104,228,124,462,216
4800,img/img_00029348.jpg,lower-body clothes,242,105,229,124,423,181
4801,img/img_00029349.jpg,lower-body clothes,215,98,244,146,406,191
4802,img/img_00029353.jpg,lower-body clothes,300,127,307,180,360,60
4803,img/img_00029358.jpg,lower-body clothes,431,242,242,0,431,0
4804,img/img_00029359.jpg,full-body clothes,486,312,312,0,486,0
4805,img/img_00029371.jpg,full-body clothes,492,226,226,0,492,0
4806,img/img_00029375.jpg,full-body clothes,382,123,244,121,471,89
4807,img/img_00029379.jpg,full-body clothes,491,293,293,0,491,0
4808,img/img_00029381.jpg,full-body clothes,482,353,353,0,482,0
4809,img/img_00029388.jpg,full-body clothes,447,150,150,0,447,0
4810,img/img_00029397.jpg,upper-body clothes,279,194,345,151,425,146
4811,img/img_00029398.jpg,lower-body clothes,330,114,236,122,406,76
4812,img/img_00029418.jpg,lower-body clothes,348,181,260,79,369,21
4813,img/img_00029423.jpg,lower-body clothes,165,91,187,96,420,255
4814,img/img_00029439.jpg,lower-body clothes,17,348,348,0,17,0
4815,img/img_00029444.jpg,lower-body clothes,333,131,207,76,383,50
4816,img/img_00029448.jpg,lower-body clothes,480,206,297,91,485,5
4817,img/img_00029449.jpg,lower-body clothes,1,1,1,0,1,0
4818,img/img_00029468.jpg,lower-body clothes,381,202,307,105,508,127
4819,img/img_00029471.jpg,lower-body clothes,50,247,247,0,50,0
4820,img/img_00029476.jpg,lower-body clothes,292,226,344,118,460,168
4821,img/img_00029479.jpg,lower-body clothes,289,226,344,118,463,174
4822,img/img_00029481.jpg,lower-body clothes,357,266,266,0,357,0
4823,img/img_00029485.jpg,lower-body clothes,93,363,363,0,93,0
4824,img/img_00029507.jpg,lower-body clothes,377,174,213,39,411,34
4825,img/img_00029510.jpg,lower-body clothes,454,250,297,47,459,5
4826,img/img_00029514.jpg,full-body clothes,419,251,262,11,427,8
4827,img/img_00029534.jpg,full-body clothes,170,91,188,97,344,174
4828,img/img_00029544.jpg,upper-body clothes,283,217,276,59,438,155
4829,img/img_00029549.jpg,lower-body clothes,174,75,130,55,418,244
4830,img/img_00029554.jpg,lower-body clothes,268,309,359,50,289,21
4831,img/img_00029558.jpg,lower-body clothes,156,63,237,174,303,147
4832,img/img_00029566.jpg,lower-body clothes,463,212,265,53,509,46
4833,img/img_00029567.jpg,lower-body clothes,384,34,213,179,439,55
4834,img/img_00029569.jpg,lower-body clothes,252,112,235,123,435,183
4835,img/img_00029572.jpg,full-body clothes,430,235,271,36,455,25
4836,img/img_00029578.jpg,full-body clothes,272,224,295,71,437,165
4837,img/img_00029582.jpg,upper-body clothes,330,205,284,79,473,143
4838,img/img_00029593.jpg,upper-body clothes,395,308,350,42,405,10
4839,img/img_00029594.jpg,upper-body clothes,267,268,279,11,338,71
4840,img/img_00029598.jpg,upper-body clothes,246,375,375,0,246,0
4841,img/img_00029600.jpg,upper-body clothes,169,129,298,169,342,173
4842,img/img_00029616.jpg,upper-body clothes,39,210,210,0,39,0
4843,img/img_00029625.jpg,upper-body clothes,459,282,282,0,459,0
4844,img/img_00029634.jpg,upper-body clothes,273,198,265,67,436,163
4845,img/img_00029642.jpg,upper-body clothes,322,279,368,89,408,86
4846,img/img_00029664.jpg,upper-body clothes,173,125,205,80,339,166
4847,img/img_00029669.jpg,upper-body clothes,168,133,239,106,361,193
4848,img/img_00029677.jpg,lower-body clothes,224,115,188,73,452,228
4849,img/img_00029683.jpg,upper-body clothes,123,94,213,119,297,174
4850,img/img_00029684.jpg,upper-body clothes,137,65,163,98,244,107
4851,img/img_00029696.jpg,upper-body clothes,378,250,303,53,415,37
4852,img/img_00029701.jpg,full-body clothes,380,246,287,41,461,81
4853,img/img_00029706.jpg,upper-body clothes,305,205,277,72,319,14
4854,img/img_00029718.jpg,full-body clothes,386,259,319,60,483,97
4855,img/img_00029736.jpg,full-body clothes,265,244,249,5,453,188
4856,img/img_00029738.jpg,full-body clothes,262,146,183,37,441,179
4857,img/img_00029739.jpg,full-body clothes,121,67,183,116,296,175
4858,img/img_00029741.jpg,full-body clothes,233,348,348,0,233,0
4859,img/img_00029746.jpg,lower-body clothes,354,67,221,154,387,33
4860,img/img_00029753.jpg,lower-body clothes,119,454,454,0,119,0
4861,img/img_00029758.jpg,lower-body clothes,331,207,207,0,331,0
4862,img/img_00029762.jpg,lower-body clothes,453,334,334,0,453,0
4863,img/img_00029765.jpg,upper-body clothes,394,335,374,39,471,77
4864,img/img_00029783.jpg,upper-body clothes,224,146,265,119,311,87
4865,img/img_00029785.jpg,upper-body clothes,219,138,271,133,347,128
4866,img/img_00029800.jpg,lower-body clothes,266,138,239,101,315,49
4867,img/img_00029802.jpg,upper-body clothes,134,92,214,122,283,149
4868,img/img_00029803.jpg,upper-body clothes,89,66,84,18,241,152
4869,img/img_00029810.jpg,upper-body clothes,251,379,379,0,251,0
4870,img/img_00029812.jpg,upper-body clothes,408,87,121,34,439,31
4871,img/img_00029818.jpg,upper-body clothes,343,244,287,43,381,38
4872,img/img_00029825.jpg,full-body clothes,247,309,309,0,247,0
4873,img/img_00029829.jpg,lower-body clothes,435,313,313,0,435,0
4874,img/img_00029834.jpg,lower-body clothes,6,278,278,0,6,0
4875,img/img_00029835.jpg,lower-body clothes,479,280,280,0,479,0
4876,img/img_00029836.jpg,lower-body clothes,317,207,221,14,344,27
4877,img/img_00029839.jpg,full-body clothes,301,188,291,103,447,146
4878,img/img_00029847.jpg,full-body clothes,479,280,280,0,479,0
4879,img/img_00029848.jpg,full-body clothes,119,93,250,157,216,97
4880,img/img_00029850.jpg,full-body clothes,378,168,225,57,402,24
4881,img/img_00029872.jpg,full-body clothes,458,330,330,0,458,0
4882,img/img_00029875.jpg,full-body clothes,241,196,270,74,418,177
4883,img/img_00029904.jpg,full-body clothes,424,246,246,0,424,0
4884,img/img_00029908.jpg,full-body clothes,158,83,229,146,168,10
4885,img/img_00029914.jpg,upper-body clothes,338,191,275,84,487,149
4886,img/img_00029917.jpg,upper-body clothes,282,184,308,124,394,112
4887,img/img_00029921.jpg,full-body clothes,377,266,266,0,377,0
4888,img/img_00029923.jpg,full-body clothes,300,145,229,84,433,133
4889,img/img_00029929.jpg,full-body clothes,476,315,315,0,476,0
4890,img/img_00029943.jpg,full-body clothes,351,171,248,77,476,125
4891,img/img_00029950.jpg,full-body clothes,135,78,188,110,274,139
4892,img/img_00029959.jpg,full-body clothes,231,268,268,0,231,0
4893,img/img_00029960.jpg,full-body clothes,255,158,290,132,384,129
4894,img/img_00029969.jpg,full-body clothes,206,143,201,58,352,146
4895,img/img_00029982.jpg,full-body clothes,284,104,238,134,378,94
4896,img/img_00029984.jpg,full-body clothes,243,88,226,138,471,228
4897,img/img_00029988.jpg,full-body clothes,392,369,369,0,392,0
4898,img/img_00030003.jpg,full-body clothes,329,220,375,155,475,146
4899,img/img_00030006.jpg,full-body clothes,369,270,270,0,369,0
4900,img/img_00030010.jpg,upper-body clothes,407,260,301,41,456,49
4901,img/img_00030013.jpg,upper-body clothes,177,182,268,86,255,78
4902,img/img_00030017.jpg,full-body clothes,359,277,277,0,359,0
4903,img/img_00030021.jpg,full-body clothes,465,331,331,0,465,0
4904,img/img_00030022.jpg,full-body clothes,410,295,318,23,505,95
4905,img/img_00030034.jpg,full-body clothes,485,308,308,0,485,0
4906,img/img_00030035.jpg,upper-body clothes,294,277,310,33,446,152
4907,img/img_00030046.jpg,lower-body clothes,120,118,222,104,230,110
4908,img/img_00030047.jpg,lower-body clothes,115,101,208,107,355,240
4909,img/img_00030054.jpg,full-body clothes,236,29,151,122,425,189
4910,img/img_00030058.jpg,full-body clothes,333,225,225,0,333,0
4911,img/img_00030079.jpg,full-body clothes,434,275,275,0,434,0
4912,img/img_00030085.jpg,full-body clothes,298,184,260,76,482,184
4913,img/img_00030087.jpg,full-body clothes,431,314,371,57,480,49
4914,img/img_00030105.jpg,lower-body clothes,166,37,192,155,420,254
4915,img/img_00030124.jpg,full-body clothes,268,166,248,82,457,189
4916,img/img_00030132.jpg,upper-body clothes,230,144,217,73,380,150
4917,img/img_00030133.jpg,full-body clothes,315,169,252,83,436,121
4918,img/img_00030138.jpg,lower-body clothes,318,126,222,96,362,44
4919,img/img_00030144.jpg,upper-body clothes,311,172,263,91,452,141
4920,img/img_00030146.jpg,lower-body clothes,343,116,230,114,415,72
4921,img/img_00030151.jpg,lower-body clothes,478,240,240,0,478,0
4922,img/img_00030154.jpg,lower-body clothes,265,105,226,121,412,147
4923,img/img_00030157.jpg,lower-body clothes,294,216,271,55,403,109
4924,img/img_00030174.jpg,upper-body clothes,371,306,323,17,471,100
4925,img/img_00030183.jpg,upper-body clothes,371,359,378,19,482,111
4926,img/img_00030200.jpg,full-body clothes,400,270,270,0,400,0
4927,img/img_00030204.jpg,full-body clothes,481,284,284,0,481,0
4928,img/img_00030206.jpg,full-body clothes,271,204,293,89,363,92
4929,img/img_00030212.jpg,full-body clothes,143,76,216,140,300,157
4930,img/img_00030214.jpg,full-body clothes,400,249,312,63,456,56
4931,img/img_00030230.jpg,lower-body clothes,385,29,199,170,415,30
4932,img/img_00030234.jpg,full-body clothes,272,138,240,102,340,68
4933,img/img_00030242.jpg,lower-body clothes,225,248,383,135,286,61
4934,img/img_00030244.jpg,full-body clothes,451,271,298,27,471,20
4935,img/img_00030250.jpg,full-body clothes,253,120,226,106,411,158
4936,img/img_00030251.jpg,full-body clothes,175,103,232,129,343,168
4937,img/img_00030265.jpg,full-body clothes,368,368,368,0,368,0
4938,img/img_00030267.jpg,full-body clothes,464,272,272,0,464,0
4939,img/img_00030276.jpg,full-body clothes,318,174,280,106,328,10
4940,img/img_00030282.jpg,upper-body clothes,487,335,373,38,495,8
4941,img/img_00030287.jpg,upper-body clothes,455,311,347,36,482,27
4942,img/img_00030288.jpg,upper-body clothes,400,274,327,53,433,33
4943,img/img_00030295.jpg,full-body clothes,186,88,266,178,200,14
4944,img/img_00030296.jpg,full-body clothes,476,307,307,0,476,0
4945,img/img_00030302.jpg,full-body clothes,463,363,363,0,463,0
4946,img/img_00030305.jpg,upper-body clothes,429,264,296,32,467,38
4947,img/img_00030307.jpg,upper-body clothes,251,191,267,76,433,182
4948,img/img_00030310.jpg,upper-body clothes,274,195,274,79,393,119
4949,img/img_00030314.jpg,full-body clothes,258,218,287,69,354,96
4950,img/img_00030327.jpg,full-body clothes,154,38,195,157,392,238
4951,img/img_00030329.jpg,full-body clothes,245,133,231,98,394,149
4952,img/img_00030340.jpg,lower-body clothes,215,112,213,101,238,23
4953,img/img_00030348.jpg,full-body clothes,96,72,266,194,269,173
4954,img/img_00030350.jpg,lower-body clothes,134,100,234,134,384,250
4955,img/img_00030352.jpg,lower-body clothes,278,251,251,0,278,0
4956,img/img_00030353.jpg,lower-body clothes,406,275,275,0,406,0
4957,img/img_00030360.jpg,full-body clothes,363,141,245,104,438,75
4958,img/img_00030361.jpg,full-body clothes,363,140,261,121,371,8
4959,img/img_00030372.jpg,full-body clothes,441,301,301,0,441,0
4960,img/img_00030374.jpg,full-body clothes,494,303,323,20,498,4
4961,img/img_00030382.jpg,full-body clothes,377,347,347,0,377,0
4962,img/img_00030383.jpg,full-body clothes,496,326,326,0,496,0
4963,img/img_00030385.jpg,full-body clothes,305,135,257,122,464,159
4964,img/img_00030402.jpg,full-body clothes,343,207,238,31,457,114
4965,img/img_00030405.jpg,full-body clothes,502,354,354,0,502,0
4966,img/img_00030407.jpg,full-body clothes,204,111,225,114,258,54
4967,img/img_00030415.jpg,full-body clothes,430,307,326,19,436,6
4968,img/img_00030417.jpg,full-body clothes,348,212,273,61,489,141
4969,img/img_00030418.jpg,full-body clothes,478,267,267,0,478,0
4970,img/img_00030426.jpg,full-body clothes,176,100,209,109,278,102
4971,img/img_00030435.jpg,full-body clothes,218,122,250,128,294,76
4972,img/img_00030442.jpg,lower-body clothes,57,71,311,240,184,127
4973,img/img_00030458.jpg,full-body clothes,374,233,301,68,413,39
4974,img/img_00030466.jpg,upper-body clothes,460,283,320,37,502,42
4975,img/img_00030481.jpg,full-body clothes,223,152,175,23,338,115
4976,img/img_00030497.jpg,full-body clothes,400,250,250,0,400,0
4977,img/img_00030501.jpg,lower-body clothes,186,155,285,130,384,198
4978,img/img_00030503.jpg,lower-body clothes,261,333,419,86,283,22
4979,img/img_00030513.jpg,upper-body clothes,414,363,363,0,414,0
4980,img/img_00030517.jpg,lower-body clothes,91,344,344,0,91,0
4981,img/img_00030518.jpg,lower-body clothes,330,251,316,65,363,33
4982,img/img_00030521.jpg,full-body clothes,270,56,212,156,308,38
4983,img/img_00030530.jpg,full-body clothes,476,320,320,0,476,0
4984,img/img_00030531.jpg,full-body clothes,488,303,303,0,488,0
4985,img/img_00030545.jpg,upper-body clothes,321,223,295,72,465,144
4986,img/img_00030560.jpg,upper-body clothes,331,234,260,26,340,9
4987,img/img_00030566.jpg,full-body clothes,155,76,314,238,379,224
4988,img/img_00030567.jpg,full-body clothes,327,187,262,75,450,123
4989,img/img_00030572.jpg,full-body clothes,419,224,224,0,419,0
4990,img/img_00030574.jpg,full-body clothes,213,285,285,0,213,0
4991,img/img_00030585.jpg,full-body clothes,434,281,281,0,434,0
4992,img/img_00030586.jpg,upper-body clothes,187,149,249,100,388,201
4993,img/img_00030588.jpg,upper-body clothes,185,377,377,0,185,0
4994,img/img_00030590.jpg,full-body clothes,245,86,250,164,399,154
4995,img/img_00030595.jpg,full-body clothes,491,275,275,0,491,0
4996,img/img_00030598.jpg,full-body clothes,376,324,324,0,376,0
4997,img/img_00030605.jpg,full-body clothes,404,240,269,29,489,85
4998,img/img_00030613.jpg,full-body clothes,245,230,298,68,414,169
4999,img/img_00030614.jpg,full-body clothes,178,96,250,154,335,157
5000,img/img_00030616.jpg,full-body clothes,410,220,283,63,453,43
5001,img/img_00030617.jpg,full-body clothes,486,281,321,40,508,22
5002,img/img_00030619.jpg,upper-body clothes,264,349,349,0,264,0
5003,img/img_00030637.jpg,upper-body clothes,184,133,159,26,327,143
5004,img/img_00030644.jpg,upper-body clothes,393,252,264,12,445,52
5005,img/img_00030669.jpg,lower-body clothes,167,78,210,132,414,247
5006,img/img_00030681.jpg,lower-body clothes,211,106,202,96,449,238
5007,img/img_00030696.jpg,upper-body clothes,182,87,136,49,272,90
5008,img/img_00030708.jpg,lower-body clothes,225,63,198,135,438,213
5009,img/img_00030713.jpg,lower-body clothes,5,347,347,0,5,0
5010,img/img_00030716.jpg,lower-body clothes,199,76,193,117,340,141
5011,img/img_00030721.jpg,lower-body clothes,217,147,265,118,439,222
5012,img/img_00030729.jpg,lower-body clothes,196,89,254,165,453,257
5013,img/img_00030734.jpg,lower-body clothes,247,118,215,97,462,215
5014,img/img_00030742.jpg,upper-body clothes,273,181,264,83,445,172
5015,img/img_00030761.jpg,upper-body clothes,212,155,232,77,339,127
5016,img/img_00030762.jpg,upper-body clothes,338,326,423,97,502,164
5017,img/img_00030775.jpg,lower-body clothes,212,96,187,91,396,184
5018,img/img_00030782.jpg,lower-body clothes,396,171,281,110,409,13
5019,img/img_00030787.jpg,lower-body clothes,430,193,290,97,435,5
5020,img/img_00030790.jpg,lower-body clothes,179,81,194,113,391,212
5021,img/img_00030799.jpg,full-body clothes,379,334,334,0,379,0
5022,img/img_00030800.jpg,full-body clothes,326,384,384,0,326,0
5023,img/img_00030807.jpg,full-body clothes,354,252,252,0,354,0
5024,img/img_00030808.jpg,full-body clothes,333,175,252,77,440,107
5025,img/img_00030813.jpg,upper-body clothes,266,171,171,0,266,0
5026,img/img_00030822.jpg,lower-body clothes,184,107,141,34,203,19
5027,img/img_00030828.jpg,lower-body clothes,358,211,211,0,358,0
5028,img/img_00030830.jpg,lower-body clothes,186,102,168,66,194,8
5029,img/img_00030833.jpg,lower-body clothes,171,61,173,112,322,151
5030,img/img_00030836.jpg,lower-body clothes,241,74,185,111,252,11
5031,img/img_00030841.jpg,lower-body clothes,218,80,192,112,422,204
5032,img/img_00030844.jpg,lower-body clothes,342,101,207,106,357,15
5033,img/img_00030857.jpg,full-body clothes,157,56,144,88,215,58
5034,img/img_00030860.jpg,full-body clothes,207,178,283,105,329,122
5035,img/img_00030862.jpg,full-body clothes,213,122,147,25,307,94
5036,img/img_00030879.jpg,full-body clothes,367,84,202,118,447,80
5037,img/img_00030880.jpg,full-body clothes,242,68,181,113,285,43
5038,img/img_00030892.jpg,full-body clothes,193,39,151,112,232,39
5039,img/img_00030898.jpg,lower-body clothes,260,96,259,163,479,219
5040,img/img_00030900.jpg,lower-body clothes,31,285,285,0,31,0
5041,img/img_00030913.jpg,lower-body clothes,38,185,185,0,38,0
5042,img/img_00030923.jpg,lower-body clothes,227,105,152,47,239,12
5043,img/img_00030926.jpg,lower-body clothes,105,53,123,70,180,75
5044,img/img_00030927.jpg,lower-body clothes,417,221,303,82,433,16
5045,img/img_00030930.jpg,lower-body clothes,248,115,242,127,451,203
5046,img/img_00030935.jpg,lower-body clothes,288,114,206,92,291,3
5047,img/img_00030946.jpg,lower-body clothes,272,90,119,29,468,196
5048,img/img_00030961.jpg,upper-body clothes,221,137,183,46,352,131
5049,img/img_00030966.jpg,upper-body clothes,323,457,457,0,323,0
5050,img/img_00030972.jpg,upper-body clothes,231,136,251,115,413,182
5051,img/img_00030973.jpg,upper-body clothes,148,120,249,129,243,95
5052,img/img_00030976.jpg,upper-body clothes,427,310,310,0,427,0
5053,img/img_00030979.jpg,upper-body clothes,379,320,362,42,463,84
5054,img/img_00030980.jpg,upper-body clothes,70,35,97,62,123,53
5055,img/img_00030983.jpg,upper-body clothes,85,43,201,158,168,83
5056,img/img_00030985.jpg,upper-body clothes,187,83,176,93,318,131
5057,img/img_00030989.jpg,upper-body clothes,148,96,192,96,258,110
5058,img/img_00030994.jpg,upper-body clothes,195,107,220,113,249,54
5059,img/img_00030996.jpg,upper-body clothes,52,47,117,70,109,57
5060,img/img_00031002.jpg,upper-body clothes,290,86,198,112,422,132
5061,img/img_00031003.jpg,upper-body clothes,332,128,223,95,444,112
5062,img/img_00031020.jpg,upper-body clothes,124,108,136,28,186,62
5063,img/img_00031021.jpg,upper-body clothes,129,81,142,61,208,79
5064,img/img_00031030.jpg,upper-body clothes,242,99,232,133,394,152
5065,img/img_00031040.jpg,upper-body clothes,89,103,149,46,183,94
5066,img/img_00031060.jpg,upper-body clothes,133,84,296,212,248,115
5067,img/img_00031065.jpg,upper-body clothes,188,168,250,82,325,137
5068,img/img_00031071.jpg,upper-body clothes,281,188,294,106,432,151
5069,img/img_00031073.jpg,upper-body clothes,111,66,110,44,172,61
5070,img/img_00031081.jpg,upper-body clothes,121,79,286,207,197,76
5071,img/img_00031084.jpg,lower-body clothes,197,117,248,131,428,231
5072,img/img_00031093.jpg,lower-body clothes,147,53,143,90,281,134
5073,img/img_00031094.jpg,lower-body clothes,361,215,215,0,361,0
5074,img/img_00031095.jpg,lower-body clothes,231,76,185,109,420,189
5075,img/img_00031102.jpg,lower-body clothes,181,75,196,121,409,228
5076,img/img_00031110.jpg,full-body clothes,182,95,186,91,260,78
5077,img/img_00031116.jpg,lower-body clothes,248,79,243,164,451,203
5078,img/img_00031119.jpg,lower-body clothes,275,161,457,296,313,38
5079,img/img_00031120.jpg,lower-body clothes,248,82,242,160,428,180
5080,img/img_00031130.jpg,lower-body clothes,249,96,133,37,301,52
5081,img/img_00031140.jpg,lower-body clothes,219,147,224,77,447,228
5082,img/img_00031142.jpg,lower-body clothes,122,56,132,76,220,98
5083,img/img_00031159.jpg,upper-body clothes,289,200,277,77,457,168
5084,img/img_00031160.jpg,upper-body clothes,244,197,249,52,389,145
5085,img/img_00031163.jpg,lower-body clothes,220,90,208,118,406,186
5086,img/img_00031175.jpg,lower-body clothes,212,62,133,71,215,3
5087,img/img_00031185.jpg,lower-body clothes,246,46,176,130,458,212
5088,img/img_00031192.jpg,lower-body clothes,394,40,180,140,443,49
5089,img/img_00031195.jpg,lower-body clothes,348,169,169,0,348,0
5090,img/img_00031201.jpg,lower-body clothes,151,80,166,86,301,150
5091,img/img_00031203.jpg,lower-body clothes,172,87,230,143,374,202
5092,img/img_00031218.jpg,lower-body clothes,117,80,234,154,340,223
5093,img/img_00031221.jpg,lower-body clothes,165,139,251,112,284,119
5094,img/img_00031233.jpg,lower-body clothes,161,160,247,87,169,8
5095,img/img_00031245.jpg,lower-body clothes,117,171,278,107,347,230
5096,img/img_00031250.jpg,lower-body clothes,185,191,267,76,458,273
5097,img/img_00031253.jpg,lower-body clothes,67,104,256,152,278,211
5098,img/img_00031254.jpg,lower-body clothes,99,124,225,101,265,166
5099,img/img_00031257.jpg,lower-body clothes,159,139,245,106,469,310
5100,img/img_00031265.jpg,upper-body clothes,142,131,169,38,244,102
5101,img/img_00031267.jpg,upper-body clothes,332,243,301,58,428,96
5102,img/img_00031270.jpg,upper-body clothes,216,297,297,0,216,0
5103,img/img_00031283.jpg,upper-body clothes,90,62,152,90,160,70
5104,img/img_00031287.jpg,upper-body clothes,259,159,230,71,390,131
5105,img/img_00031296.jpg,upper-body clothes,247,141,228,87,433,186
5106,img/img_00031305.jpg,upper-body clothes,45,31,124,93,89,44
5107,img/img_00031325.jpg,upper-body clothes,256,162,342,180,400,144
5108,img/img_00031326.jpg,upper-body clothes,143,76,137,61,193,50
5109,img/img_00031340.jpg,lower-body clothes,286,113,222,109,309,23
5110,img/img_00031342.jpg,lower-body clothes,396,217,217,0,396,0
5111,img/img_00031344.jpg,lower-body clothes,383,180,271,91,422,39
5112,img/img_00031349.jpg,lower-body clothes,268,89,189,100,345,77
5113,img/img_00031352.jpg,lower-body clothes,70,306,306,0,70,0
5114,img/img_00031357.jpg,lower-body clothes,350,146,240,94,404,54
5115,img/img_00031359.jpg,upper-body clothes,299,212,273,61,470,171
5116,img/img_00031360.jpg,upper-body clothes,484,276,276,0,484,0
5117,img/img_00031364.jpg,upper-body clothes,370,394,394,0,370,0
5118,img/img_00031365.jpg,upper-body clothes,233,103,226,123,241,8
5119,img/img_00031366.jpg,upper-body clothes,504,335,335,0,504,0
5120,img/img_00031368.jpg,upper-body clothes,334,181,213,32,478,144
5121,img/img_00031369.jpg,upper-body clothes,251,172,334,162,383,132
5122,img/img_00031373.jpg,upper-body clothes,358,142,266,124,468,110
5123,img/img_00031377.jpg,upper-body clothes,102,60,120,60,147,45
5124,img/img_00031381.jpg,upper-body clothes,256,148,260,112,445,189
5125,img/img_00031385.jpg,upper-body clothes,138,104,142,38,210,72
5126,img/img_00031391.jpg,lower-body clothes,198,58,115,57,200,2
5127,img/img_00031394.jpg,lower-body clothes,239,71,290,219,464,225
5128,img/img_00031400.jpg,lower-body clothes,213,72,176,104,399,186
5129,img/img_00031401.jpg,lower-body clothes,414,66,214,148,471,57
5130,img/img_00031413.jpg,full-body clothes,148,70,127,57,198,50
5131,img/img_00031421.jpg,full-body clothes,291,179,272,93,399,108
5132,img/img_00031423.jpg,full-body clothes,161,159,159,0,161,0
5133,img/img_00031432.jpg,lower-body clothes,241,291,294,3,263,22
5134,img/img_00031437.jpg,lower-body clothes,165,51,159,108,301,136
5135,img/img_00031457.jpg,lower-body clothes,218,61,195,134,378,160
5136,img/img_00031460.jpg,lower-body clothes,275,212,212,0,275,0
5137,img/img_00031463.jpg,lower-body clothes,291,210,210,0,291,0
5138,img/img_00031472.jpg,lower-body clothes,280,230,230,0,280,0
5139,img/img_00031473.jpg,lower-body clothes,371,123,237,114,403,32
5140,img/img_00031475.jpg,lower-body clothes,418,75,309,234,442,24
5141,img/img_00031478.jpg,full-body clothes,297,56,222,166,388,91
5142,img/img_00031479.jpg,full-body clothes,306,84,251,167,407,101
5143,img/img_00031481.jpg,full-body clothes,269,231,231,0,269,0
5144,img/img_00031487.jpg,full-body clothes,354,136,238,102,471,117
5145,img/img_00031490.jpg,full-body clothes,366,82,274,192,496,130
5146,img/img_00031495.jpg,lower-body clothes,77,84,178,94,267,190
5147,img/img_00031505.jpg,lower-body clothes,105,118,248,130,305,200
5148,img/img_00031512.jpg,lower-body clothes,137,136,250,114,276,139
5149,img/img_00031517.jpg,lower-body clothes,133,134,276,142,404,271
5150,img/img_00031522.jpg,lower-body clothes,224,101,217,116,438,214
5151,img/img_00031535.jpg,lower-body clothes,179,69,204,135,417,238
5152,img/img_00031551.jpg,lower-body clothes,310,224,383,159,365,55
5153,img/img_00031560.jpg,upper-body clothes,406,252,315,63,429,23
5154,img/img_00031561.jpg,upper-body clothes,264,271,271,0,264,0
5155,img/img_00031563.jpg,upper-body clothes,87,63,222,159,112,25
5156,img/img_00031568.jpg,upper-body clothes,215,160,238,78,293,78
5157,img/img_00031571.jpg,upper-body clothes,437,455,455,0,437,0
5158,img/img_00031573.jpg,upper-body clothes,124,94,203,109,199,75
5159,img/img_00031574.jpg,upper-body clothes,243,28,194,166,389,146
5160,img/img_00031593.jpg,upper-body clothes,319,210,310,100,482,163
5161,img/img_00031598.jpg,upper-body clothes,119,83,118,35,215,96
5162,img/img_00031622.jpg,upper-body clothes,381,267,330,63,450,69
5163,img/img_00031631.jpg,lower-body clothes,96,88,143,55,104,8
5164,img/img_00031633.jpg,lower-body clothes,322,257,309,52,340,18
5165,img/img_00031635.jpg,lower-body clothes,53,99,173,74,272,219
5166,img/img_00031641.jpg,full-body clothes,430,115,155,40,500,70
5167,img/img_00031645.jpg,full-body clothes,164,54,127,73,204,40
5168,img/img_00031657.jpg,lower-body clothes,383,263,263,0,383,0
5169,img/img_00031660.jpg,lower-body clothes,152,127,279,152,269,117
5170,img/img_00031664.jpg,lower-body clothes,239,213,326,113,477,238
5171,img/img_00031666.jpg,lower-body clothes,260,208,265,57,447,187
5172,img/img_00031671.jpg,lower-body clothes,284,233,306,73,476,192
5173,img/img_00031678.jpg,lower-body clothes,282,300,305,5,343,61
5174,img/img_00031685.jpg,lower-body clothes,329,156,156,0,329,0
5175,img/img_00031689.jpg,lower-body clothes,372,138,241,103,398,26
5176,img/img_00031690.jpg,full-body clothes,156,154,317,163,285,129
5177,img/img_00031694.jpg,full-body clothes,360,178,234,56,370,10
5178,img/img_00031696.jpg,full-body clothes,411,304,372,68,434,23
5179,img/img_00031697.jpg,full-body clothes,265,174,270,96,363,98
5180,img/img_00031712.jpg,full-body clothes,457,314,314,0,457,0
5181,img/img_00031714.jpg,full-body clothes,323,128,187,59,399,76
5182,img/img_00031722.jpg,full-body clothes,132,134,265,131,361,229
5183,img/img_00031730.jpg,upper-body clothes,405,309,328,19,475,70
5184,img/img_00031736.jpg,upper-body clothes,448,255,328,73,473,25
5185,img/img_00031742.jpg,upper-body clothes,328,278,278,0,328,0
5186,img/img_00031745.jpg,upper-body clothes,347,249,249,0,347,0
5187,img/img_00031753.jpg,lower-body clothes,286,155,288,133,359,73
5188,img/img_00031756.jpg,upper-body clothes,350,221,284,63,357,7
5189,img/img_00031757.jpg,upper-body clothes,303,249,249,0,303,0
5190,img/img_00031758.jpg,upper-body clothes,420,316,341,25,482,62
5191,img/img_00031762.jpg,upper-body clothes,23,229,229,0,23,0
5192,img/img_00031768.jpg,upper-body clothes,495,229,229,0,495,0
5193,img/img_00031770.jpg,upper-body clothes,228,164,288,124,325,97
5194,img/img_00031780.jpg,upper-body clothes,149,171,221,50,293,144
5195,img/img_00031787.jpg,upper-body clothes,500,366,366,0,500,0
5196,img/img_00031790.jpg,upper-body clothes,147,125,284,159,241,94
5197,img/img_00031791.jpg,lower-body clothes,238,203,295,92,246,8
5198,img/img_00031794.jpg,lower-body clothes,472,256,256,0,472,0
5199,img/img_00031795.jpg,lower-body clothes,371,255,325,70,450,79
5200,img/img_00031796.jpg,lower-body clothes,242,58,179,121,333,91
5201,img/img_00031798.jpg,lower-body clothes,302,212,304,92,335,33
5202,img/img_00031804.jpg,lower-body clothes,30,271,271,0,30,0
5203,img/img_00031805.jpg,lower-body clothes,221,213,220,7,378,157
5204,img/img_00031816.jpg,full-body clothes,237,294,294,0,237,0
5205,img/img_00031820.jpg,upper-body clothes,324,270,282,12,341,17
5206,img/img_00031844.jpg,full-body clothes,434,239,283,44,477,43
5207,img/img_00031853.jpg,full-body clothes,356,185,268,83,457,101
5208,img/img_00031865.jpg,lower-body clothes,397,154,254,100,423,26
5209,img/img_00031869.jpg,full-body clothes,210,160,245,85,306,96
5210,img/img_00031873.jpg,full-body clothes,394,294,299,5,418,24
5211,img/img_00031876.jpg,upper-body clothes,329,167,256,89,483,154
5212,img/img_00031881.jpg,upper-body clothes,393,243,303,60,400,7
5213,img/img_00031888.jpg,upper-body clothes,147,96,188,92,259,112
5214,img/img_00031889.jpg,upper-body clothes,400,328,338,10,426,26
5215,img/img_00031891.jpg,upper-body clothes,434,249,280,31,447,13
5216,img/img_00031892.jpg,upper-body clothes,460,313,323,10,482,22
5217,img/img_00031895.jpg,upper-body clothes,401,368,368,0,401,0
5218,img/img_00031897.jpg,upper-body clothes,162,112,158,46,361,199
5219,img/img_00031901.jpg,upper-body clothes,132,109,257,148,241,109
5220,img/img_00031915.jpg,upper-body clothes,448,445,445,0,448,0
5221,img/img_00031928.jpg,upper-body clothes,283,44,219,175,399,116
5222,img/img_00031930.jpg,upper-body clothes,243,192,264,72,271,28
5223,img/img_00031942.jpg,full-body clothes,448,363,363,0,448,0
5224,img/img_00031944.jpg,full-body clothes,176,150,175,25,180,4
5225,img/img_00031945.jpg,full-body clothes,154,324,324,0,154,0
5226,img/img_00031946.jpg,full-body clothes,456,248,248,0,456,0
5227,img/img_00031950.jpg,full-body clothes,232,331,331,0,232,0
5228,img/img_00031960.jpg,upper-body clothes,494,352,352,0,494,0
5229,img/img_00031963.jpg,full-body clothes,187,115,231,116,270,83
5230,img/img_00031968.jpg,full-body clothes,276,116,202,86,405,129
5231,img/img_00031974.jpg,full-body clothes,305,112,221,109,321,16
5232,img/img_00031988.jpg,full-body clothes,201,295,295,0,201,0
5233,img/img_00032001.jpg,full-body clothes,487,358,358,0,487,0
5234,img/img_00032013.jpg,full-body clothes,406,195,271,76,460,54
5235,img/img_00032014.jpg,full-body clothes,436,224,251,27,467,31
5236,img/img_00032027.jpg,lower-body clothes,445,65,234,169,476,31
5237,img/img_00032036.jpg,lower-body clothes,367,125,239,114,400,33
5238,img/img_00032037.jpg,lower-body clothes,384,139,237,98,409,25
5239,img/img_00032042.jpg,upper-body clothes,377,270,314,44,387,10
5240,img/img_00032043.jpg,upper-body clothes,195,274,362,88,365,170
5241,img/img_00032044.jpg,upper-body clothes,410,239,290,51,432,22
5242,img/img_00032045.jpg,upper-body clothes,402,274,332,58,482,80
5243,img/img_00032046.jpg,upper-body clothes,183,374,374,0,183,0
5244,img/img_00032048.jpg,upper-body clothes,137,132,154,22,296,159
5245,img/img_00032065.jpg,upper-body clothes,252,173,259,86,380,128
5246,img/img_00032076.jpg,upper-body clothes,463,298,298,0,463,0
5247,img/img_00032082.jpg,upper-body clothes,194,189,262,73,406,212
5248,img/img_00032093.jpg,lower-body clothes,448,372,372,0,448,0
5249,img/img_00032096.jpg,lower-body clothes,335,138,246,108,365,30
5250,img/img_00032097.jpg,lower-body clothes,321,129,216,87,360,39
5251,img/img_00032104.jpg,lower-body clothes,308,131,233,102,400,92
5252,img/img_00032105.jpg,lower-body clothes,293,188,296,108,329,36
5253,img/img_00032107.jpg,upper-body clothes,292,214,282,68,459,167
5254,img/img_00032110.jpg,upper-body clothes,236,155,225,70,262,26
5255,img/img_00032114.jpg,lower-body clothes,335,182,237,55,443,108
5256,img/img_00032119.jpg,lower-body clothes,389,175,259,84,406,17
5257,img/img_00032120.jpg,lower-body clothes,288,122,183,61,397,109
5258,img/img_00032127.jpg,lower-body clothes,232,125,249,124,415,183
5259,img/img_00032130.jpg,lower-body clothes,288,206,290,84,353,65
5260,img/img_00032138.jpg,upper-body clothes,383,265,303,38,410,27
5261,img/img_00032139.jpg,upper-body clothes,341,231,314,83,355,14
5262,img/img_00032154.jpg,upper-body clothes,196,121,227,106,271,75
5263,img/img_00032157.jpg,upper-body clothes,266,210,260,50,453,187
5264,img/img_00032163.jpg,lower-body clothes,410,163,281,118,433,23
5265,img/img_00032176.jpg,full-body clothes,218,89,237,148,337,119
5266,img/img_00032187.jpg,full-body clothes,88,37,179,142,325,237
5267,img/img_00032190.jpg,full-body clothes,298,187,280,93,318,20
5268,img/img_00032198.jpg,full-body clothes,450,109,197,88,487,37
5269,img/img_00032207.jpg,upper-body clothes,270,241,278,37,416,146
5270,img/img_00032215.jpg,full-body clothes,237,163,231,68,381,144
5271,img/img_00032219.jpg,upper-body clothes,345,357,364,7,452,107
5272,img/img_00032220.jpg,upper-body clothes,409,262,276,14,421,12
5273,img/img_00032234.jpg,full-body clothes,370,367,367,0,370,0
5274,img/img_00032235.jpg,full-body clothes,473,253,292,39,482,9
5275,img/img_00032238.jpg,full-body clothes,469,254,327,73,478,9
5276,img/img_00032239.jpg,full-body clothes,307,175,301,126,318,11
5277,img/img_00032240.jpg,full-body clothes,361,317,340,23,435,74
5278,img/img_00032242.jpg,full-body clothes,291,139,228,89,293,2
5279,img/img_00032257.jpg,full-body clothes,448,223,282,59,454,6
5280,img/img_00032263.jpg,full-body clothes,446,242,242,0,446,0
5281,img/img_00032264.jpg,full-body clothes,380,235,254,19,445,65
5282,img/img_00032268.jpg,upper-body clothes,500,359,359,0,500,0
5283,img/img_00032271.jpg,full-body clothes,468,186,263,77,495,27
5284,img/img_00032276.jpg,upper-body clothes,300,280,390,110,308,8
5285,img/img_00032291.jpg,lower-body clothes,305,135,206,71,377,72
5286,img/img_00032294.jpg,lower-body clothes,389,24,216,192,396,7
5287,img/img_00032295.jpg,lower-body clothes,283,140,251,111,331,48
5288,img/img_00032300.jpg,upper-body clothes,182,135,248,113,283,101
5289,img/img_00032306.jpg,upper-body clothes,368,328,336,8,419,51
5290,img/img_00032310.jpg,upper-body clothes,115,110,234,124,350,235
5291,img/img_00032327.jpg,upper-body clothes,163,123,231,108,225,62
5292,img/img_00032361.jpg,lower-body clothes,338,163,244,81,405,67
5293,img/img_00032368.jpg,full-body clothes,254,138,300,162,344,90
5294,img/img_00032370.jpg,full-body clothes,222,136,239,103,298,76
5295,img/img_00032377.jpg,lower-body clothes,109,92,253,161,384,275
5296,img/img_00032382.jpg,full-body clothes,438,226,226,0,438,0
5297,img/img_00032384.jpg,full-body clothes,489,358,372,14,497,8
5298,img/img_00032385.jpg,full-body clothes,301,180,271,91,474,173
5299,img/img_00032396.jpg,full-body clothes,94,56,56,0,94,0
5300,img/img_00032398.jpg,full-body clothes,424,307,307,0,424,0
5301,img/img_00032404.jpg,full-body clothes,271,240,240,0,271,0
5302,img/img_00032405.jpg,full-body clothes,290,193,193,0,290,0
5303,img/img_00032409.jpg,full-body clothes,374,282,282,0,374,0
5304,img/img_00032412.jpg,full-body clothes,470,144,240,96,474,4
5305,img/img_00032413.jpg,full-body clothes,387,137,285,148,408,21
5306,img/img_00032414.jpg,full-body clothes,243,79,228,149,378,135
5307,img/img_00032419.jpg,upper-body clothes,202,293,293,0,202,0
5308,img/img_00032435.jpg,upper-body clothes,460,331,331,0,460,0
5309,img/img_00032457.jpg,full-body clothes,457,308,308,0,457,0
5310,img/img_00032458.jpg,full-body clothes,421,253,315,62,473,52
5311,img/img_00032462.jpg,full-body clothes,400,194,359,165,496,96
5312,img/img_00032463.jpg,full-body clothes,238,136,249,113,344,106
5313,img/img_00032465.jpg,full-body clothes,456,284,284,0,456,0
5314,img/img_00032470.jpg,lower-body clothes,388,297,334,37,395,7
5315,img/img_00032474.jpg,lower-body clothes,201,157,221,64,384,183
5316,img/img_00032483.jpg,lower-body clothes,96,66,174,108,206,110
5317,img/img_00032486.jpg,lower-body clothes,409,336,336,0,409,0
5318,img/img_00032493.jpg,full-body clothes,312,190,269,79,475,163
5319,img/img_00032496.jpg,upper-body clothes,128,87,225,138,211,83
5320,img/img_00032500.jpg,full-body clothes,213,92,294,202,404,191
5321,img/img_00032501.jpg,full-body clothes,251,112,273,161,333,82
5322,img/img_00032504.jpg,full-body clothes,372,138,224,86,432,60
5323,img/img_00032517.jpg,full-body clothes,277,190,236,46,284,7
5324,img/img_00032518.jpg,full-body clothes,262,157,253,96,280,18
5325,img/img_00032519.jpg,full-body clothes,141,332,332,0,141,0
5326,img/img_00032523.jpg,full-body clothes,215,128,322,194,289,74
5327,img/img_00032530.jpg,full-body clothes,365,257,284,27,487,122
5328,img/img_00032556.jpg,full-body clothes,476,286,286,0,476,0
5329,img/img_00032560.jpg,lower-body clothes,56,48,196,148,308,252
5330,img/img_00032566.jpg,lower-body clothes,349,320,356,36,406,57
5331,img/img_00032568.jpg,lower-body clothes,352,240,314,74,397,45
5332,img/img_00032580.jpg,upper-body clothes,337,229,268,39,416,79
5333,img/img_00032585.jpg,upper-body clothes,232,124,245,121,368,136
5334,img/img_00032593.jpg,upper-body clothes,248,142,282,140,355,107
5335,img/img_00032604.jpg,upper-body clothes,405,265,265,0,405,0
5336,img/img_00032611.jpg,upper-body clothes,172,286,321,35,298,126
5337,img/img_00032613.jpg,upper-body clothes,174,120,163,43,191,17
5338,img/img_00032615.jpg,upper-body clothes,345,160,257,97,399,54
5339,img/img_00032617.jpg,upper-body clothes,119,53,241,188,270,151
5340,img/img_00032621.jpg,upper-body clothes,97,91,175,84,206,109
5341,img/img_00032627.jpg,upper-body clothes,424,357,357,0,424,0
5342,img/img_00032628.jpg,full-body clothes,328,225,290,65,484,156
5343,img/img_00032630.jpg,full-body clothes,166,108,213,105,252,86
5344,img/img_00032634.jpg,full-body clothes,275,96,278,182,394,119
5345,img/img_00032647.jpg,full-body clothes,368,253,318,65,490,122
5346,img/img_00032651.jpg,full-body clothes,362,198,238,40,462,100
5347,img/img_00032673.jpg,full-body clothes,164,102,216,114,342,178
5348,img/img_00032676.jpg,full-body clothes,225,101,231,130,313,88
5349,img/img_00032689.jpg,full-body clothes,483,276,285,9,500,17
5350,img/img_00032692.jpg,upper-body clothes,428,293,329,36,461,33
5351,img/img_00032699.jpg,full-body clothes,314,258,278,20,315,1
5352,img/img_00032703.jpg,upper-body clothes,200,251,251,0,200,0
5353,img/img_00032710.jpg,upper-body clothes,329,258,298,40,442,113
5354,img/img_00032713.jpg,lower-body clothes,356,224,235,11,384,28
5355,img/img_00032716.jpg,full-body clothes,192,96,232,136,315,123
5356,img/img_00032725.jpg,lower-body clothes,340,122,257,135,419,79
5357,img/img_00032730.jpg,lower-body clothes,89,299,299,0,89,0
5358,img/img_00032733.jpg,lower-body clothes,242,239,255,16,318,76
5359,img/img_00032734.jpg,lower-body clothes,348,267,267,0,348,0
5360,img/img_00032736.jpg,lower-body clothes,248,201,282,81,271,23
5361,img/img_00032744.jpg,lower-body clothes,194,162,257,95,302,108
5362,img/img_00032751.jpg,lower-body clothes,348,354,369,15,454,106
5363,img/img_00032753.jpg,lower-body clothes,226,343,346,3,353,127
5364,img/img_00032759.jpg,full-body clothes,217,73,198,125,229,12
5365,img/img_00032760.jpg,full-body clothes,431,351,351,0,431,0
5366,img/img_00032763.jpg,full-body clothes,352,377,382,5,360,8
5367,img/img_00032777.jpg,upper-body clothes,207,237,324,87,308,101
5368,img/img_00032781.jpg,full-body clothes,129,72,224,152,235,106
5369,img/img_00032783.jpg,full-body clothes,486,284,331,47,504,18
5370,img/img_00032784.jpg,full-body clothes,480,169,169,0,480,0
5371,img/img_00032785.jpg,full-body clothes,504,375,375,0,504,0
5372,img/img_00032790.jpg,upper-body clothes,328,223,223,0,328,0
5373,img/img_00032799.jpg,upper-body clothes,445,369,377,8,495,50
5374,img/img_00032802.jpg,upper-body clothes,165,451,451,0,165,0
5375,img/img_00032809.jpg,lower-body clothes,271,411,411,0,271,0
5376,img/img_00032810.jpg,full-body clothes,228,178,258,80,299,71
5377,img/img_00032815.jpg,upper-body clothes,333,231,315,84,369,36
5378,img/img_00032818.jpg,lower-body clothes,173,493,493,0,173,0
5379,img/img_00032837.jpg,full-body clothes,309,148,252,104,447,138
5380,img/img_00032840.jpg,full-body clothes,476,273,273,0,476,0
5381,img/img_00032844.jpg,full-body clothes,504,267,267,0,504,0
5382,img/img_00032850.jpg,full-body clothes,200,117,278,161,428,228
5383,img/img_00032859.jpg,full-body clothes,383,260,272,12,391,8
5384,img/img_00032863.jpg,full-body clothes,249,106,192,86,394,145
5385,img/img_00032868.jpg,full-body clothes,190,229,229,0,190,0
5386,img/img_00032869.jpg,full-body clothes,319,251,251,0,319,0
5387,img/img_00032873.jpg,full-body clothes,416,260,260,0,416,0
5388,img/img_00032875.jpg,full-body clothes,243,269,269,0,243,0
5389,img/img_00032878.jpg,lower-body clothes,208,385,450,65,213,5
5390,img/img_00032883.jpg,lower-body clothes,163,170,254,84,290,127
5391,img/img_00032893.jpg,full-body clothes,275,152,266,114,491,216
5392,img/img_00032894.jpg,full-body clothes,225,134,181,47,285,60
5393,img/img_00032897.jpg,full-body clothes,359,167,254,87,400,41
5394,img/img_00032899.jpg,full-body clothes,366,233,312,79,444,78
5395,img/img_00032901.jpg,full-body clothes,26,174,174,0,26,0
5396,img/img_00032912.jpg,lower-body clothes,35,296,296,0,35,0
5397,img/img_00032919.jpg,lower-body clothes,255,190,293,103,335,80
5398,img/img_00032920.jpg,lower-body clothes,253,161,248,87,392,139
5399,img/img_00032929.jpg,full-body clothes,349,138,253,115,461,112
5400,img/img_00032932.jpg,upper-body clothes,424,379,379,0,424,0
5401,img/img_00032933.jpg,upper-body clothes,197,133,304,171,279,82
5402,img/img_00032941.jpg,full-body clothes,178,97,199,102,281,103
5403,img/img_00032944.jpg,full-body clothes,268,165,272,107,387,119
5404,img/img_00032945.jpg,full-body clothes,223,128,343,215,315,92
5405,img/img_00032952.jpg,full-body clothes,273,86,197,111,278,5
5406,img/img_00032955.jpg,full-body clothes,157,245,245,0,157,0
5407,img/img_00032961.jpg,full-body clothes,351,248,278,30,464,113
5408,img/img_00032975.jpg,lower-body clothes,410,309,344,35,443,33
5409,img/img_00032976.jpg,lower-body clothes,320,249,249,0,320,0
5410,img/img_00032978.jpg,lower-body clothes,167,129,270,141,353,186
5411,img/img_00032988.jpg,full-body clothes,329,160,250,90,467,138
5412,img/img_00032989.jpg,lower-body clothes,404,172,263,91,464,60
5413,img/img_00032992.jpg,upper-body clothes,450,313,313,0,450,0
5414,img/img_00032996.jpg,upper-body clothes,191,143,277,134,345,154
5415,img/img_00032998.jpg,upper-body clothes,331,279,321,42,358,27
5416,img/img_00033000.jpg,upper-body clothes,361,279,286,7,393,32
5417,img/img_00033014.jpg,lower-body clothes,208,163,265,102,241,33
5418,img/img_00033020.jpg,lower-body clothes,378,289,289,0,378,0
5419,img/img_00033025.jpg,lower-body clothes,176,163,293,130,230,54
5420,img/img_00033027.jpg,lower-body clothes,133,122,273,151,239,106
5421,img/img_00033034.jpg,lower-body clothes,224,144,258,114,284,60
5422,img/img_00033037.jpg,lower-body clothes,328,295,328,33,485,157
5423,img/img_00033039.jpg,lower-body clothes,94,206,206,0,94,0
5424,img/img_00033040.jpg,lower-body clothes,58,208,208,0,58,0
5425,img/img_00033043.jpg,lower-body clothes,63,213,213,0,63,0
5426,img/img_00033044.jpg,full-body clothes,332,226,297,71,430,98
5427,img/img_00033049.jpg,full-body clothes,269,162,236,74,391,122
5428,img/img_00033052.jpg,full-body clothes,397,368,368,0,397,0
5429,img/img_00033071.jpg,lower-body clothes,437,338,374,36,441,4
5430,img/img_00033075.jpg,lower-body clothes,86,238,238,0,86,0
5431,img/img_00033085.jpg,lower-body clothes,196,143,293,150,421,225
5432,img/img_00033089.jpg,lower-body clothes,234,58,176,118,442,208
5433,img/img_00033090.jpg,lower-body clothes,259,115,254,139,326,67
5434,img/img_00033101.jpg,upper-body clothes,317,217,283,66,338,21
5435,img/img_00033104.jpg,upper-body clothes,170,207,207,0,170,0
5436,img/img_00033114.jpg,upper-body clothes,431,376,376,0,431,0
5437,img/img_00033126.jpg,full-body clothes,444,372,372,0,444,0
5438,img/img_00033129.jpg,full-body clothes,78,36,193,157,196,118
5439,img/img_00033140.jpg,lower-body clothes,256,147,239,92,301,45
5440,img/img_00033143.jpg,lower-body clothes,9,336,336,0,9,0
5441,img/img_00033156.jpg,full-body clothes,247,154,257,103,365,118
5442,img/img_00033172.jpg,full-body clothes,298,169,260,91,458,160
5443,img/img_00033178.jpg,full-body clothes,249,352,352,0,249,0
5444,img/img_00033188.jpg,full-body clothes,232,233,233,0,232,0
5445,img/img_00033191.jpg,full-body clothes,124,252,258,6,229,105
5446,img/img_00033193.jpg,full-body clothes,434,309,309,0,434,0
5447,img/img_00033196.jpg,lower-body clothes,275,174,303,129,381,106
5448,img/img_00033201.jpg,full-body clothes,269,201,294,93,452,183
5449,img/img_00033224.jpg,full-body clothes,255,311,311,0,255,0
5450,img/img_00033232.jpg,upper-body clothes,264,230,327,97,378,114
5451,img/img_00033239.jpg,lower-body clothes,199,144,239,95,244,45
5452,img/img_00033245.jpg,full-body clothes,499,271,271,0,499,0
5453,img/img_00033257.jpg,full-body clothes,164,93,226,133,267,103
5454,img/img_00033263.jpg,full-body clothes,274,90,196,106,282,8
5455,img/img_00033264.jpg,full-body clothes,334,203,322,119,348,14
5456,img/img_00033268.jpg,full-body clothes,204,62,197,135,331,127
5457,img/img_00033273.jpg,full-body clothes,195,83,241,158,209,14
5458,img/img_00033278.jpg,full-body clothes,188,73,159,86,349,161
5459,img/img_00033280.jpg,full-body clothes,203,346,346,0,203,0
5460,img/img_00033284.jpg,full-body clothes,415,316,316,0,415,0
5461,img/img_00033290.jpg,lower-body clothes,236,148,259,111,300,64
5462,img/img_00033292.jpg,lower-body clothes,381,279,279,0,381,0
5463,img/img_00033294.jpg,lower-body clothes,326,120,228,108,410,84
5464,img/img_00033303.jpg,lower-body clothes,230,95,239,144,312,82
5465,img/img_00033304.jpg,lower-body clothes,427,248,248,0,427,0
5466,img/img_00033305.jpg,lower-body clothes,188,105,253,148,481,293
5467,img/img_00033307.jpg,lower-body clothes,413,380,380,0,413,0
5468,img/img_00033311.jpg,upper-body clothes,138,95,249,154,211,73
5469,img/img_00033319.jpg,lower-body clothes,484,221,265,44,503,19
5470,img/img_00033337.jpg,upper-body clothes,96,56,257,201,187,91
5471,img/img_00033344.jpg,lower-body clothes,170,115,234,119,206,36
5472,img/img_00033353.jpg,lower-body clothes,192,151,249,98,236,44
5473,img/img_00033358.jpg,lower-body clothes,306,387,397,10,319,13
5474,img/img_00033360.jpg,full-body clothes,329,255,315,60,355,26
5475,img/img_00033394.jpg,full-body clothes,206,225,225,0,206,0
5476,img/img_00033397.jpg,full-body clothes,186,322,322,0,186,0
5477,img/img_00033398.jpg,full-body clothes,155,80,215,135,298,143
5478,img/img_00033401.jpg,full-body clothes,375,251,272,21,427,52
5479,img/img_00033406.jpg,full-body clothes,245,207,285,78,388,143
5480,img/img_00033425.jpg,full-body clothes,387,338,338,0,387,0
5481,img/img_00033427.jpg,full-body clothes,456,316,344,28,484,28
5482,img/img_00033428.jpg,full-body clothes,483,355,355,0,483,0
5483,img/img_00033432.jpg,full-body clothes,312,242,261,19,421,109
5484,img/img_00033435.jpg,full-body clothes,339,261,261,0,339,0
5485,img/img_00033438.jpg,full-body clothes,316,407,407,0,316,0
5486,img/img_00033439.jpg,full-body clothes,340,372,372,0,340,0
5487,img/img_00033440.jpg,full-body clothes,183,150,262,112,386,203
5488,img/img_00033449.jpg,full-body clothes,195,109,224,115,203,8
5489,img/img_00033453.jpg,full-body clothes,293,129,312,183,317,24
5490,img/img_00033454.jpg,upper-body clothes,376,261,311,50,387,11
5491,img/img_00033467.jpg,full-body clothes,453,300,300,0,453,0
5492,img/img_00033484.jpg,upper-body clothes,283,243,298,55,341,58
5493,img/img_00033487.jpg,upper-body clothes,377,271,312,41,384,7
5494,img/img_00033492.jpg,upper-body clothes,456,371,376,5,493,37
5495,img/img_00033509.jpg,full-body clothes,343,116,209,93,388,45
5496,img/img_00033518.jpg,upper-body clothes,111,70,201,131,299,188
5497,img/img_00033521.jpg,upper-body clothes,492,358,358,0,492,0
5498,img/img_00033529.jpg,full-body clothes,326,193,273,80,459,133
5499,img/img_00033539.jpg,lower-body clothes,494,376,376,0,494,0
5500,img/img_00033540.jpg,lower-body clothes,463,171,171,0,463,0
5501,img/img_00033554.jpg,upper-body clothes,412,378,378,0,412,0
5502,img/img_00033563.jpg,upper-body clothes,430,270,270,0,430,0
5503,img/img_00033564.jpg,upper-body clothes,167,129,253,124,289,122
5504,img/img_00033569.jpg,upper-body clothes,405,308,348,40,418,13
5505,img/img_00033572.jpg,lower-body clothes,99,225,225,0,99,0
5506,img/img_00033578.jpg,lower-body clothes,211,243,243,0,211,0
5507,img/img_00033579.jpg,lower-body clothes,346,232,232,0,346,0
5508,img/img_00033600.jpg,full-body clothes,317,148,266,118,460,143
5509,img/img_00033610.jpg,full-body clothes,237,119,306,187,253,16
5510,img/img_00033612.jpg,full-body clothes,171,32,248,216,282,111
5511,img/img_00033613.jpg,full-body clothes,296,43,267,224,365,69
5512,img/img_00033614.jpg,full-body clothes,109,49,227,178,281,172
5513,img/img_00033632.jpg,upper-body clothes,345,303,326,23,460,115
5514,img/img_00033635.jpg,upper-body clothes,218,156,299,143,222,4
5515,img/img_00033639.jpg,full-body clothes,441,279,279,0,441,0
5516,img/img_00033641.jpg,full-body clothes,322,295,295,0,322,0
5517,img/img_00033656.jpg,full-body clothes,231,264,264,0,231,0
5518,img/img_00033662.jpg,lower-body clothes,162,136,236,100,220,58
5519,img/img_00033664.jpg,full-body clothes,314,330,330,0,314,0
5520,img/img_00033665.jpg,full-body clothes,353,219,241,22,365,12
5521,img/img_00033680.jpg,full-body clothes,193,31,215,184,378,185
5522,img/img_00033683.jpg,full-body clothes,265,280,280,0,265,0
5523,img/img_00033694.jpg,upper-body clothes,151,120,210,90,300,149
5524,img/img_00033700.jpg,upper-body clothes,149,145,168,23,260,111
5525,img/img_00033707.jpg,full-body clothes,437,239,358,119,487,50
5526,img/img_00033725.jpg,upper-body clothes,490,379,379,0,490,0
5527,img/img_00033726.jpg,upper-body clothes,509,376,376,0,509,0
5528,img/img_00033730.jpg,upper-body clothes,230,167,267,100,233,3
5529,img/img_00033742.jpg,full-body clothes,445,275,322,47,449,4
5530,img/img_00033747.jpg,full-body clothes,290,363,363,0,290,0
5531,img/img_00033749.jpg,full-body clothes,114,59,180,121,273,159
5532,img/img_00033755.jpg,lower-body clothes,234,390,390,0,234,0
5533,img/img_00033762.jpg,lower-body clothes,374,280,280,0,374,0
5534,img/img_00033764.jpg,lower-body clothes,483,266,266,0,483,0
5535,img/img_00033779.jpg,full-body clothes,357,170,257,87,442,85
5536,img/img_00033800.jpg,full-body clothes,242,151,349,198,269,27
5537,img/img_00033802.jpg,full-body clothes,401,223,306,83,502,101
5538,img/img_00033803.jpg,full-body clothes,206,110,188,78,250,44
5539,img/img_00033806.jpg,full-body clothes,227,129,260,131,400,173
5540,img/img_00033812.jpg,full-body clothes,403,255,293,38,478,75
5541,img/img_00033822.jpg,full-body clothes,189,116,162,46,332,143
5542,img/img_00033838.jpg,upper-body clothes,342,284,309,25,423,81
5543,img/img_00033839.jpg,upper-body clothes,248,231,331,100,395,147
5544,img/img_00033841.jpg,full-body clothes,391,152,233,81,400,9
5545,img/img_00033850.jpg,upper-body clothes,474,363,372,9,482,8
5546,img/img_00033852.jpg,upper-body clothes,7,241,241,0,7,0
5547,img/img_00033868.jpg,full-body clothes,317,381,381,0,317,0
5548,img/img_00033870.jpg,full-body clothes,266,160,271,111,385,119
5549,img/img_00033873.jpg,full-body clothes,303,320,320,0,303,0
5550,img/img_00033881.jpg,upper-body clothes,277,236,236,0,277,0
5551,img/img_00033893.jpg,full-body clothes,234,203,203,0,234,0
5552,img/img_00033899.jpg,full-body clothes,448,334,334,0,448,0
5553,img/img_00033911.jpg,upper-body clothes,274,205,260,55,408,134
5554,img/img_00033943.jpg,full-body clothes,293,171,258,87,368,75
5555,img/img_00033946.jpg,full-body clothes,469,344,366,22,481,12
5556,img/img_00033954.jpg,lower-body clothes,401,291,291,0,401,0
5557,img/img_00033963.jpg,lower-body clothes,130,94,232,138,172,42
5558,img/img_00033982.jpg,upper-body clothes,376,384,384,0,376,0
5559,img/img_00033984.jpg,upper-body clothes,239,194,318,124,419,180
5560,img/img_00033987.jpg,upper-body clothes,405,367,367,0,405,0
5561,img/img_00033988.jpg,upper-body clothes,64,406,406,0,64,0
5562,img/img_00033989.jpg,upper-body clothes,364,180,336,156,504,140
5563,img/img_00033993.jpg,upper-body clothes,500,340,340,0,500,0
5564,img/img_00034008.jpg,upper-body clothes,186,161,278,117,343,157
5565,img/img_00034010.jpg,upper-body clothes,356,321,321,0,356,0
5566,img/img_00034018.jpg,upper-body clothes,394,339,339,0,394,0
5567,img/img_00034025.jpg,upper-body clothes,349,235,244,9,357,8
5568,img/img_00034026.jpg,upper-body clothes,350,254,269,15,362,12
5569,img/img_00034031.jpg,full-body clothes,411,256,287,31,449,38
5570,img/img_00034034.jpg,full-body clothes,358,337,337,0,358,0
5571,img/img_00034036.jpg,upper-body clothes,492,301,301,0,492,0
5572,img/img_00034040.jpg,full-body clothes,386,88,222,134,419,33
5573,img/img_00034044.jpg,full-body clothes,310,177,214,37,468,158
5574,img/img_00034049.jpg,full-body clothes,235,139,231,92,405,170
5575,img/img_00034051.jpg,full-body clothes,277,116,196,80,288,11
5576,img/img_00034052.jpg,full-body clothes,281,30,139,109,510,229
5577,img/img_00034056.jpg,full-body clothes,493,377,377,0,493,0
5578,img/img_00034066.jpg,full-body clothes,216,199,199,0,216,0
5579,img/img_00034075.jpg,full-body clothes,108,60,156,96,232,124
5580,img/img_00034080.jpg,full-body clothes,267,358,358,0,267,0
5581,img/img_00034092.jpg,lower-body clothes,439,194,273,79,451,12
5582,img/img_00034093.jpg,lower-body clothes,349,280,324,44,496,147
5583,img/img_00034102.jpg,lower-body clothes,191,122,203,81,244,53
5584,img/img_00034105.jpg,upper-body clothes,359,312,324,12,465,106
5585,img/img_00034109.jpg,upper-body clothes,153,255,255,0,153,0
5586,img/img_00034110.jpg,upper-body clothes,491,338,344,6,509,18
5587,img/img_00034124.jpg,full-body clothes,393,240,240,0,393,0
5588,img/img_00034125.jpg,full-body clothes,494,331,336,5,506,12
5589,img/img_00034138.jpg,full-body clothes,182,95,224,129,388,206
5590,img/img_00034140.jpg,full-body clothes,210,114,204,90,363,153
5591,img/img_00034142.jpg,full-body clothes,202,120,233,113,224,22
5592,img/img_00034146.jpg,full-body clothes,331,127,227,100,419,88
5593,img/img_00034150.jpg,upper-body clothes,201,143,295,152,365,164
5594,img/img_00034151.jpg,upper-body clothes,491,372,372,0,491,0
5595,img/img_00034152.jpg,upper-body clothes,246,163,322,159,367,121
5596,img/img_00034155.jpg,upper-body clothes,206,127,170,43,322,116
5597,img/img_00034177.jpg,upper-body clothes,398,209,209,0,398,0
5598,img/img_00034181.jpg,upper-body clothes,101,89,342,253,147,46
5599,img/img_00034199.jpg,full-body clothes,151,93,184,91,244,93
5600,img/img_00034200.jpg,full-body clothes,309,158,225,67,423,114
5601,img/img_00034215.jpg,full-body clothes,454,258,320,62,467,13
5602,img/img_00034216.jpg,full-body clothes,461,254,322,68,465,4
5603,img/img_00034218.jpg,full-body clothes,323,183,183,0,323,0
5604,img/img_00034227.jpg,full-body clothes,326,145,269,124,390,64
5605,img/img_00034244.jpg,full-body clothes,198,94,224,130,283,85
5606,img/img_00034261.jpg,lower-body clothes,355,366,430,64,409,54
5607,img/img_00034265.jpg,lower-body clothes,414,342,377,35,422,8
5608,img/img_00034272.jpg,upper-body clothes,336,271,306,35,459,123
5609,img/img_00034280.jpg,full-body clothes,357,190,248,58,433,76
5610,img/img_00034287.jpg,full-body clothes,213,297,422,125,325,112
5611,img/img_00034292.jpg,full-body clothes,200,124,260,136,277,77
5612,img/img_00034308.jpg,full-body clothes,292,385,385,0,292,0
5613,img/img_00034309.jpg,full-body clothes,343,349,377,28,495,152
5614,img/img_00034313.jpg,full-body clothes,164,87,184,97,279,115
5615,img/img_00034317.jpg,full-body clothes,426,340,340,0,426,0
5616,img/img_00034330.jpg,full-body clothes,419,314,332,18,508,89
5617,img/img_00034331.jpg,full-body clothes,412,213,299,86,426,14
5618,img/img_00034345.jpg,full-body clothes,380,373,373,0,380,0
5619,img/img_00034347.jpg,full-body clothes,385,256,269,13,449,64
5620,img/img_00034361.jpg,lower-body clothes,239,176,268,92,293,54
5621,img/img_00034364.jpg,upper-body clothes,262,203,271,68,427,165
5622,img/img_00034366.jpg,upper-body clothes,380,356,366,10,445,65
5623,img/img_00034368.jpg,upper-body clothes,337,360,360,0,337,0
5624,img/img_00034373.jpg,upper-body clothes,443,362,366,4,447,4
5625,img/img_00034381.jpg,upper-body clothes,90,272,272,0,90,0
5626,img/img_00034389.jpg,upper-body clothes,450,447,447,0,450,0
5627,img/img_00034390.jpg,upper-body clothes,335,251,348,97,500,165
5628,img/img_00034397.jpg,upper-body clothes,212,187,260,73,353,141
5629,img/img_00034414.jpg,full-body clothes,339,183,271,88,480,141
5630,img/img_00034419.jpg,full-body clothes,243,69,196,127,422,179
5631,img/img_00034423.jpg,full-body clothes,322,175,223,48,510,188
5632,img/img_00034430.jpg,full-body clothes,459,290,290,0,459,0
5633,img/img_00034449.jpg,full-body clothes,361,251,251,0,361,0
5634,img/img_00034452.jpg,full-body clothes,268,405,405,0,268,0
5635,img/img_00034465.jpg,full-body clothes,279,351,351,0,279,0
5636,img/img_00034471.jpg,upper-body clothes,230,219,236,17,386,156
5637,img/img_00034473.jpg,upper-body clothes,252,163,280,117,426,174
5638,img/img_00034478.jpg,upper-body clothes,113,92,317,225,241,128
5639,img/img_00034483.jpg,lower-body clothes,422,349,358,9,473,51
5640,img/img_00034486.jpg,lower-body clothes,366,150,264,114,399,33
5641,img/img_00034487.jpg,lower-body clothes,172,255,255,0,172,0
5642,img/img_00034494.jpg,lower-body clothes,420,208,347,139,436,16
5643,img/img_00034503.jpg,upper-body clothes,419,340,364,24,495,76
5644,img/img_00034512.jpg,upper-body clothes,212,380,380,0,212,0
5645,img/img_00034532.jpg,full-body clothes,237,112,201,89,255,18
5646,img/img_00034534.jpg,upper-body clothes,275,188,266,78,404,129
5647,img/img_00034535.jpg,upper-body clothes,177,378,378,0,177,0
5648,img/img_00034541.jpg,upper-body clothes,174,111,225,114,276,102
5649,img/img_00034556.jpg,lower-body clothes,178,118,279,161,269,91
5650,img/img_00034559.jpg,lower-body clothes,207,165,249,84,261,54
5651,img/img_00034562.jpg,lower-body clothes,119,109,230,121,308,189
5652,img/img_00034604.jpg,full-body clothes,229,91,229,138,346,117
5653,img/img_00034610.jpg,full-body clothes,429,305,305,0,429,0
5654,img/img_00034611.jpg,full-body clothes,269,133,222,89,373,104
5655,img/img_00034621.jpg,full-body clothes,223,134,305,171,358,135
5656,img/img_00034628.jpg,full-body clothes,194,298,298,0,194,0
5657,img/img_00034632.jpg,full-body clothes,397,274,274,0,397,0
5658,img/img_00034638.jpg,full-body clothes,255,127,220,93,331,76
5659,img/img_00034654.jpg,full-body clothes,407,258,309,51,414,7
5660,img/img_00034656.jpg,full-body clothes,308,182,234,52,379,71
5661,img/img_00034659.jpg,full-body clothes,311,160,223,63,378,67
5662,img/img_00034661.jpg,full-body clothes,397,324,324,0,397,0
5663,img/img_00034662.jpg,full-body clothes,202,124,251,127,473,271
5664,img/img_00034663.jpg,full-body clothes,170,126,192,66,338,168
5665,img/img_00034671.jpg,full-body clothes,448,367,367,0,448,0
5666,img/img_00034678.jpg,lower-body clothes,373,127,231,104,384,11
5667,img/img_00034681.jpg,lower-body clothes,314,134,208,74,451,137
5668,img/img_00034683.jpg,lower-body clothes,147,66,181,115,388,241
5669,img/img_00034691.jpg,upper-body clothes,405,265,265,0,405,0
5670,img/img_00034711.jpg,lower-body clothes,327,110,243,133,371,44
5671,img/img_00034723.jpg,full-body clothes,380,258,299,41,386,6
5672,img/img_00034724.jpg,full-body clothes,257,225,271,46,441,184
5673,img/img_00034726.jpg,full-body clothes,289,249,364,115,350,61
5674,img/img_00034745.jpg,lower-body clothes,463,300,300,0,463,0
5675,img/img_00034746.jpg,upper-body clothes,286,265,303,38,432,146
5676,img/img_00034748.jpg,lower-body clothes,172,82,265,183,252,80
5677,img/img_00034751.jpg,full-body clothes,460,339,343,4,496,36
5678,img/img_00034758.jpg,full-body clothes,301,143,267,124,315,14
5679,img/img_00034766.jpg,full-body clothes,221,62,206,144,376,155
5680,img/img_00034773.jpg,full-body clothes,315,34,110,76,337,22
5681,img/img_00034783.jpg,upper-body clothes,314,300,314,14,473,159
5682,img/img_00034793.jpg,upper-body clothes,453,332,350,18,481,28
5683,img/img_00034797.jpg,upper-body clothes,232,210,277,67,422,190
5684,img/img_00034801.jpg,lower-body clothes,29,312,312,0,29,0
5685,img/img_00034803.jpg,full-body clothes,271,174,193,19,291,20
5686,img/img_00034807.jpg,lower-body clothes,74,47,270,223,326,252
5687,img/img_00034813.jpg,lower-body clothes,131,95,240,145,307,176
5688,img/img_00034818.jpg,full-body clothes,215,136,208,72,339,124
5689,img/img_00034834.jpg,full-body clothes,418,232,232,0,418,0
5690,img/img_00034838.jpg,full-body clothes,198,38,244,206,277,79
5691,img/img_00034839.jpg,full-body clothes,271,162,202,40,407,136
5692,img/img_00034840.jpg,full-body clothes,349,382,382,0,349,0
5693,img/img_00034842.jpg,full-body clothes,203,24,193,169,310,107
5694,img/img_00034844.jpg,full-body clothes,227,74,333,259,349,122
5695,img/img_00034845.jpg,full-body clothes,248,110,202,92,370,122
5696,img/img_00034846.jpg,full-body clothes,242,136,200,64,399,157
5697,img/img_00034847.jpg,full-body clothes,208,221,221,0,208,0
5698,img/img_00034850.jpg,full-body clothes,465,277,277,0,465,0
5699,img/img_00034858.jpg,lower-body clothes,118,258,258,0,118,0
5700,img/img_00034859.jpg,lower-body clothes,110,77,226,149,330,220
5701,img/img_00034876.jpg,lower-body clothes,353,251,326,75,354,1
5702,img/img_00034880.jpg,upper-body clothes,275,212,279,67,428,153
5703,img/img_00034888.jpg,full-body clothes,136,99,214,115,271,135
5704,img/img_00034892.jpg,lower-body clothes,74,261,261,0,74,0
5705,img/img_00034893.jpg,upper-body clothes,269,188,264,76,393,124
5706,img/img_00034897.jpg,upper-body clothes,435,335,367,32,470,35
5707,img/img_00034905.jpg,full-body clothes,360,109,250,141,453,93
5708,img/img_00034910.jpg,full-body clothes,335,265,265,0,335,0
5709,img/img_00034915.jpg,upper-body clothes,199,165,275,110,376,177
5710,img/img_00034916.jpg,upper-body clothes,457,324,324,0,457,0
5711,img/img_00034919.jpg,upper-body clothes,157,113,259,146,185,28
5712,img/img_00034920.jpg,upper-body clothes,156,114,209,95,262,106
5713,img/img_00034930.jpg,full-body clothes,479,288,288,0,479,0
5714,img/img_00034932.jpg,full-body clothes,358,208,236,28,442,84
5715,img/img_00034933.jpg,full-body clothes,367,231,360,129,381,14
5716,img/img_00034939.jpg,lower-body clothes,211,104,206,102,343,132
5717,img/img_00034963.jpg,full-body clothes,370,135,271,136,405,35
5718,img/img_00034965.jpg,full-body clothes,372,31,213,182,382,10
5719,img/img_00034976.jpg,lower-body clothes,1,1,1,0,1,0
5720,img/img_00034977.jpg,lower-body clothes,408,321,359,38,417,9
5721,img/img_00034978.jpg,lower-body clothes,1,1,1,0,1,0
5722,img/img_00034979.jpg,lower-body clothes,322,235,235,0,322,0
5723,img/img_00034983.jpg,lower-body clothes,164,107,249,142,378,214
5724,img/img_00034985.jpg,lower-body clothes,211,235,235,0,211,0
5725,img/img_00034999.jpg,full-body clothes,424,188,283,95,430,6
5726,img/img_00035000.jpg,full-body clothes,478,275,312,37,498,20
5727,img/img_00035002.jpg,lower-body clothes,504,241,241,0,504,0
5728,img/img_00035007.jpg,upper-body clothes,428,359,361,2,436,8
5729,img/img_00035008.jpg,upper-body clothes,318,175,241,66,327,9
5730,img/img_00035015.jpg,lower-body clothes,234,134,205,71,341,107
5731,img/img_00035017.jpg,upper-body clothes,248,217,291,74,371,123
5732,img/img_00035038.jpg,upper-body clothes,340,248,299,51,404,64
5733,img/img_00035045.jpg,upper-body clothes,167,135,251,116,266,99
5734,img/img_00035046.jpg,upper-body clothes,436,282,282,0,436,0
5735,img/img_00035061.jpg,upper-body clothes,257,171,287,116,422,165
5736,img/img_00035077.jpg,upper-body clothes,460,376,376,0,460,0
5737,img/img_00035083.jpg,upper-body clothes,377,258,295,37,394,17
5738,img/img_00035089.jpg,upper-body clothes,266,203,300,97,331,65
5739,img/img_00035092.jpg,upper-body clothes,239,288,288,0,239,0
5740,img/img_00035095.jpg,upper-body clothes,354,232,232,0,354,0
5741,img/img_00035098.jpg,upper-body clothes,457,264,264,0,457,0
5742,img/img_00035126.jpg,lower-body clothes,267,130,257,127,351,84
5743,img/img_00035130.jpg,lower-body clothes,93,334,334,0,93,0
5744,img/img_00035135.jpg,upper-body clothes,339,284,390,106,346,7
5745,img/img_00035137.jpg,upper-body clothes,406,334,376,42,495,89
5746,img/img_00035140.jpg,upper-body clothes,39,466,466,0,39,0
5747,img/img_00035147.jpg,upper-body clothes,435,294,294,0,435,0
5748,img/img_00035161.jpg,upper-body clothes,427,295,323,28,455,28
5749,img/img_00035165.jpg,upper-body clothes,276,407,407,0,276,0
5750,img/img_00035168.jpg,upper-body clothes,289,139,257,118,427,138
5751,img/img_00035169.jpg,upper-body clothes,320,375,375,0,320,0
5752,img/img_00035173.jpg,upper-body clothes,400,329,329,0,400,0
5753,img/img_00035175.jpg,upper-body clothes,214,176,288,112,231,17
5754,img/img_00035176.jpg,upper-body clothes,235,169,271,102,244,9
5755,img/img_00035208.jpg,upper-body clothes,377,337,360,23,385,8
5756,img/img_00035209.jpg,upper-body clothes,57,265,265,0,57,0
5757,img/img_00035215.jpg,upper-body clothes,328,327,327,0,328,0
5758,img/img_00035224.jpg,lower-body clothes,21,342,342,0,21,0
5759,img/img_00035232.jpg,upper-body clothes,111,128,260,132,297,186
5760,img/img_00035245.jpg,upper-body clothes,274,351,351,0,274,0
5761,img/img_00035247.jpg,upper-body clothes,288,367,380,13,509,221
5762,img/img_00035262.jpg,lower-body clothes,406,123,239,116,451,45
5763,img/img_00035264.jpg,lower-body clothes,393,119,241,122,444,51
5764,img/img_00035278.jpg,full-body clothes,479,243,316,73,498,19
5765,img/img_00035285.jpg,full-body clothes,462,223,297,74,472,10
5766,img/img_00035296.jpg,full-body clothes,273,281,307,26,455,182
5767,img/img_00035305.jpg,lower-body clothes,427,137,239,102,442,15
5768,img/img_00035312.jpg,full-body clothes,349,176,289,113,373,24
5769,img/img_00035318.jpg,full-body clothes,368,190,247,57,498,130
5770,img/img_00035324.jpg,full-body clothes,376,237,237,0,376,0
5771,img/img_00035334.jpg,upper-body clothes,481,270,306,36,501,20
5772,img/img_00035337.jpg,full-body clothes,175,155,255,100,260,85
5773,img/img_00035350.jpg,full-body clothes,230,113,199,86,391,161
5774,img/img_00035362.jpg,upper-body clothes,360,288,308,20,371,11
5775,img/img_00035365.jpg,lower-body clothes,404,138,239,101,419,15
5776,img/img_00035367.jpg,full-body clothes,362,203,276,73,446,84
5777,img/img_00035377.jpg,upper-body clothes,210,219,290,71,363,153
5778,img/img_00035408.jpg,lower-body clothes,337,121,205,84,387,50
5779,img/img_00035413.jpg,lower-body clothes,4,288,288,0,4,0
5780,img/img_00035414.jpg,lower-body clothes,294,277,277,0,294,0
5781,img/img_00035422.jpg,full-body clothes,504,364,364,0,504,0
5782,img/img_00035432.jpg,full-body clothes,312,205,324,119,351,39
5783,img/img_00035438.jpg,lower-body clothes,82,60,157,97,286,204
5784,img/img_00035441.jpg,lower-body clothes,429,219,261,42,480,51
5785,img/img_00035445.jpg,full-body clothes,248,133,255,122,424,176
5786,img/img_00035452.jpg,full-body clothes,191,116,241,125,290,99
5787,img/img_00035458.jpg,full-body clothes,175,89,208,119,288,113
5788,img/img_00035465.jpg,full-body clothes,218,132,229,97,352,134
5789,img/img_00035470.jpg,full-body clothes,262,299,299,0,262,0
5790,img/img_00035474.jpg,full-body clothes,494,364,364,0,494,0
5791,img/img_00035476.jpg,lower-body clothes,410,138,246,108,423,13
5792,img/img_00035478.jpg,full-body clothes,455,330,330,0,455,0
5793,img/img_00035483.jpg,full-body clothes,346,283,283,0,346,0
5794,img/img_00035490.jpg,lower-body clothes,273,145,225,80,411,138
5795,img/img_00035499.jpg,lower-body clothes,308,438,438,0,308,0
5796,img/img_00035521.jpg,lower-body clothes,363,266,293,27,378,15
5797,img/img_00035533.jpg,full-body clothes,503,339,339,0,503,0
5798,img/img_00035536.jpg,lower-body clothes,166,103,150,47,380,214
5799,img/img_00035547.jpg,upper-body clothes,358,265,272,7,380,22
5800,img/img_00035551.jpg,upper-body clothes,257,227,296,69,424,167
5801,img/img_00035552.jpg,upper-body clothes,219,200,272,72,248,29
5802,img/img_00035566.jpg,upper-body clothes,403,317,363,46,421,18
5803,img/img_00035570.jpg,upper-body clothes,331,294,319,25,463,132
5804,img/img_00035587.jpg,upper-body clothes,122,41,123,82,195,73
5805,img/img_00035588.jpg,upper-body clothes,116,97,126,29,194,78
5806,img/img_00035592.jpg,full-body clothes,238,308,308,0,238,0
5807,img/img_00035599.jpg,lower-body clothes,223,92,266,174,449,226
5808,img/img_00035613.jpg,full-body clothes,150,76,369,293,235,85
5809,img/img_00035619.jpg,full-body clothes,317,256,314,58,459,142
5810,img/img_00035651.jpg,full-body clothes,351,215,260,45,475,124
5811,img/img_00035657.jpg,full-body clothes,110,76,250,174,392,282
5812,img/img_00035666.jpg,full-body clothes,156,40,236,196,433,277
5813,img/img_00035669.jpg,lower-body clothes,140,61,220,159,232,92
5814,img/img_00035677.jpg,full-body clothes,287,256,319,63,445,158
5815,img/img_00035678.jpg,full-body clothes,321,228,308,80,484,163
5816,img/img_00035684.jpg,full-body clothes,176,220,220,0,176,0
5817,img/img_00035686.jpg,full-body clothes,102,62,274,212,264,162
5818,img/img_00035690.jpg,full-body clothes,195,116,254,138,379,184
5819,img/img_00035695.jpg,full-body clothes,276,159,235,76,304,28
5820,img/img_00035697.jpg,full-body clothes,199,108,158,50,299,100
5821,img/img_00035702.jpg,full-body clothes,487,247,247,0,487,0
5822,img/img_00035706.jpg,full-body clothes,444,378,378,0,444,0
5823,img/img_00035708.jpg,full-body clothes,200,124,207,83,413,213
5824,img/img_00035732.jpg,full-body clothes,174,69,180,111,302,128
5825,img/img_00035736.jpg,lower-body clothes,167,148,176,28,304,137
5826,img/img_00035740.jpg,lower-body clothes,78,96,227,131,213,135
5827,img/img_00035744.jpg,lower-body clothes,160,167,193,26,280,120
5828,img/img_00035747.jpg,upper-body clothes,281,200,279,79,293,12
5829,img/img_00035749.jpg,upper-body clothes,465,312,340,28,501,36
5830,img/img_00035755.jpg,upper-body clothes,375,341,341,0,375,0
5831,img/img_00035764.jpg,full-body clothes,371,347,347,0,371,0
5832,img/img_00035772.jpg,full-body clothes,407,240,277,37,431,24
5833,img/img_00035776.jpg,lower-body clothes,307,125,241,116,367,60
5834,img/img_00035779.jpg,lower-body clothes,404,271,271,0,404,0
5835,img/img_00035784.jpg,lower-body clothes,186,37,212,175,454,268
5836,img/img_00035790.jpg,full-body clothes,338,109,222,113,471,133
5837,img/img_00035791.jpg,full-body clothes,220,96,219,123,316,96
5838,img/img_00035799.jpg,full-body clothes,446,232,325,93,454,8
5839,img/img_00035803.jpg,lower-body clothes,372,156,278,122,428,56
5840,img/img_00035810.jpg,lower-body clothes,485,295,295,0,485,0
5841,img/img_00035832.jpg,upper-body clothes,313,197,284,87,477,164
5842,img/img_00035843.jpg,upper-body clothes,275,156,256,100,408,133
5843,img/img_00035847.jpg,upper-body clothes,401,363,376,13,457,56
5844,img/img_00035859.jpg,upper-body clothes,330,238,282,44,352,22
5845,img/img_00035861.jpg,upper-body clothes,124,87,174,87,223,99
5846,img/img_00035862.jpg,upper-body clothes,330,234,282,48,351,21
5847,img/img_00035869.jpg,lower-body clothes,159,80,173,93,450,291
5848,img/img_00035885.jpg,lower-body clothes,132,120,217,97,288,156
5849,img/img_00035887.jpg,full-body clothes,410,185,260,75,494,84
5850,img/img_00035898.jpg,upper-body clothes,419,320,361,41,482,63
5851,img/img_00035914.jpg,lower-body clothes,239,166,266,100,293,54
5852,img/img_00035917.jpg,lower-body clothes,350,216,312,96,358,8
5853,img/img_00035920.jpg,lower-body clothes,73,300,300,0,73,0
5854,img/img_00035924.jpg,lower-body clothes,98,346,346,0,98,0
5855,img/img_00035929.jpg,lower-body clothes,196,41,176,135,262,66
5856,img/img_00035930.jpg,lower-body clothes,368,215,319,104,406,38
5857,img/img_00035940.jpg,full-body clothes,481,312,312,0,481,0
5858,img/img_00035951.jpg,full-body clothes,240,19,170,151,418,178
5859,img/img_00035954.jpg,lower-body clothes,295,169,258,89,336,41
5860,img/img_00035961.jpg,full-body clothes,432,309,366,57,451,19
5861,img/img_00035968.jpg,full-body clothes,465,300,376,76,470,5
5862,img/img_00035970.jpg,full-body clothes,111,71,228,157,287,176
5863,img/img_00035974.jpg,lower-body clothes,428,241,292,51,443,15
5864,img/img_00035975.jpg,lower-body clothes,388,147,234,87,397,9
5865,img/img_00035978.jpg,full-body clothes,209,115,245,130,283,74
5866,img/img_00035979.jpg,full-body clothes,201,104,237,133,254,53
5867,img/img_00036003.jpg,lower-body clothes,316,207,285,78,331,15
5868,img/img_00036007.jpg,full-body clothes,482,270,270,0,482,0
5869,img/img_00036016.jpg,lower-body clothes,11,154,154,0,11,0
5870,img/img_00036020.jpg,lower-body clothes,389,377,377,0,389,0
5871,img/img_00036024.jpg,lower-body clothes,315,222,306,84,355,40
5872,img/img_00036025.jpg,lower-body clothes,192,313,313,0,192,0
5873,img/img_00036027.jpg,lower-body clothes,193,90,237,147,358,165
5874,img/img_00036032.jpg,lower-body clothes,322,459,459,0,322,0
5875,img/img_00036036.jpg,upper-body clothes,334,252,299,47,472,138
5876,img/img_00036040.jpg,lower-body clothes,62,57,218,161,70,8
5877,img/img_00036041.jpg,lower-body clothes,61,57,232,175,65,4
5878,img/img_00036043.jpg,lower-body clothes,313,172,267,95,383,70
5879,img/img_00036048.jpg,lower-body clothes,151,296,360,64,315,164
5880,img/img_00036050.jpg,lower-body clothes,45,213,213,0,45,0
5881,img/img_00036053.jpg,full-body clothes,349,228,286,58,433,84
5882,img/img_00036057.jpg,full-body clothes,175,146,252,106,294,119
5883,img/img_00036058.jpg,full-body clothes,219,133,239,106,412,193
5884,img/img_00036075.jpg,full-body clothes,219,110,252,142,332,113
5885,img/img_00036086.jpg,full-body clothes,269,120,249,129,382,113
5886,img/img_00036089.jpg,full-body clothes,431,206,294,88,438,7
5887,img/img_00036095.jpg,full-body clothes,313,148,256,108,473,160
5888,img/img_00036096.jpg,upper-body clothes,280,151,258,107,426,146
5889,img/img_00036099.jpg,full-body clothes,254,127,171,44,278,24
5890,img/img_00036101.jpg,upper-body clothes,300,263,272,9,385,85
5891,img/img_00036102.jpg,upper-body clothes,314,290,318,28,478,164
5892,img/img_00036103.jpg,upper-body clothes,403,337,347,10,493,90
5893,img/img_00036107.jpg,upper-body clothes,318,177,258,81,476,158
5894,img/img_00036108.jpg,upper-body clothes,448,380,380,0,448,0
5895,img/img_00036115.jpg,upper-body clothes,487,248,248,0,487,0
5896,img/img_00036117.jpg,upper-body clothes,458,338,338,0,458,0
5897,img/img_00036127.jpg,upper-body clothes,388,334,367,33,402,14
5898,img/img_00036129.jpg,upper-body clothes,56,223,223,0,56,0
5899,img/img_00036136.jpg,lower-body clothes,150,104,212,108,236,86
5900,img/img_00036139.jpg,upper-body clothes,165,388,388,0,165,0
5901,img/img_00036145.jpg,upper-body clothes,399,193,235,42,448,49
5902,img/img_00036150.jpg,upper-body clothes,445,284,284,0,445,0
5903,img/img_00036165.jpg,upper-body clothes,225,165,228,63,364,139
5904,img/img_00036166.jpg,upper-body clothes,276,168,268,100,290,14
5905,img/img_00036168.jpg,lower-body clothes,117,92,281,189,122,5
5906,img/img_00036170.jpg,lower-body clothes,374,161,255,94,385,11
5907,img/img_00036172.jpg,full-body clothes,302,130,231,101,392,90
5908,img/img_00036175.jpg,full-body clothes,363,210,297,87,441,78
5909,img/img_00036176.jpg,full-body clothes,308,208,236,28,386,78
5910,img/img_00036197.jpg,upper-body clothes,222,154,184,30,335,113
5911,img/img_00036200.jpg,full-body clothes,473,297,297,0,473,0
5912,img/img_00036205.jpg,full-body clothes,473,273,280,7,495,22
5913,img/img_00036208.jpg,full-body clothes,454,264,264,0,454,0
5914,img/img_00036210.jpg,full-body clothes,483,259,348,89,497,14
5915,img/img_00036214.jpg,full-body clothes,309,126,251,125,422,113
5916,img/img_00036217.jpg,upper-body clothes,319,284,284,0,319,0
5917,img/img_00036218.jpg,upper-body clothes,326,259,302,43,343,17
5918,img/img_00036226.jpg,upper-body clothes,388,235,235,0,388,0
5919,img/img_00036231.jpg,upper-body clothes,399,317,317,0,399,0
5920,img/img_00036239.jpg,upper-body clothes,453,373,414,41,482,29
5921,img/img_00036240.jpg,upper-body clothes,214,128,260,132,425,211
5922,img/img_00036247.jpg,upper-body clothes,493,317,317,0,493,0
5923,img/img_00036251.jpg,upper-body clothes,269,210,270,60,298,29
5924,img/img_00036265.jpg,full-body clothes,326,357,357,0,326,0
5925,img/img_00036271.jpg,full-body clothes,202,296,296,0,202,0
5926,img/img_00036283.jpg,upper-body clothes,446,283,312,29,473,27
5927,img/img_00036284.jpg,upper-body clothes,437,276,308,32,463,26
5928,img/img_00036303.jpg,lower-body clothes,182,59,179,120,304,122
5929,img/img_00036311.jpg,lower-body clothes,358,180,293,113,453,95
5930,img/img_00036332.jpg,upper-body clothes,143,114,214,100,235,92
5931,img/img_00036337.jpg,upper-body clothes,220,432,458,26,230,10
5932,img/img_00036340.jpg,full-body clothes,330,157,260,103,428,98
5933,img/img_00036342.jpg,lower-body clothes,244,254,260,6,345,101
5934,img/img_00036355.jpg,lower-body clothes,64,56,189,133,239,175
5935,img/img_00036372.jpg,lower-body clothes,86,75,153,78,196,110
5936,img/img_00036377.jpg,full-body clothes,157,58,159,101,298,141
5937,img/img_00036383.jpg,full-body clothes,255,105,259,154,381,126
5938,img/img_00036390.jpg,lower-body clothes,376,126,240,114,405,29
5939,img/img_00036398.jpg,lower-body clothes,189,144,242,98,253,64
5940,img/img_00036399.jpg,lower-body clothes,198,160,231,71,258,60
5941,img/img_00036406.jpg,lower-body clothes,149,131,340,209,241,92
5942,img/img_00036409.jpg,lower-body clothes,436,341,341,0,436,0
5943,img/img_00036429.jpg,full-body clothes,399,206,279,73,470,71
5944,img/img_00036430.jpg,full-body clothes,487,358,358,0,487,0
5945,img/img_00036439.jpg,full-body clothes,329,381,381,0,329,0
5946,img/img_00036447.jpg,upper-body clothes,378,291,298,7,399,21
5947,img/img_00036449.jpg,upper-body clothes,245,198,293,95,481,236
5948,img/img_00036459.jpg,upper-body clothes,335,282,285,3,405,70
5949,img/img_00036473.jpg,upper-body clothes,221,189,258,69,355,134
5950,img/img_00036481.jpg,full-body clothes,435,342,342,0,435,0
5951,img/img_00036486.jpg,full-body clothes,195,98,189,91,199,4
5952,img/img_00036489.jpg,full-body clothes,275,160,228,68,346,71
5953,img/img_00036495.jpg,upper-body clothes,350,272,272,0,350,0
5954,img/img_00036503.jpg,upper-body clothes,319,242,291,49,338,19
5955,img/img_00036508.jpg,upper-body clothes,273,239,276,37,287,14
5956,img/img_00036529.jpg,full-body clothes,435,276,276,0,435,0
5957,img/img_00036536.jpg,full-body clothes,220,200,439,239,226,6
5958,img/img_00036541.jpg,lower-body clothes,267,185,284,99,497,230
5959,img/img_00036545.jpg,lower-body clothes,116,90,204,114,411,295
5960,img/img_00036552.jpg,full-body clothes,430,203,243,40,461,31
5961,img/img_00036556.jpg,full-body clothes,54,39,166,127,219,165
5962,img/img_00036558.jpg,full-body clothes,339,325,325,0,339,0
5963,img/img_00036563.jpg,full-body clothes,82,45,228,183,331,249
5964,img/img_00036572.jpg,lower-body clothes,280,283,314,31,421,141
5965,img/img_00036574.jpg,lower-body clothes,286,168,227,59,451,165
5966,img/img_00036576.jpg,lower-body clothes,257,123,274,151,352,95
5967,img/img_00036588.jpg,upper-body clothes,296,298,332,34,394,98
5968,img/img_00036596.jpg,upper-body clothes,364,279,293,14,391,27
5969,img/img_00036600.jpg,full-body clothes,291,154,268,114,448,157
5970,img/img_00036613.jpg,full-body clothes,280,324,324,0,280,0
5971,img/img_00036616.jpg,full-body clothes,474,283,283,0,474,0
5972,img/img_00036622.jpg,full-body clothes,274,119,239,120,384,110
5973,img/img_00036624.jpg,full-body clothes,200,87,248,161,304,104
5974,img/img_00036625.jpg,full-body clothes,234,108,221,113,413,179
5975,img/img_00036628.jpg,upper-body clothes,353,276,276,0,353,0
5976,img/img_00036631.jpg,lower-body clothes,439,239,320,81,473,34
5977,img/img_00036634.jpg,full-body clothes,271,166,180,14,433,162
5978,img/img_00036635.jpg,full-body clothes,451,316,316,0,451,0
5979,img/img_00036644.jpg,upper-body clothes,198,139,257,118,253,55
5980,img/img_00036646.jpg,upper-body clothes,313,235,284,49,444,131
5981,img/img_00036647.jpg,upper-body clothes,177,130,226,96,330,153
5982,img/img_00036659.jpg,lower-body clothes,164,123,262,139,221,57
5983,img/img_00036663.jpg,lower-body clothes,269,238,299,61,457,188
5984,img/img_00036676.jpg,lower-body clothes,61,182,182,0,61,0
5985,img/img_00036688.jpg,full-body clothes,495,350,350,0,495,0
5986,img/img_00036693.jpg,full-body clothes,221,148,267,119,367,146
5987,img/img_00036695.jpg,full-body clothes,317,165,193,28,446,129
5988,img/img_00036697.jpg,upper-body clothes,301,182,234,52,451,150
5989,img/img_00036704.jpg,lower-body clothes,156,279,279,0,156,0
5990,img/img_00036714.jpg,full-body clothes,286,306,350,44,313,27
5991,img/img_00036721.jpg,upper-body clothes,284,198,279,81,427,143
5992,img/img_00036725.jpg,upper-body clothes,308,277,301,24,462,154
5993,img/img_00036729.jpg,lower-body clothes,405,135,248,113,449,44
5994,img/img_00036730.jpg,lower-body clothes,404,133,249,116,449,45
5995,img/img_00036744.jpg,upper-body clothes,129,89,230,141,285,156
5996,img/img_00036773.jpg,lower-body clothes,195,167,247,80,233,38
5997,img/img_00036780.jpg,lower-body clothes,36,323,323,0,36,0
5998,img/img_00036805.jpg,upper-body clothes,88,71,188,117,195,107
5999,img/img_00036824.jpg,full-body clothes,226,290,434,144,245,19
6000,img/img_00036840.jpg,lower-body clothes,180,133,233,100,238,58
6001,img/img_00036844.jpg,lower-body clothes,162,289,289,0,162,0
6002,img/img_00036864.jpg,lower-body clothes,281,122,221,99,322,41
6003,img/img_00036868.jpg,full-body clothes,381,375,375,0,381,0
6004,img/img_00036881.jpg,full-body clothes,340,263,288,25,422,82
6005,img/img_00036882.jpg,full-body clothes,452,308,308,0,452,0
6006,img/img_00036887.jpg,full-body clothes,390,162,264,102,497,107
6007,img/img_00036898.jpg,lower-body clothes,203,104,195,91,444,241
6008,img/img_00036901.jpg,lower-body clothes,420,111,255,144,430,10
6009,img/img_00036903.jpg,lower-body clothes,222,157,227,70,238,16
6010,img/img_00036904.jpg,upper-body clothes,282,183,260,77,411,129
6011,img/img_00036907.jpg,upper-body clothes,444,300,329,29,454,10
6012,img/img_00036909.jpg,upper-body clothes,498,252,376,124,507,9
6013,img/img_00036910.jpg,upper-body clothes,172,385,385,0,172,0
6014,img/img_00036918.jpg,full-body clothes,187,176,253,77,413,226
6015,img/img_00036926.jpg,lower-body clothes,392,360,360,0,392,0
6016,img/img_00036929.jpg,lower-body clothes,397,143,249,106,411,14
6017,img/img_00036940.jpg,upper-body clothes,338,259,329,70,401,63
6018,img/img_00036944.jpg,upper-body clothes,257,232,295,63,392,135
6019,img/img_00036946.jpg,upper-body clothes,258,325,325,0,258,0
6020,img/img_00036964.jpg,lower-body clothes,240,99,216,117,414,174
6021,img/img_00036973.jpg,lower-body clothes,448,363,363,0,448,0
6022,img/img_00036976.jpg,lower-body clothes,279,137,231,94,325,46
6023,img/img_00036991.jpg,lower-body clothes,168,114,222,108,219,51
6024,img/img_00037007.jpg,full-body clothes,192,109,269,160,341,149
6025,img/img_00037013.jpg,full-body clothes,502,210,210,0,502,0
6026,img/img_00037015.jpg,full-body clothes,198,115,202,87,287,89
6027,img/img_00037018.jpg,full-body clothes,346,249,249,0,346,0
6028,img/img_00037021.jpg,full-body clothes,302,309,309,0,302,0
6029,img/img_00037025.jpg,full-body clothes,464,280,289,9,486,22
6030,img/img_00037039.jpg,full-body clothes,193,375,375,0,193,0
6031,img/img_00037044.jpg,upper-body clothes,425,261,261,0,425,0
6032,img/img_00037064.jpg,full-body clothes,417,142,248,106,422,5
6033,img/img_00037074.jpg,upper-body clothes,354,281,314,33,433,79
6034,img/img_00037081.jpg,full-body clothes,221,136,194,58,327,106
6035,img/img_00037090.jpg,full-body clothes,138,209,209,0,138,0
6036,img/img_00037095.jpg,full-body clothes,197,94,277,183,339,142
6037,img/img_00037100.jpg,full-body clothes,412,232,300,68,429,17
6038,img/img_00037105.jpg,lower-body clothes,394,173,265,92,406,12
6039,img/img_00037106.jpg,lower-body clothes,413,318,346,28,448,35
6040,img/img_00037110.jpg,lower-body clothes,285,382,430,48,286,1
6041,img/img_00037111.jpg,lower-body clothes,242,285,300,15,404,162
6042,img/img_00037114.jpg,lower-body clothes,444,289,289,0,444,0
6043,img/img_00037118.jpg,lower-body clothes,363,356,387,31,405,42
6044,img/img_00037127.jpg,lower-body clothes,265,291,349,58,404,139
6045,img/img_00037144.jpg,full-body clothes,241,118,234,116,418,177
6046,img/img_00037158.jpg,full-body clothes,202,46,186,140,346,144
6047,img/img_00037159.jpg,full-body clothes,478,217,267,50,487,9
6048,img/img_00037161.jpg,full-body clothes,329,222,226,4,504,175
6049,img/img_00037165.jpg,full-body clothes,239,137,263,126,343,104
6050,img/img_00037190.jpg,upper-body clothes,404,355,365,10,459,55
6051,img/img_00037193.jpg,upper-body clothes,464,221,299,78,502,38
6052,img/img_00037194.jpg,upper-body clothes,140,210,345,135,299,159
6053,img/img_00037201.jpg,full-body clothes,269,183,272,89,433,164
6054,img/img_00037206.jpg,full-body clothes,478,229,229,0,478,0
6055,img/img_00037207.jpg,full-body clothes,471,261,268,7,477,6
6056,img/img_00037209.jpg,lower-body clothes,475,207,207,0,475,0
6057,img/img_00037210.jpg,lower-body clothes,418,301,301,0,418,0
6058,img/img_00037218.jpg,lower-body clothes,413,126,217,91,427,14
6059,img/img_00037226.jpg,full-body clothes,428,308,308,0,428,0
6060,img/img_00037228.jpg,full-body clothes,458,367,367,0,458,0
6061,img/img_00037240.jpg,upper-body clothes,373,278,286,8,433,60
6062,img/img_00037253.jpg,upper-body clothes,495,346,346,0,495,0
6063,img/img_00037271.jpg,upper-body clothes,375,325,325,0,375,0
6064,img/img_00037274.jpg,upper-body clothes,426,282,282,0,426,0
6065,img/img_00037280.jpg,upper-body clothes,298,216,303,87,474,176
6066,img/img_00037283.jpg,upper-body clothes,446,372,372,0,446,0
6067,img/img_00037285.jpg,upper-body clothes,92,346,346,0,92,0
6068,img/img_00037289.jpg,upper-body clothes,201,98,294,196,321,120
6069,img/img_00037290.jpg,upper-body clothes,16,251,251,0,16,0
6070,img/img_00037298.jpg,full-body clothes,477,178,245,67,486,9
6071,img/img_00037308.jpg,full-body clothes,272,262,262,0,272,0
6072,img/img_00037318.jpg,full-body clothes,483,207,299,92,493,10
6073,img/img_00037331.jpg,full-body clothes,156,47,230,183,300,144
6074,img/img_00037340.jpg,lower-body clothes,400,272,302,30,468,68
6075,img/img_00037343.jpg,upper-body clothes,224,254,318,64,380,156
6076,img/img_00037345.jpg,full-body clothes,364,200,315,115,413,49
6077,img/img_00037346.jpg,full-body clothes,439,336,336,0,439,0
6078,img/img_00037358.jpg,upper-body clothes,220,29,157,128,389,169
6079,img/img_00037361.jpg,lower-body clothes,415,225,225,0,415,0
6080,img/img_00037364.jpg,full-body clothes,209,119,212,93,307,98
6081,img/img_00037368.jpg,full-body clothes,311,189,355,166,478,167
6082,img/img_00037370.jpg,full-body clothes,457,224,224,0,457,0
6083,img/img_00037374.jpg,full-body clothes,419,320,364,44,488,69
6084,img/img_00037378.jpg,full-body clothes,139,95,240,145,354,215
6085,img/img_00037394.jpg,upper-body clothes,395,360,371,11,474,79
6086,img/img_00037415.jpg,upper-body clothes,307,214,286,72,449,142
6087,img/img_00037417.jpg,upper-body clothes,164,122,214,92,293,129
6088,img/img_00037422.jpg,full-body clothes,478,374,374,0,478,0
6089,img/img_00037430.jpg,upper-body clothes,429,314,314,0,429,0
6090,img/img_00037435.jpg,upper-body clothes,363,305,316,11,410,47
6091,img/img_00037440.jpg,upper-body clothes,375,261,266,5,379,4
6092,img/img_00037451.jpg,lower-body clothes,10,319,319,0,10,0
6093,img/img_00037461.jpg,full-body clothes,250,165,279,114,358,108
6094,img/img_00037463.jpg,full-body clothes,250,197,201,4,272,22
6095,img/img_00037465.jpg,full-body clothes,295,61,207,146,374,79
6096,img/img_00037473.jpg,lower-body clothes,126,149,354,205,287,161
6097,img/img_00037474.jpg,upper-body clothes,421,246,287,41,433,12
6098,img/img_00037479.jpg,upper-body clothes,395,367,376,9,432,37
6099,img/img_00037486.jpg,full-body clothes,359,216,346,130,495,136
6100,img/img_00037492.jpg,lower-body clothes,156,112,213,101,505,349
6101,img/img_00037493.jpg,lower-body clothes,486,381,381,0,486,0
6102,img/img_00037513.jpg,upper-body clothes,456,360,360,0,456,0
6103,img/img_00037517.jpg,upper-body clothes,202,129,221,92,271,69
6104,img/img_00037522.jpg,full-body clothes,254,142,275,133,290,36
6105,img/img_00037535.jpg,full-body clothes,470,279,279,0,470,0
6106,img/img_00037553.jpg,upper-body clothes,260,212,326,114,405,145
6107,img/img_00037564.jpg,full-body clothes,282,346,346,0,282,0
6108,img/img_00037570.jpg,full-body clothes,454,184,265,81,467,13
6109,img/img_00037574.jpg,upper-body clothes,270,190,282,92,436,166
6110,img/img_00037584.jpg,full-body clothes,370,306,306,0,370,0
6111,img/img_00037587.jpg,full-body clothes,195,93,224,131,298,103
6112,img/img_00037598.jpg,full-body clothes,282,143,247,104,296,14
6113,img/img_00037613.jpg,full-body clothes,381,244,244,0,381,0
6114,img/img_00037618.jpg,full-body clothes,179,103,291,188,359,180
6115,img/img_00037633.jpg,full-body clothes,357,312,312,0,357,0
6116,img/img_00037648.jpg,full-body clothes,264,64,174,110,286,22
6117,img/img_00037650.jpg,upper-body clothes,333,207,269,62,490,157
6118,img/img_00037655.jpg,full-body clothes,459,330,330,0,459,0
6119,img/img_00037659.jpg,lower-body clothes,412,268,268,0,412,0
6120,img/img_00037673.jpg,upper-body clothes,179,139,266,127,296,117
6121,img/img_00037676.jpg,upper-body clothes,284,265,335,70,357,73
6122,img/img_00037685.jpg,full-body clothes,346,244,244,0,346,0
6123,img/img_00037691.jpg,full-body clothes,262,276,292,16,288,26
6124,img/img_00037704.jpg,upper-body clothes,366,311,336,25,382,16
6125,img/img_00037705.jpg,upper-body clothes,308,234,282,48,478,170
6126,img/img_00037709.jpg,full-body clothes,275,308,308,0,275,0
6127,img/img_00037713.jpg,full-body clothes,270,116,237,121,384,114
6128,img/img_00037714.jpg,full-body clothes,200,104,224,120,283,83
6129,img/img_00037720.jpg,upper-body clothes,308,221,288,67,446,138
6130,img/img_00037736.jpg,lower-body clothes,210,234,418,184,302,92
6131,img/img_00037739.jpg,lower-body clothes,142,82,255,173,422,280
6132,img/img_00037754.jpg,upper-body clothes,265,180,264,84,429,164
6133,img/img_00037756.jpg,full-body clothes,448,275,289,14,492,44
6134,img/img_00037760.jpg,upper-body clothes,266,202,278,76,417,151
6135,img/img_00037761.jpg,upper-body clothes,162,153,279,126,305,143
6136,img/img_00037762.jpg,upper-body clothes,431,327,327,0,431,0
6137,img/img_00037775.jpg,lower-body clothes,300,124,239,115,436,136
6138,img/img_00037791.jpg,lower-body clothes,333,136,234,98,366,33
6139,img/img_00037801.jpg,upper-body clothes,362,295,378,83,504,142
6140,img/img_00037805.jpg,upper-body clothes,428,269,269,0,428,0
6141,img/img_00037822.jpg,upper-body clothes,377,265,301,36,383,6
6142,img/img_00037825.jpg,upper-body clothes,313,201,293,92,475,162
6143,img/img_00037834.jpg,lower-body clothes,391,127,232,105,405,14
6144,img/img_00037835.jpg,lower-body clothes,487,275,275,0,487,0
6145,img/img_00037843.jpg,full-body clothes,182,72,197,125,255,73
6146,img/img_00037852.jpg,upper-body clothes,65,235,235,0,65,0
6147,img/img_00037861.jpg,upper-body clothes,327,277,314,37,352,25
6148,img/img_00037866.jpg,upper-body clothes,173,371,371,0,173,0
6149,img/img_00037871.jpg,upper-body clothes,308,235,302,67,371,63
6150,img/img_00037883.jpg,full-body clothes,468,173,315,142,482,14
6151,img/img_00037884.jpg,full-body clothes,473,174,327,153,498,25
6152,img/img_00037891.jpg,full-body clothes,217,128,186,58,356,139
6153,img/img_00037893.jpg,full-body clothes,222,113,276,163,402,180
6154,img/img_00037894.jpg,full-body clothes,221,84,155,71,340,119
6155,img/img_00037895.jpg,full-body clothes,402,238,332,94,472,70
6156,img/img_00037905.jpg,lower-body clothes,309,224,340,116,398,89
6157,img/img_00037914.jpg,full-body clothes,490,293,293,0,490,0
6158,img/img_00037917.jpg,full-body clothes,440,428,433,5,442,2
6159,img/img_00037921.jpg,full-body clothes,487,364,364,0,487,0
6160,img/img_00037937.jpg,full-body clothes,508,377,377,0,508,0
6161,img/img_00037944.jpg,full-body clothes,339,220,252,32,397,58
6162,img/img_00037963.jpg,upper-body clothes,495,222,222,0,495,0
6163,img/img_00037993.jpg,full-body clothes,241,200,200,0,241,0
6164,img/img_00037994.jpg,full-body clothes,393,256,293,37,450,57
6165,img/img_00038002.jpg,lower-body clothes,379,285,338,53,382,3
6166,img/img_00038015.jpg,lower-body clothes,261,245,245,0,261,0
6167,img/img_00038024.jpg,full-body clothes,495,278,278,0,495,0
6168,img/img_00038025.jpg,full-body clothes,481,276,276,0,481,0
6169,img/img_00038028.jpg,full-body clothes,496,252,252,0,496,0
6170,img/img_00038032.jpg,full-body clothes,219,115,283,168,254,35
6171,img/img_00038034.jpg,full-body clothes,139,54,189,135,272,133
6172,img/img_00038049.jpg,upper-body clothes,308,222,284,62,461,153
6173,img/img_00038054.jpg,upper-body clothes,252,198,290,92,387,135
6174,img/img_00038058.jpg,full-body clothes,388,266,319,53,467,79
6175,img/img_00038064.jpg,full-body clothes,393,184,263,79,454,61
6176,img/img_00038072.jpg,upper-body clothes,422,370,375,5,465,43
6177,img/img_00038075.jpg,full-body clothes,276,214,214,0,276,0
6178,img/img_00038076.jpg,full-body clothes,324,166,267,101,509,185
6179,img/img_00038100.jpg,full-body clothes,214,124,282,158,255,41
6180,img/img_00038105.jpg,upper-body clothes,491,334,334,0,491,0
6181,img/img_00038116.jpg,lower-body clothes,262,255,276,21,368,106
6182,img/img_00038135.jpg,lower-body clothes,289,323,336,13,378,89
6183,img/img_00038136.jpg,lower-body clothes,129,259,259,0,129,0
6184,img/img_00038139.jpg,lower-body clothes,390,366,366,0,390,0
6185,img/img_00038143.jpg,lower-body clothes,420,333,333,0,420,0
6186,img/img_00038151.jpg,upper-body clothes,249,184,262,78,380,131
6187,img/img_00038157.jpg,upper-body clothes,316,215,249,34,331,15
6188,img/img_00038177.jpg,upper-body clothes,279,180,254,74,297,18
6189,img/img_00038180.jpg,upper-body clothes,228,151,255,104,352,124
6190,img/img_00038183.jpg,upper-body clothes,432,280,311,31,468,36
6191,img/img_00038189.jpg,upper-body clothes,265,182,282,100,436,171
6192,img/img_00038197.jpg,upper-body clothes,84,244,244,0,84,0
6193,img/img_00038203.jpg,upper-body clothes,285,193,267,74,436,151
6194,img/img_00038206.jpg,upper-body clothes,117,177,177,0,117,0
6195,img/img_00038207.jpg,upper-body clothes,273,268,301,33,323,50
6196,img/img_00038218.jpg,full-body clothes,333,244,277,33,457,124
6197,img/img_00038224.jpg,full-body clothes,248,299,299,0,248,0
6198,img/img_00038232.jpg,full-body clothes,413,252,302,50,432,19
6199,img/img_00038236.jpg,lower-body clothes,192,208,244,36,432,240
6200,img/img_00038241.jpg,full-body clothes,268,360,360,0,268,0
6201,img/img_00038246.jpg,lower-body clothes,264,278,278,0,264,0
6202,img/img_00038249.jpg,full-body clothes,168,96,234,138,268,100
6203,img/img_00038250.jpg,full-body clothes,383,239,341,102,494,111
6204,img/img_00038253.jpg,full-body clothes,404,289,289,0,404,0
6205,img/img_00038256.jpg,upper-body clothes,285,194,270,76,429,144
6206,img/img_00038257.jpg,upper-body clothes,379,336,336,0,379,0
6207,img/img_00038276.jpg,lower-body clothes,399,308,308,0,399,0
6208,img/img_00038281.jpg,full-body clothes,270,113,209,96,429,159
6209,img/img_00038284.jpg,full-body clothes,118,67,199,132,236,118
6210,img/img_00038298.jpg,upper-body clothes,103,72,225,153,340,237
6211,img/img_00038304.jpg,upper-body clothes,262,184,303,119,402,140
6212,img/img_00038306.jpg,upper-body clothes,308,213,289,76,451,143
6213,img/img_00038334.jpg,upper-body clothes,423,89,89,0,423,0
6214,img/img_00038341.jpg,upper-body clothes,395,226,241,15,408,13
6215,img/img_00038350.jpg,lower-body clothes,472,343,343,0,472,0
6216,img/img_00038354.jpg,full-body clothes,278,218,225,7,471,193
6217,img/img_00038363.jpg,full-body clothes,218,47,170,123,325,107
6218,img/img_00038366.jpg,full-body clothes,301,122,190,68,311,10
6219,img/img_00038372.jpg,full-body clothes,265,251,276,25,451,186
6220,img/img_00038374.jpg,full-body clothes,217,109,235,126,324,107
6221,img/img_00038384.jpg,full-body clothes,235,129,257,128,348,113
6222,img/img_00038392.jpg,full-body clothes,278,112,233,121,290,12
6223,img/img_00038394.jpg,full-body clothes,236,133,266,133,389,153
6224,img/img_00038397.jpg,full-body clothes,374,42,259,217,462,88
6225,img/img_00038399.jpg,full-body clothes,213,92,257,165,273,60
6226,img/img_00038400.jpg,full-body clothes,155,81,219,138,272,117
6227,img/img_00038402.jpg,full-body clothes,395,232,273,41,465,70
6228,img/img_00038404.jpg,full-body clothes,285,146,257,111,292,7
6229,img/img_00038405.jpg,full-body clothes,486,352,352,0,486,0
6230,img/img_00038417.jpg,full-body clothes,238,373,373,0,238,0
6231,img/img_00038429.jpg,full-body clothes,227,160,276,116,312,85
6232,img/img_00038430.jpg,upper-body clothes,326,230,282,52,340,14
6233,img/img_00038432.jpg,upper-body clothes,324,253,297,44,462,138
6234,img/img_00038433.jpg,upper-body clothes,157,118,173,55,229,72
6235,img/img_00038436.jpg,upper-body clothes,313,252,294,42,452,139
6236,img/img_00038438.jpg,lower-body clothes,350,136,247,111,387,37
6237,img/img_00038440.jpg,lower-body clothes,367,107,233,126,405,38
6238,img/img_00038445.jpg,lower-body clothes,251,263,263,0,251,0
6239,img/img_00038451.jpg,lower-body clothes,509,275,275,0,509,0
6240,img/img_00038452.jpg,lower-body clothes,283,170,324,154,337,54
6241,img/img_00038457.jpg,lower-body clothes,180,182,262,80,331,151
6242,img/img_00038458.jpg,lower-body clothes,287,184,223,39,464,177
6243,img/img_00038469.jpg,lower-body clothes,344,252,286,34,421,77
6244,img/img_00038470.jpg,upper-body clothes,235,149,282,133,351,116
6245,img/img_00038472.jpg,upper-body clothes,286,182,277,95,296,10
6246,img/img_00038473.jpg,upper-body clothes,410,270,320,50,418,8
6247,img/img_00038489.jpg,upper-body clothes,256,160,255,95,398,142
6248,img/img_00038495.jpg,upper-body clothes,9,236,236,0,9,0
6249,img/img_00038512.jpg,lower-body clothes,457,274,291,17,489,32
6250,img/img_00038529.jpg,lower-body clothes,408,298,317,19,441,33
6251,img/img_00038540.jpg,full-body clothes,409,298,349,51,482,73
6252,img/img_00038549.jpg,full-body clothes,349,241,271,30,489,140
6253,img/img_00038559.jpg,full-body clothes,500,332,332,0,500,0
6254,img/img_00038560.jpg,full-body clothes,112,84,197,113,293,181
6255,img/img_00038569.jpg,full-body clothes,241,197,197,0,241,0
6256,img/img_00038575.jpg,full-body clothes,316,296,296,0,316,0
6257,img/img_00038576.jpg,full-body clothes,196,74,203,129,296,100
6258,img/img_00038581.jpg,full-body clothes,383,163,255,92,484,101
6259,img/img_00038584.jpg,upper-body clothes,232,244,299,55,401,169
6260,img/img_00038586.jpg,upper-body clothes,393,266,324,58,428,35
6261,img/img_00038589.jpg,full-body clothes,443,178,258,80,468,25
6262,img/img_00038590.jpg,full-body clothes,408,215,291,76,495,87
6263,img/img_00038602.jpg,full-body clothes,369,327,344,17,477,108
6264,img/img_00038625.jpg,upper-body clothes,257,170,276,106,371,114
6265,img/img_00038626.jpg,upper-body clothes,289,197,267,70,444,155
6266,img/img_00038633.jpg,full-body clothes,263,132,176,44,380,117
6267,img/img_00038641.jpg,full-body clothes,366,201,294,93,387,21
6268,img/img_00038645.jpg,full-body clothes,103,25,181,156,386,283
6269,img/img_00038649.jpg,full-body clothes,220,89,241,152,447,227
6270,img/img_00038654.jpg,full-body clothes,451,358,358,0,451,0
6271,img/img_00038656.jpg,full-body clothes,328,300,300,0,328,0
6272,img/img_00038658.jpg,full-body clothes,244,246,249,3,417,173
6273,img/img_00038659.jpg,full-body clothes,181,127,271,144,334,153
6274,img/img_00038664.jpg,lower-body clothes,179,125,279,154,204,25
6275,img/img_00038678.jpg,full-body clothes,404,380,380,0,404,0
6276,img/img_00038691.jpg,full-body clothes,390,280,280,0,390,0
6277,img/img_00038697.jpg,full-body clothes,259,248,248,0,259,0
6278,img/img_00038700.jpg,lower-body clothes,196,57,164,107,452,256
6279,img/img_00038706.jpg,lower-body clothes,163,82,203,121,415,252
6280,img/img_00038709.jpg,lower-body clothes,482,359,359,0,482,0
6281,img/img_00038723.jpg,lower-body clothes,409,309,309,0,409,0
6282,img/img_00038731.jpg,lower-body clothes,318,348,381,33,425,107
6283,img/img_00038757.jpg,full-body clothes,229,144,322,178,344,115
6284,img/img_00038762.jpg,full-body clothes,292,172,274,102,420,128
6285,img/img_00038763.jpg,full-body clothes,265,148,240,92,456,191
6286,img/img_00038768.jpg,full-body clothes,285,271,271,0,285,0
6287,img/img_00038771.jpg,full-body clothes,206,126,257,131,216,10
6288,img/img_00038780.jpg,full-body clothes,127,79,179,100,334,207
6289,img/img_00038781.jpg,full-body clothes,106,65,275,210,390,284
6290,img/img_00038782.jpg,full-body clothes,157,103,199,96,300,143
6291,img/img_00038784.jpg,full-body clothes,167,94,212,118,363,196
6292,img/img_00038785.jpg,full-body clothes,467,373,373,0,467,0
6293,img/img_00038788.jpg,full-body clothes,320,312,312,0,320,0
6294,img/img_00038789.jpg,full-body clothes,156,64,148,84,323,167
6295,img/img_00038790.jpg,full-body clothes,249,101,240,139,396,147
6296,img/img_00038796.jpg,full-body clothes,451,313,313,0,451,0
6297,img/img_00038807.jpg,upper-body clothes,294,185,261,76,424,130
6298,img/img_00038814.jpg,lower-body clothes,359,201,256,55,411,52
6299,img/img_00038831.jpg,lower-body clothes,46,46,275,229,201,155
6300,img/img_00038842.jpg,full-body clothes,164,118,184,66,256,92
6301,img/img_00038846.jpg,full-body clothes,331,216,283,67,462,131
6302,img/img_00038850.jpg,full-body clothes,135,84,221,137,367,232
6303,img/img_00038855.jpg,upper-body clothes,194,454,454,0,194,0
6304,img/img_00038858.jpg,full-body clothes,354,153,252,99,481,127
6305,img/img_00038862.jpg,upper-body clothes,452,284,308,24,465,13
6306,img/img_00038865.jpg,full-body clothes,432,325,325,0,432,0
6307,img/img_00038868.jpg,full-body clothes,247,123,217,94,342,95
6308,img/img_00038882.jpg,full-body clothes,232,305,305,0,232,0
6309,img/img_00038888.jpg,full-body clothes,302,181,247,66,338,36
6310,img/img_00038924.jpg,full-body clothes,233,272,272,0,233,0
6311,img/img_00038945.jpg,upper-body clothes,322,245,283,38,330,8
6312,img/img_00038950.jpg,upper-body clothes,400,252,318,66,413,13
6313,img/img_00038951.jpg,upper-body clothes,152,149,281,132,254,102
6314,img/img_00038960.jpg,full-body clothes,259,217,217,0,259,0
6315,img/img_00038973.jpg,full-body clothes,239,159,214,55,358,119
6316,img/img_00038989.jpg,upper-body clothes,251,168,369,201,273,22
6317,img/img_00038993.jpg,upper-body clothes,281,193,308,115,317,36
6318,img/img_00039016.jpg,upper-body clothes,408,283,283,0,408,0
6319,img/img_00039027.jpg,full-body clothes,484,285,285,0,484,0
6320,img/img_00039030.jpg,full-body clothes,162,102,261,159,184,22
6321,img/img_00039031.jpg,full-body clothes,429,328,328,0,429,0
6322,img/img_00039056.jpg,lower-body clothes,209,182,264,82,336,127
6323,img/img_00039064.jpg,lower-body clothes,84,317,317,0,84,0
6324,img/img_00039069.jpg,lower-body clothes,200,165,262,97,502,302
6325,img/img_00039071.jpg,lower-body clothes,335,347,438,91,375,40
6326,img/img_00039076.jpg,full-body clothes,285,200,273,73,479,194
6327,img/img_00039094.jpg,full-body clothes,305,158,276,118,434,129
6328,img/img_00039097.jpg,full-body clothes,393,196,257,61,499,106
6329,img/img_00039107.jpg,full-body clothes,242,116,251,135,498,256
6330,img/img_00039109.jpg,full-body clothes,301,132,267,135,416,115
6331,img/img_00039110.jpg,full-body clothes,502,367,367,0,502,0
6332,img/img_00039116.jpg,full-body clothes,265,136,217,81,293,28
6333,img/img_00039126.jpg,lower-body clothes,461,118,210,92,466,5
6334,img/img_00039128.jpg,full-body clothes,435,224,282,58,462,27
6335,img/img_00039129.jpg,full-body clothes,355,182,367,185,454,99
6336,img/img_00039132.jpg,upper-body clothes,426,313,375,62,431,5
6337,img/img_00039147.jpg,upper-body clothes,273,377,377,0,273,0
6338,img/img_00039151.jpg,lower-body clothes,394,298,370,72,489,95
6339,img/img_00039152.jpg,lower-body clothes,328,263,303,40,447,119
6340,img/img_00039156.jpg,lower-body clothes,462,453,453,0,462,0
6341,img/img_00039166.jpg,lower-body clothes,277,206,236,30,340,63
6342,img/img_00039173.jpg,full-body clothes,248,107,181,74,359,111
6343,img/img_00039175.jpg,full-body clothes,500,381,381,0,500,0
6344,img/img_00039178.jpg,full-body clothes,254,141,210,69,278,24
6345,img/img_00039179.jpg,full-body clothes,226,109,225,116,333,107
6346,img/img_00039198.jpg,upper-body clothes,230,219,219,0,230,0
6347,img/img_00039204.jpg,upper-body clothes,323,286,286,0,323,0
6348,img/img_00039208.jpg,upper-body clothes,143,120,210,90,300,157
6349,img/img_00039215.jpg,upper-body clothes,357,335,354,19,365,8
6350,img/img_00039228.jpg,upper-body clothes,462,344,344,0,462,0
6351,img/img_00039230.jpg,upper-body clothes,478,331,331,0,478,0
6352,img/img_00039232.jpg,upper-body clothes,295,350,350,0,295,0
6353,img/img_00039235.jpg,full-body clothes,242,208,208,0,242,0
6354,img/img_00039243.jpg,full-body clothes,357,314,347,33,381,24
6355,img/img_00039245.jpg,full-body clothes,110,78,231,153,302,192
6356,img/img_00039252.jpg,full-body clothes,277,161,245,84,416,139
6357,img/img_00039262.jpg,upper-body clothes,255,293,293,0,255,0
6358,img/img_00039277.jpg,upper-body clothes,339,268,268,0,339,0
6359,img/img_00039279.jpg,full-body clothes,201,148,185,37,318,117
6360,img/img_00039292.jpg,lower-body clothes,310,119,227,108,382,72
6361,img/img_00039297.jpg,full-body clothes,359,212,299,87,458,99
6362,img/img_00039300.jpg,lower-body clothes,393,212,252,40,435,42
6363,img/img_00039302.jpg,lower-body clothes,311,148,192,44,372,61
6364,img/img_00039303.jpg,lower-body clothes,384,85,195,110,457,73
6365,img/img_00039305.jpg,lower-body clothes,402,139,282,143,416,14
6366,img/img_00039315.jpg,lower-body clothes,329,221,424,203,388,59
6367,img/img_00039324.jpg,full-body clothes,285,132,219,87,381,96
6368,img/img_00039326.jpg,full-body clothes,302,364,364,0,302,0
6369,img/img_00039329.jpg,full-body clothes,344,176,176,0,344,0
6370,img/img_00039331.jpg,full-body clothes,329,243,256,13,349,20
6371,img/img_00039333.jpg,lower-body clothes,77,77,146,69,271,194
6372,img/img_00039347.jpg,lower-body clothes,382,270,270,0,382,0
6373,img/img_00039350.jpg,lower-body clothes,373,170,253,83,378,5
6374,img/img_00039362.jpg,full-body clothes,201,88,239,151,382,181
6375,img/img_00039368.jpg,full-body clothes,486,307,307,0,486,0
6376,img/img_00039384.jpg,lower-body clothes,347,144,239,95,384,37
6377,img/img_00039386.jpg,lower-body clothes,413,207,299,92,442,29
6378,img/img_00039390.jpg,full-body clothes,474,306,306,0,474,0
6379,img/img_00039398.jpg,full-body clothes,500,346,346,0,500,0
6380,img/img_00039404.jpg,upper-body clothes,483,242,242,0,483,0
6381,img/img_00039425.jpg,full-body clothes,118,349,349,0,118,0
6382,img/img_00039433.jpg,full-body clothes,424,252,252,0,424,0
6383,img/img_00039435.jpg,lower-body clothes,447,241,241,0,447,0
6384,img/img_00039443.jpg,lower-body clothes,272,152,249,97,354,82
6385,img/img_00039446.jpg,lower-body clothes,48,271,271,0,48,0
6386,img/img_00039457.jpg,lower-body clothes,330,90,218,128,437,107
6387,img/img_00039460.jpg,lower-body clothes,406,123,260,137,441,35
6388,img/img_00039463.jpg,full-body clothes,212,103,253,150,387,175
6389,img/img_00039464.jpg,full-body clothes,308,137,147,10,330,22
6390,img/img_00039465.jpg,full-body clothes,330,162,343,181,440,110
6391,img/img_00039469.jpg,upper-body clothes,382,290,290,0,382,0
6392,img/img_00039470.jpg,upper-body clothes,440,317,317,0,440,0
6393,img/img_00039489.jpg,lower-body clothes,380,130,246,116,411,31
6394,img/img_00039490.jpg,lower-body clothes,353,148,290,142,358,5
6395,img/img_00039492.jpg,upper-body clothes,287,212,270,58,298,11
6396,img/img_00039493.jpg,upper-body clothes,154,112,197,85,265,111
6397,img/img_00039508.jpg,upper-body clothes,177,147,147,0,177,0
6398,img/img_00039513.jpg,upper-body clothes,424,371,371,0,424,0
6399,img/img_00039514.jpg,upper-body clothes,174,126,239,113,331,157
6400,img/img_00039529.jpg,upper-body clothes,250,222,341,119,400,150
6401,img/img_00039530.jpg,upper-body clothes,154,220,234,14,321,167
6402,img/img_00039539.jpg,lower-body clothes,485,368,368,0,485,0
6403,img/img_00039542.jpg,lower-body clothes,452,250,250,0,452,0
6404,img/img_00039547.jpg,lower-body clothes,396,299,303,4,405,9
6405,img/img_00039556.jpg,lower-body clothes,265,303,303,0,265,0
6406,img/img_00039563.jpg,lower-body clothes,392,260,260,0,392,0
6407,img/img_00039564.jpg,lower-body clothes,93,287,287,0,93,0
6408,img/img_00039570.jpg,lower-body clothes,418,112,248,136,461,43
6409,img/img_00039573.jpg,lower-body clothes,164,36,290,254,367,203
6410,img/img_00039575.jpg,lower-body clothes,17,250,250,0,17,0
6411,img/img_00039580.jpg,lower-body clothes,316,338,429,91,318,2
6412,img/img_00039585.jpg,lower-body clothes,322,249,363,114,372,50
6413,img/img_00039588.jpg,lower-body clothes,164,125,285,160,215,51
6414,img/img_00039599.jpg,lower-body clothes,283,307,327,20,431,148
6415,img/img_00039613.jpg,upper-body clothes,353,213,282,69,368,15
6416,img/img_00039615.jpg,upper-body clothes,302,192,279,87,448,146
6417,img/img_00039619.jpg,lower-body clothes,315,322,341,19,356,41
6418,img/img_00039625.jpg,upper-body clothes,244,277,277,0,244,0
6419,img/img_00039628.jpg,lower-body clothes,337,117,234,117,400,63
6420,img/img_00039644.jpg,lower-body clothes,442,252,252,0,442,0
6421,img/img_00039647.jpg,lower-body clothes,357,206,277,71,386,29
6422,img/img_00039658.jpg,upper-body clothes,326,339,361,22,454,128
6423,img/img_00039661.jpg,upper-body clothes,277,210,278,68,447,170
6424,img/img_00039662.jpg,upper-body clothes,244,360,360,0,244,0
6425,img/img_00039668.jpg,lower-body clothes,200,290,290,0,200,0
6426,img/img_00039675.jpg,lower-body clothes,460,267,335,68,504,44
6427,img/img_00039677.jpg,lower-body clothes,373,229,229,0,373,0
6428,img/img_00039680.jpg,lower-body clothes,203,158,261,103,501,298
6429,img/img_00039684.jpg,upper-body clothes,449,331,331,0,449,0
6430,img/img_00039701.jpg,upper-body clothes,481,324,324,0,481,0
6431,img/img_00039705.jpg,upper-body clothes,455,334,362,28,460,5
6432,img/img_00039706.jpg,lower-body clothes,490,368,383,15,502,12
6433,img/img_00039710.jpg,upper-body clothes,266,208,293,85,395,129
6434,img/img_00039711.jpg,upper-body clothes,305,223,300,77,311,6
6435,img/img_00039721.jpg,upper-body clothes,30,244,244,0,30,0
6436,img/img_00039723.jpg,upper-body clothes,373,225,279,54,388,15
6437,img/img_00039732.jpg,full-body clothes,421,311,311,0,421,0
6438,img/img_00039736.jpg,full-body clothes,238,142,274,132,276,38
6439,img/img_00039747.jpg,full-body clothes,277,158,253,95,365,88
6440,img/img_00039757.jpg,lower-body clothes,139,79,260,181,245,106
6441,img/img_00039763.jpg,lower-body clothes,190,202,206,4,468,278
6442,img/img_00039764.jpg,upper-body clothes,253,178,263,85,381,128
6443,img/img_00039772.jpg,lower-body clothes,351,83,217,134,430,79
6444,img/img_00039792.jpg,upper-body clothes,377,279,279,0,377,0
6445,img/img_00039799.jpg,full-body clothes,432,265,265,0,432,0
6446,img/img_00039806.jpg,lower-body clothes,337,317,317,0,337,0
6447,img/img_00039808.jpg,full-body clothes,338,130,228,98,441,103
6448,img/img_00039812.jpg,full-body clothes,228,148,194,46,376,148
6449,img/img_00039814.jpg,full-body clothes,158,27,168,141,338,180
6450,img/img_00039817.jpg,upper-body clothes,308,209,286,77,331,23
6451,img/img_00039818.jpg,upper-body clothes,324,201,261,60,330,6
6452,img/img_00039824.jpg,upper-body clothes,385,288,340,52,483,98
6453,img/img_00039833.jpg,upper-body clothes,433,277,277,0,433,0
6454,img/img_00039834.jpg,upper-body clothes,424,225,225,0,424,0
6455,img/img_00039839.jpg,upper-body clothes,234,154,273,119,398,164
6456,img/img_00039841.jpg,upper-body clothes,170,318,318,0,170,0
6457,img/img_00039866.jpg,full-body clothes,459,331,373,42,500,41
6458,img/img_00039868.jpg,lower-body clothes,388,182,266,84,399,11
6459,img/img_00039869.jpg,lower-body clothes,409,218,264,46,410,1
6460,img/img_00039875.jpg,lower-body clothes,333,156,283,127,397,64
6461,img/img_00039878.jpg,upper-body clothes,394,279,306,27,451,57
6462,img/img_00039884.jpg,full-body clothes,380,192,204,12,443,63
6463,img/img_00039885.jpg,upper-body clothes,205,139,257,118,224,19
6464,img/img_00039886.jpg,upper-body clothes,254,198,292,94,286,32
6465,img/img_00039891.jpg,lower-body clothes,158,106,189,83,339,181
6466,img/img_00039896.jpg,lower-body clothes,154,111,229,118,175,21
6467,img/img_00039908.jpg,lower-body clothes,376,331,349,18,418,42
6468,img/img_00039915.jpg,lower-body clothes,175,181,289,108,380,205
6469,img/img_00039916.jpg,lower-body clothes,260,201,277,76,489,229
6470,img/img_00039921.jpg,lower-body clothes,412,284,284,0,412,0
6471,img/img_00039923.jpg,lower-body clothes,106,75,196,121,301,195
6472,img/img_00039924.jpg,upper-body clothes,342,449,449,0,342,0
6473,img/img_00039931.jpg,upper-body clothes,197,348,348,0,197,0
6474,img/img_00039944.jpg,upper-body clothes,133,92,256,164,237,104
6475,img/img_00039958.jpg,full-body clothes,411,215,299,84,473,62
6476,img/img_00039961.jpg,full-body clothes,141,68,251,183,351,210
6477,img/img_00039966.jpg,lower-body clothes,195,141,234,93,474,279
6478,img/img_00039978.jpg,upper-body clothes,441,301,301,0,441,0
6479,img/img_00039992.jpg,upper-body clothes,248,391,391,0,248,0
6480,img/img_00040003.jpg,upper-body clothes,282,189,257,68,417,135
6481,img/img_00040007.jpg,upper-body clothes,350,255,274,19,427,77
6482,img/img_00040011.jpg,upper-body clothes,309,236,272,36,344,35
6483,img/img_00040016.jpg,upper-body clothes,479,322,333,11,490,11
6484,img/img_00040029.jpg,upper-body clothes,462,367,367,0,462,0
6485,img/img_00040032.jpg,upper-body clothes,251,152,337,185,396,145
6486,img/img_00040044.jpg,lower-body clothes,121,126,291,165,167,46
6487,img/img_00040045.jpg,lower-body clothes,175,37,240,203,201,26
6488,img/img_00040049.jpg,lower-body clothes,247,262,360,98,406,159
6489,img/img_00040053.jpg,lower-body clothes,255,209,320,111,257,2
6490,img/img_00040070.jpg,full-body clothes,404,259,259,0,404,0
6491,img/img_00040072.jpg,lower-body clothes,370,297,352,55,440,70
6492,img/img_00040073.jpg,lower-body clothes,354,136,240,104,392,38
6493,img/img_00040077.jpg,full-body clothes,234,354,354,0,234,0
6494,img/img_00040078.jpg,full-body clothes,478,307,307,0,478,0
6495,img/img_00040080.jpg,lower-body clothes,386,141,222,81,413,27
6496,img/img_00040088.jpg,upper-body clothes,191,141,268,127,411,220
6497,img/img_00040132.jpg,upper-body clothes,371,278,278,0,371,0
6498,img/img_00040133.jpg,upper-body clothes,412,284,328,44,472,60
6499,img/img_00040142.jpg,full-body clothes,307,166,294,128,358,51
6500,img/img_00040165.jpg,upper-body clothes,121,107,182,75,255,134
6501,img/img_00040168.jpg,lower-body clothes,383,136,262,126,419,36
6502,img/img_00040177.jpg,lower-body clothes,352,427,427,0,352,0
6503,img/img_00040178.jpg,lower-body clothes,226,201,281,80,438,212
6504,img/img_00040186.jpg,lower-body clothes,101,111,245,134,330,229
6505,img/img_00040190.jpg,lower-body clothes,119,109,271,162,139,20
6506,img/img_00040197.jpg,full-body clothes,256,63,138,75,345,89
6507,img/img_00040198.jpg,upper-body clothes,322,242,281,39,455,133
6508,img/img_00040199.jpg,upper-body clothes,311,227,303,76,449,138
6509,img/img_00040203.jpg,full-body clothes,326,172,250,78,455,129
6510,img/img_00040208.jpg,upper-body clothes,150,284,284,0,150,0
6511,img/img_00040210.jpg,upper-body clothes,455,299,299,0,455,0
6512,img/img_00040212.jpg,upper-body clothes,99,87,281,194,210,111
6513,img/img_00040220.jpg,full-body clothes,469,262,262,0,469,0
6514,img/img_00040223.jpg,upper-body clothes,282,227,356,129,386,104
6515,img/img_00040225.jpg,full-body clothes,263,157,180,23,375,112
6516,img/img_00040228.jpg,full-body clothes,423,247,298,51,487,64
6517,img/img_00040241.jpg,full-body clothes,148,129,331,202,239,91
6518,img/img_00040251.jpg,full-body clothes,322,218,302,84,476,154
6519,img/img_00040258.jpg,full-body clothes,356,166,261,95,476,120
6520,img/img_00040263.jpg,upper-body clothes,319,307,336,29,438,119
6521,img/img_00040264.jpg,upper-body clothes,366,293,360,67,476,110
6522,img/img_00040265.jpg,lower-body clothes,350,96,225,129,453,103
6523,img/img_00040271.jpg,full-body clothes,224,125,232,107,458,234
6524,img/img_00040273.jpg,lower-body clothes,292,155,246,91,355,63
6525,img/img_00040282.jpg,lower-body clothes,168,133,263,130,417,249
6526,img/img_00040286.jpg,full-body clothes,296,304,320,16,416,120
6527,img/img_00040287.jpg,full-body clothes,399,257,257,0,399,0
6528,img/img_00040301.jpg,upper-body clothes,185,139,268,129,245,60
6529,img/img_00040304.jpg,full-body clothes,152,64,152,88,310,158
6530,img/img_00040306.jpg,upper-body clothes,343,279,301,22,362,19
6531,img/img_00040310.jpg,upper-body clothes,296,255,334,79,442,146
6532,img/img_00040320.jpg,upper-body clothes,341,274,289,15,410,69
6533,img/img_00040323.jpg,lower-body clothes,64,293,293,0,64,0
6534,img/img_00040326.jpg,full-body clothes,422,239,256,17,436,14
6535,img/img_00040332.jpg,full-body clothes,210,207,207,0,210,0
6536,img/img_00040338.jpg,full-body clothes,262,95,293,198,381,119
6537,img/img_00040342.jpg,full-body clothes,165,185,185,0,165,0
6538,img/img_00040344.jpg,full-body clothes,502,366,366,0,502,0
6539,img/img_00040351.jpg,full-body clothes,403,242,242,0,403,0
6540,img/img_00040363.jpg,upper-body clothes,470,320,320,0,470,0
6541,img/img_00040374.jpg,full-body clothes,325,167,281,114,469,144
6542,img/img_00040376.jpg,full-body clothes,360,235,301,66,502,142
6543,img/img_00040385.jpg,full-body clothes,241,151,247,96,434,193
6544,img/img_00040389.jpg,upper-body clothes,368,355,369,14,455,87
6545,img/img_00040392.jpg,upper-body clothes,222,501,501,0,222,0
6546,img/img_00040395.jpg,upper-body clothes,401,352,352,0,401,0
6547,img/img_00040409.jpg,upper-body clothes,488,376,376,0,488,0
6548,img/img_00040415.jpg,full-body clothes,166,56,189,133,294,128
6549,img/img_00040416.jpg,full-body clothes,299,87,241,154,317,18
6550,img/img_00040417.jpg,full-body clothes,453,373,379,6,459,6
6551,img/img_00040418.jpg,full-body clothes,382,220,358,138,454,72
6552,img/img_00040425.jpg,full-body clothes,377,262,306,44,461,84
6553,img/img_00040436.jpg,upper-body clothes,285,258,296,38,320,35
6554,img/img_00040442.jpg,upper-body clothes,89,375,375,0,89,0
6555,img/img_00040454.jpg,full-body clothes,383,355,355,0,383,0
6556,img/img_00040455.jpg,full-body clothes,490,185,260,75,494,4
6557,img/img_00040458.jpg,full-body clothes,116,54,208,154,203,87
6558,img/img_00040461.jpg,full-body clothes,349,221,292,71,477,128
6559,img/img_00040464.jpg,full-body clothes,201,113,220,107,450,249
6560,img/img_00040465.jpg,full-body clothes,194,105,186,81,274,80
6561,img/img_00040466.jpg,full-body clothes,214,118,248,130,418,204
6562,img/img_00040471.jpg,full-body clothes,466,303,343,40,474,8
6563,img/img_00040475.jpg,full-body clothes,508,305,305,0,508,0
6564,img/img_00040478.jpg,full-body clothes,449,339,339,0,449,0
6565,img/img_00040479.jpg,full-body clothes,413,138,248,110,452,39
6566,img/img_00040484.jpg,full-body clothes,198,83,214,131,261,63
6567,img/img_00040490.jpg,full-body clothes,205,74,223,149,370,165
6568,img/img_00040492.jpg,full-body clothes,433,333,336,3,474,41
6569,img/img_00040505.jpg,lower-body clothes,210,88,234,146,359,149
6570,img/img_00040509.jpg,lower-body clothes,393,129,247,118,411,18
6571,img/img_00040510.jpg,lower-body clothes,365,125,236,111,406,41
6572,img/img_00040518.jpg,full-body clothes,465,377,377,0,465,0
6573,img/img_00040523.jpg,full-body clothes,421,227,250,23,427,6
6574,img/img_00040528.jpg,full-body clothes,170,87,214,127,375,205
6575,img/img_00040534.jpg,full-body clothes,497,328,328,0,497,0
6576,img/img_00040536.jpg,full-body clothes,322,228,311,83,467,145
6577,img/img_00040537.jpg,full-body clothes,306,256,262,6,445,139
6578,img/img_00040542.jpg,upper-body clothes,332,274,285,11,368,36
6579,img/img_00040548.jpg,upper-body clothes,242,199,284,85,382,140
6580,img/img_00040572.jpg,full-body clothes,313,219,318,99,472,159
6581,img/img_00040581.jpg,lower-body clothes,80,283,283,0,80,0
6582,img/img_00040584.jpg,lower-body clothes,90,258,258,0,90,0
6583,img/img_00040590.jpg,lower-body clothes,163,137,258,121,238,75
6584,img/img_00040599.jpg,full-body clothes,376,345,345,0,376,0
6585,img/img_00040606.jpg,upper-body clothes,471,339,339,0,471,0
6586,img/img_00040624.jpg,upper-body clothes,346,241,269,28,372,26
6587,img/img_00040627.jpg,lower-body clothes,298,136,209,73,433,135
6588,img/img_00040628.jpg,lower-body clothes,324,28,197,169,400,76
6589,img/img_00040629.jpg,lower-body clothes,404,124,227,103,443,39
6590,img/img_00040633.jpg,upper-body clothes,159,118,245,127,230,71
6591,img/img_00040640.jpg,upper-body clothes,79,374,374,0,79,0
6592,img/img_00040650.jpg,full-body clothes,279,338,338,0,279,0
6593,img/img_00040658.jpg,upper-body clothes,153,132,146,14,278,125
6594,img/img_00040662.jpg,upper-body clothes,132,97,247,150,314,182
6595,img/img_00040664.jpg,upper-body clothes,331,282,282,0,331,0
6596,img/img_00040677.jpg,upper-body clothes,153,85,208,123,225,72
6597,img/img_00040682.jpg,upper-body clothes,263,144,231,87,290,27
6598,img/img_00040691.jpg,full-body clothes,272,158,226,68,419,147
6599,img/img_00040700.jpg,full-body clothes,431,197,237,40,443,12
6600,img/img_00040701.jpg,full-body clothes,370,365,365,0,370,0
6601,img/img_00040703.jpg,lower-body clothes,309,134,231,97,385,76
6602,img/img_00040707.jpg,full-body clothes,441,330,330,0,441,0
6603,img/img_00040708.jpg,upper-body clothes,314,210,282,72,328,14
6604,img/img_00040730.jpg,lower-body clothes,191,156,187,31,241,50
6605,img/img_00040736.jpg,upper-body clothes,344,166,264,98,505,161
6606,img/img_00040738.jpg,upper-body clothes,276,255,298,43,419,143
6607,img/img_00040745.jpg,lower-body clothes,261,315,315,0,261,0
6608,img/img_00040749.jpg,upper-body clothes,319,273,280,7,377,58
6609,img/img_00040750.jpg,lower-body clothes,437,39,213,174,459,22
6610,img/img_00040761.jpg,lower-body clothes,207,119,242,123,282,75
6611,img/img_00040774.jpg,lower-body clothes,163,164,230,66,477,314
6612,img/img_00040776.jpg,lower-body clothes,296,323,343,20,355,59
6613,img/img_00040779.jpg,lower-body clothes,275,389,440,51,300,25
6614,img/img_00040781.jpg,upper-body clothes,328,259,300,41,495,167
6615,img/img_00040804.jpg,upper-body clothes,326,289,299,10,404,78
6616,img/img_00040806.jpg,upper-body clothes,227,160,236,76,391,164
6617,img/img_00040810.jpg,upper-body clothes,373,227,227,0,373,0
6618,img/img_00040813.jpg,upper-body clothes,348,300,329,29,381,33
6619,img/img_00040814.jpg,upper-body clothes,112,85,247,162,337,225
6620,img/img_00040831.jpg,full-body clothes,399,338,338,0,399,0
6621,img/img_00040842.jpg,upper-body clothes,305,211,262,51,467,162
6622,img/img_00040847.jpg,upper-body clothes,279,199,273,74,364,85
6623,img/img_00040850.jpg,upper-body clothes,370,244,280,36,505,135
6624,img/img_00040864.jpg,full-body clothes,424,379,379,0,424,0
6625,img/img_00040872.jpg,full-body clothes,282,258,258,0,282,0
6626,img/img_00040876.jpg,full-body clothes,225,146,236,90,319,94
6627,img/img_00040877.jpg,full-body clothes,262,151,214,63,279,17
6628,img/img_00040894.jpg,upper-body clothes,297,228,285,57,395,98
6629,img/img_00040901.jpg,upper-body clothes,262,281,281,0,262,0
6630,img/img_00040902.jpg,upper-body clothes,183,136,294,158,286,103
6631,img/img_00040908.jpg,lower-body clothes,188,147,266,119,433,245
6632,img/img_00040917.jpg,full-body clothes,288,201,267,66,462,174
6633,img/img_00040918.jpg,full-body clothes,270,229,260,31,497,227
6634,img/img_00040921.jpg,full-body clothes,225,358,358,0,225,0
6635,img/img_00040922.jpg,full-body clothes,319,251,358,107,491,172
6636,img/img_00040932.jpg,full-body clothes,223,148,277,129,292,69
6637,img/img_00040941.jpg,full-body clothes,171,136,228,92,379,208
6638,img/img_00040943.jpg,full-body clothes,462,274,274,0,462,0
6639,img/img_00040956.jpg,lower-body clothes,65,308,308,0,65,0
6640,img/img_00040974.jpg,lower-body clothes,324,308,308,0,324,0
6641,img/img_00040980.jpg,lower-body clothes,106,334,334,0,106,0
6642,img/img_00040981.jpg,lower-body clothes,135,262,262,0,135,0
6643,img/img_00040986.jpg,full-body clothes,439,290,290,0,439,0
6644,img/img_00040989.jpg,full-body clothes,375,270,315,45,457,82
6645,img/img_00040992.jpg,full-body clothes,374,308,486,178,381,7
6646,img/img_00040999.jpg,full-body clothes,281,175,381,206,468,187
6647,img/img_00041005.jpg,lower-body clothes,146,108,244,136,352,206
6648,img/img_00041021.jpg,full-body clothes,327,360,360,0,327,0
6649,img/img_00041024.jpg,upper-body clothes,130,65,157,92,236,106
6650,img/img_00041042.jpg,full-body clothes,248,79,157,78,451,203
6651,img/img_00041045.jpg,full-body clothes,349,264,306,42,487,138
6652,img/img_00041058.jpg,full-body clothes,459,324,324,0,459,0
6653,img/img_00041064.jpg,full-body clothes,405,262,319,57,443,38
6654,img/img_00041069.jpg,full-body clothes,198,102,233,131,290,92
6655,img/img_00041073.jpg,full-body clothes,226,166,313,147,348,122
6656,img/img_00041094.jpg,lower-body clothes,353,227,280,53,431,78
6657,img/img_00041096.jpg,lower-body clothes,355,350,369,19,402,47
6658,img/img_00041106.jpg,full-body clothes,409,279,279,0,409,0
6659,img/img_00041107.jpg,lower-body clothes,482,358,358,0,482,0
6660,img/img_00041114.jpg,full-body clothes,211,81,159,78,312,101
6661,img/img_00041120.jpg,upper-body clothes,359,321,336,15,365,6
6662,img/img_00041121.jpg,upper-body clothes,461,314,314,0,461,0
6663,img/img_00041128.jpg,lower-body clothes,410,305,338,33,428,18
6664,img/img_00041132.jpg,full-body clothes,477,313,313,0,477,0
6665,img/img_00041134.jpg,full-body clothes,442,283,283,0,442,0
6666,img/img_00041143.jpg,full-body clothes,376,157,254,97,392,16
6667,img/img_00041146.jpg,full-body clothes,394,50,208,158,446,52
6668,img/img_00041154.jpg,full-body clothes,453,182,250,68,458,5
6669,img/img_00041169.jpg,upper-body clothes,186,143,258,115,196,10
6670,img/img_00041183.jpg,full-body clothes,270,58,292,234,495,225
6671,img/img_00041185.jpg,full-body clothes,217,111,190,79,308,91
6672,img/img_00041186.jpg,full-body clothes,399,377,377,0,399,0
6673,img/img_00041197.jpg,full-body clothes,160,81,176,95,255,95
6674,img/img_00041199.jpg,full-body clothes,344,231,250,19,401,57
6675,img/img_00041210.jpg,full-body clothes,328,158,246,88,385,57
6676,img/img_00041224.jpg,full-body clothes,249,81,181,100,314,65
6677,img/img_00041228.jpg,full-body clothes,364,269,275,6,500,136
6678,img/img_00041229.jpg,full-body clothes,239,105,195,90,296,57
6679,img/img_00041235.jpg,full-body clothes,256,104,223,119,364,108
6680,img/img_00041249.jpg,upper-body clothes,336,259,314,55,483,147
6681,img/img_00041251.jpg,upper-body clothes,442,334,334,0,442,0
6682,img/img_00041255.jpg,upper-body clothes,151,114,239,125,365,214
6683,img/img_00041289.jpg,upper-body clothes,392,221,262,41,430,38
6684,img/img_00041292.jpg,upper-body clothes,177,85,234,149,366,189
6685,img/img_00041295.jpg,lower-body clothes,341,290,315,25,452,111
6686,img/img_00041302.jpg,lower-body clothes,10,301,301,0,10,0
6687,img/img_00041308.jpg,upper-body clothes,11,203,203,0,11,0
6688,img/img_00041316.jpg,upper-body clothes,166,148,268,120,212,46
6689,img/img_00041321.jpg,upper-body clothes,465,280,280,0,465,0
6690,img/img_00041327.jpg,full-body clothes,165,88,215,127,367,202
6691,img/img_00041328.jpg,full-body clothes,314,280,311,31,320,6
6692,img/img_00041329.jpg,full-body clothes,487,277,281,4,497,10
6693,img/img_00041337.jpg,full-body clothes,264,455,455,0,264,0
6694,img/img_00041342.jpg,full-body clothes,201,95,294,199,296,95
6695,img/img_00041354.jpg,full-body clothes,228,190,190,0,228,0
6696,img/img_00041357.jpg,full-body clothes,220,134,244,110,284,64
6697,img/img_00041361.jpg,lower-body clothes,279,109,236,127,293,14
6698,img/img_00041367.jpg,lower-body clothes,33,339,339,0,33,0
6699,img/img_00041373.jpg,lower-body clothes,85,255,269,14,238,153
6700,img/img_00041377.jpg,full-body clothes,456,318,318,0,456,0
6701,img/img_00041394.jpg,upper-body clothes,322,262,306,44,482,160
6702,img/img_00041401.jpg,lower-body clothes,251,280,336,56,363,112
6703,img/img_00041407.jpg,full-body clothes,394,314,339,25,401,7
6704,img/img_00041415.jpg,full-body clothes,431,253,253,0,431,0
6705,img/img_00041422.jpg,full-body clothes,378,265,265,0,378,0
6706,img/img_00041427.jpg,upper-body clothes,225,151,265,114,395,170
6707,img/img_00041437.jpg,upper-body clothes,316,228,279,51,500,184
6708,img/img_00041443.jpg,lower-body clothes,255,319,330,11,371,116
6709,img/img_00041446.jpg,lower-body clothes,119,112,295,183,143,24
6710,img/img_00041448.jpg,full-body clothes,489,270,270,0,489,0
6711,img/img_00041454.jpg,upper-body clothes,127,99,231,132,234,107
6712,img/img_00041464.jpg,upper-body clothes,292,230,233,3,451,159
6713,img/img_00041479.jpg,lower-body clothes,197,130,252,122,280,83
6714,img/img_00041488.jpg,lower-body clothes,164,265,272,7,324,160
6715,img/img_00041491.jpg,lower-body clothes,138,265,402,137,232,94
6716,img/img_00041496.jpg,full-body clothes,126,66,193,127,238,112
6717,img/img_00041498.jpg,upper-body clothes,319,205,294,89,441,122
6718,img/img_00041506.jpg,upper-body clothes,145,90,255,165,286,141
6719,img/img_00041507.jpg,lower-body clothes,452,134,239,105,459,7
6720,img/img_00041511.jpg,full-body clothes,267,175,285,110,389,122
6721,img/img_00041514.jpg,full-body clothes,176,231,231,0,176,0
6722,img/img_00041518.jpg,upper-body clothes,244,174,214,40,328,84
6723,img/img_00041533.jpg,lower-body clothes,363,122,241,119,451,88
6724,img/img_00041536.jpg,lower-body clothes,502,254,319,65,509,7
6725,img/img_00041543.jpg,lower-body clothes,93,313,313,0,93,0
6726,img/img_00041544.jpg,lower-body clothes,459,243,314,71,495,36
6727,img/img_00041551.jpg,full-body clothes,429,259,259,0,429,0
6728,img/img_00041557.jpg,lower-body clothes,250,66,341,275,476,226
6729,img/img_00041560.jpg,lower-body clothes,354,126,250,124,376,22
6730,img/img_00041566.jpg,lower-body clothes,240,131,248,117,337,97
6731,img/img_00041568.jpg,lower-body clothes,347,107,220,113,377,30
6732,img/img_00041572.jpg,lower-body clothes,471,309,348,39,484,13
6733,img/img_00041578.jpg,full-body clothes,328,393,393,0,328,0
6734,img/img_00041586.jpg,lower-body clothes,253,345,345,0,253,0
6735,img/img_00041587.jpg,lower-body clothes,138,414,471,57,166,28
6736,img/img_00041588.jpg,lower-body clothes,416,353,369,16,494,78
6737,img/img_00041597.jpg,upper-body clothes,284,206,275,69,294,10
6738,img/img_00041600.jpg,upper-body clothes,436,263,263,0,436,0
6739,img/img_00041603.jpg,upper-body clothes,233,163,276,113,253,20
6740,img/img_00041618.jpg,full-body clothes,197,124,175,51,328,131
6741,img/img_00041641.jpg,full-body clothes,486,305,305,0,486,0
6742,img/img_00041649.jpg,full-body clothes,264,147,241,94,373,109
6743,img/img_00041659.jpg,lower-body clothes,331,278,278,0,331,0
6744,img/img_00041670.jpg,full-body clothes,302,204,280,76,451,149
6745,img/img_00041671.jpg,lower-body clothes,322,239,288,49,345,23
6746,img/img_00041683.jpg,full-body clothes,164,63,128,65,313,149
6747,img/img_00041703.jpg,full-body clothes,406,281,281,0,406,0
6748,img/img_00041714.jpg,full-body clothes,500,336,336,0,500,0
6749,img/img_00041717.jpg,full-body clothes,367,279,279,0,367,0
6750,img/img_00041719.jpg,full-body clothes,251,171,304,133,268,17
6751,img/img_00041720.jpg,full-body clothes,499,373,373,0,499,0
6752,img/img_00041721.jpg,full-body clothes,318,343,343,0,318,0
6753,img/img_00041722.jpg,full-body clothes,413,354,354,0,413,0
6754,img/img_00041724.jpg,full-body clothes,489,295,372,77,502,13
6755,img/img_00041730.jpg,full-body clothes,379,282,282,0,379,0
6756,img/img_00041749.jpg,upper-body clothes,306,219,276,57,347,41
6757,img/img_00041757.jpg,upper-body clothes,347,252,308,56,488,141
6758,img/img_00041768.jpg,full-body clothes,415,264,264,0,415,0
6759,img/img_00041772.jpg,full-body clothes,129,81,209,128,291,162
6760,img/img_00041780.jpg,full-body clothes,394,273,273,0,394,0
6761,img/img_00041782.jpg,full-body clothes,235,158,291,133,420,185
6762,img/img_00041788.jpg,lower-body clothes,374,126,231,105,421,47
6763,img/img_00041789.jpg,lower-body clothes,329,172,172,0,329,0
6764,img/img_00041790.jpg,lower-body clothes,387,119,203,84,411,24
6765,img/img_00041791.jpg,lower-body clothes,364,149,260,111,410,46
6766,img/img_00041792.jpg,lower-body clothes,426,180,180,0,426,0
6767,img/img_00041797.jpg,lower-body clothes,271,393,393,0,271,0
6768,img/img_00041824.jpg,full-body clothes,222,162,274,112,378,156
6769,img/img_00041831.jpg,full-body clothes,453,326,326,0,453,0
6770,img/img_00041833.jpg,full-body clothes,286,152,321,169,302,16
6771,img/img_00041834.jpg,full-body clothes,435,231,286,55,452,17
6772,img/img_00041843.jpg,lower-body clothes,18,320,320,0,18,0
6773,img/img_00041845.jpg,lower-body clothes,246,227,303,76,459,213
6774,img/img_00041862.jpg,upper-body clothes,136,120,235,115,253,117
6775,img/img_00041870.jpg,full-body clothes,386,337,337,0,386,0
6776,img/img_00041871.jpg,full-body clothes,293,167,223,56,435,142
6777,img/img_00041874.jpg,full-body clothes,142,91,250,159,367,225
6778,img/img_00041880.jpg,full-body clothes,263,149,310,161,507,244
6779,img/img_00041883.jpg,full-body clothes,299,152,236,84,435,136
6780,img/img_00041891.jpg,full-body clothes,270,138,251,113,295,25
6781,img/img_00041898.jpg,full-body clothes,386,325,325,0,386,0
6782,img/img_00041899.jpg,full-body clothes,390,276,276,0,390,0
6783,img/img_00041906.jpg,full-body clothes,258,153,296,143,365,107
6784,img/img_00041915.jpg,full-body clothes,260,113,265,152,422,162
6785,img/img_00041917.jpg,full-body clothes,311,132,271,139,328,17
6786,img/img_00041925.jpg,full-body clothes,133,80,232,152,382,249
6787,img/img_00041931.jpg,full-body clothes,186,120,226,106,276,90
6788,img/img_00041937.jpg,lower-body clothes,344,150,256,106,500,156
6789,img/img_00041947.jpg,lower-body clothes,110,86,224,138,341,231
6790,img/img_00041965.jpg,upper-body clothes,358,247,258,11,372,14
6791,img/img_00041967.jpg,upper-body clothes,404,333,338,5,414,10
6792,img/img_00041968.jpg,upper-body clothes,201,152,295,143,312,111
6793,img/img_00041975.jpg,upper-body clothes,363,343,350,7,385,22
6794,img/img_00041976.jpg,upper-body clothes,417,334,334,0,417,0
6795,img/img_00041977.jpg,upper-body clothes,418,238,238,0,418,0
6796,img/img_00041987.jpg,full-body clothes,165,127,225,98,252,87
6797,img/img_00041994.jpg,lower-body clothes,327,237,311,74,412,85
6798,img/img_00041995.jpg,lower-body clothes,413,331,356,25,451,38
6799,img/img_00041997.jpg,lower-body clothes,57,26,119,93,175,118
6800,img/img_00041999.jpg,lower-body clothes,491,322,356,34,503,12
6801,img/img_00042002.jpg,lower-body clothes,132,87,180,93,350,218
6802,img/img_00042007.jpg,lower-body clothes,465,353,366,13,482,17
6803,img/img_00042014.jpg,full-body clothes,219,320,320,0,219,0
6804,img/img_00042017.jpg,full-body clothes,463,392,392,0,463,0
6805,img/img_00042021.jpg,full-body clothes,363,278,278,0,363,0
6806,img/img_00042027.jpg,full-body clothes,332,262,386,124,342,10
6807,img/img_00042032.jpg,full-body clothes,417,352,352,0,417,0
6808,img/img_00042035.jpg,full-body clothes,392,317,317,0,392,0
6809,img/img_00042037.jpg,lower-body clothes,416,184,184,0,416,0
6810,img/img_00042041.jpg,full-body clothes,356,163,255,92,470,114
6811,img/img_00042045.jpg,full-body clothes,269,124,203,79,408,139
6812,img/img_00042050.jpg,full-body clothes,499,377,377,0,499,0
6813,img/img_00042054.jpg,full-body clothes,434,275,287,12,446,12
6814,img/img_00042057.jpg,full-body clothes,499,229,229,0,499,0
6815,img/img_00042061.jpg,lower-body clothes,337,131,240,109,373,36
6816,img/img_00042071.jpg,lower-body clothes,492,268,268,0,492,0
6817,img/img_00042084.jpg,lower-body clothes,371,148,282,134,486,115
6818,img/img_00042085.jpg,lower-body clothes,448,175,281,106,457,9
6819,img/img_00042091.jpg,full-body clothes,409,182,245,63,475,66
6820,img/img_00042095.jpg,full-body clothes,397,310,362,52,408,11
6821,img/img_00042097.jpg,full-body clothes,98,46,184,138,193,95
6822,img/img_00042098.jpg,full-body clothes,168,77,201,124,175,7
6823,img/img_00042101.jpg,full-body clothes,280,135,295,160,425,145
6824,img/img_00042105.jpg,full-body clothes,155,91,264,173,280,125
6825,img/img_00042112.jpg,lower-body clothes,129,27,215,188,435,306
6826,img/img_00042134.jpg,full-body clothes,185,61,168,107,211,26
6827,img/img_00042140.jpg,full-body clothes,302,176,260,84,375,73
6828,img/img_00042141.jpg,full-body clothes,281,122,255,133,357,76
6829,img/img_00042144.jpg,full-body clothes,230,335,335,0,230,0
6830,img/img_00042150.jpg,lower-body clothes,45,301,301,0,45,0
6831,img/img_00042154.jpg,lower-body clothes,444,235,305,70,472,28
6832,img/img_00042157.jpg,lower-body clothes,343,451,485,34,360,17
6833,img/img_00042167.jpg,upper-body clothes,117,56,221,165,263,146
6834,img/img_00042176.jpg,upper-body clothes,438,320,329,9,448,10
6835,img/img_00042178.jpg,upper-body clothes,341,367,367,0,341,0
6836,img/img_00042185.jpg,upper-body clothes,118,80,236,156,231,113
6837,img/img_00042191.jpg,upper-body clothes,465,232,232,0,465,0
6838,img/img_00042193.jpg,upper-body clothes,247,148,306,158,371,124
6839,img/img_00042199.jpg,upper-body clothes,402,338,344,6,434,32
6840,img/img_00042203.jpg,upper-body clothes,275,279,284,5,439,164
6841,img/img_00042213.jpg,upper-body clothes,198,139,254,115,302,104
6842,img/img_00042214.jpg,upper-body clothes,454,337,351,14,491,37
6843,img/img_00042231.jpg,full-body clothes,382,157,240,83,485,103
6844,img/img_00042232.jpg,full-body clothes,482,365,365,0,482,0
6845,img/img_00042233.jpg,full-body clothes,488,300,300,0,488,0
6846,img/img_00042245.jpg,full-body clothes,126,64,340,276,242,116
6847,img/img_00042250.jpg,full-body clothes,116,62,222,160,376,260
6848,img/img_00042257.jpg,lower-body clothes,369,285,318,33,421,52
6849,img/img_00042265.jpg,full-body clothes,150,101,205,104,242,92
6850,img/img_00042269.jpg,full-body clothes,380,285,321,36,415,35
6851,img/img_00042272.jpg,full-body clothes,170,136,219,83,270,100
6852,img/img_00042273.jpg,full-body clothes,385,254,271,17,422,37
6853,img/img_00042278.jpg,full-body clothes,177,130,217,87,351,174
6854,img/img_00042289.jpg,full-body clothes,299,267,267,0,299,0
6855,img/img_00042296.jpg,full-body clothes,66,56,194,138,232,166
6856,img/img_00042319.jpg,upper-body clothes,249,197,271,74,395,146
6857,img/img_00042323.jpg,full-body clothes,225,265,265,0,225,0
6858,img/img_00042331.jpg,full-body clothes,302,108,235,127,387,85
6859,img/img_00042333.jpg,full-body clothes,150,89,138,49,291,141
6860,img/img_00042338.jpg,full-body clothes,447,193,278,85,456,9
6861,img/img_00042346.jpg,upper-body clothes,367,313,361,48,396,29
6862,img/img_00042355.jpg,full-body clothes,214,339,339,0,214,0
6863,img/img_00042362.jpg,full-body clothes,255,145,297,152,278,23
6864,img/img_00042364.jpg,full-body clothes,309,196,311,115,317,8
6865,img/img_00042374.jpg,full-body clothes,328,208,303,95,452,124
6866,img/img_00042380.jpg,full-body clothes,214,215,215,0,214,0
6867,img/img_00042388.jpg,upper-body clothes,285,160,249,89,404,119
6868,img/img_00042389.jpg,upper-body clothes,451,378,378,0,451,0
6869,img/img_00042399.jpg,full-body clothes,188,166,289,123,378,190
6870,img/img_00042403.jpg,full-body clothes,376,272,328,56,459,83
6871,img/img_00042407.jpg,full-body clothes,266,177,264,87,377,111
6872,img/img_00042410.jpg,full-body clothes,496,278,371,93,498,2
6873,img/img_00042425.jpg,full-body clothes,310,200,271,71,422,112
6874,img/img_00042429.jpg,upper-body clothes,381,274,301,27,385,4
6875,img/img_00042432.jpg,upper-body clothes,159,127,237,110,244,85
6876,img/img_00042442.jpg,lower-body clothes,267,152,246,94,317,50
6877,img/img_00042444.jpg,lower-body clothes,422,361,372,11,494,72
6878,img/img_00042447.jpg,lower-body clothes,366,234,295,61,384,18
6879,img/img_00042451.jpg,lower-body clothes,424,259,259,0,424,0
6880,img/img_00042470.jpg,full-body clothes,155,111,178,67,232,77
6881,img/img_00042473.jpg,full-body clothes,313,215,340,125,460,147
6882,img/img_00042482.jpg,full-body clothes,189,53,195,142,338,149
6883,img/img_00042483.jpg,full-body clothes,192,95,154,59,389,197
6884,img/img_00042504.jpg,full-body clothes,250,146,257,111,350,100
6885,img/img_00042515.jpg,lower-body clothes,401,281,281,0,401,0
6886,img/img_00042518.jpg,lower-body clothes,110,120,277,157,296,186
6887,img/img_00042520.jpg,lower-body clothes,165,166,236,70,321,156
6888,img/img_00042531.jpg,lower-body clothes,211,132,221,89,263,52
6889,img/img_00042532.jpg,full-body clothes,315,131,223,92,459,144
6890,img/img_00042549.jpg,lower-body clothes,33,346,346,0,33,0
6891,img/img_00042566.jpg,lower-body clothes,67,51,221,170,246,179
6892,img/img_00042569.jpg,lower-body clothes,316,259,309,50,323,7
6893,img/img_00042588.jpg,full-body clothes,323,123,217,94,342,19
6894,img/img_00042589.jpg,full-body clothes,442,190,202,12,449,7
6895,img/img_00042602.jpg,full-body clothes,448,132,250,118,481,33
6896,img/img_00042605.jpg,full-body clothes,161,64,136,72,199,38
6897,img/img_00042614.jpg,upper-body clothes,232,289,295,6,257,25
6898,img/img_00042620.jpg,full-body clothes,346,188,291,103,349,3
6899,img/img_00042629.jpg,full-body clothes,278,259,259,0,278,0
6900,img/img_00042632.jpg,full-body clothes,365,202,252,50,446,81
6901,img/img_00042644.jpg,upper-body clothes,468,258,258,0,468,0
6902,img/img_00042650.jpg,lower-body clothes,284,203,203,0,284,0
6903,img/img_00042654.jpg,upper-body clothes,212,129,248,119,293,81
6904,img/img_00042663.jpg,upper-body clothes,288,208,208,0,288,0
6905,img/img_00042664.jpg,upper-body clothes,265,237,258,21,268,3
6906,img/img_00042670.jpg,upper-body clothes,325,228,252,24,382,57
6907,img/img_00042673.jpg,upper-body clothes,244,166,173,7,491,247
6908,img/img_00042675.jpg,upper-body clothes,258,187,262,75,322,64
6909,img/img_00042676.jpg,upper-body clothes,260,299,299,0,260,0
6910,img/img_00042683.jpg,full-body clothes,113,72,240,168,210,97
6911,img/img_00042692.jpg,full-body clothes,316,181,250,69,380,64
6912,img/img_00042698.jpg,full-body clothes,305,198,242,44,416,111
6913,img/img_00042702.jpg,full-body clothes,419,258,258,0,419,0
6914,img/img_00042708.jpg,full-body clothes,386,299,299,0,386,0
6915,img/img_00042711.jpg,full-body clothes,503,335,335,0,503,0
6916,img/img_00042714.jpg,full-body clothes,185,121,186,65,355,170
6917,img/img_00042717.jpg,full-body clothes,153,93,216,123,197,44
6918,img/img_00042738.jpg,lower-body clothes,313,149,227,78,387,74
6919,img/img_00042754.jpg,full-body clothes,282,195,279,84,415,133
6920,img/img_00042755.jpg,full-body clothes,308,240,365,125,445,137
6921,img/img_00042760.jpg,full-body clothes,347,285,285,0,347,0
6922,img/img_00042763.jpg,full-body clothes,268,310,310,0,268,0
6923,img/img_00042769.jpg,full-body clothes,271,145,287,142,281,10
6924,img/img_00042776.jpg,full-body clothes,370,265,303,38,476,106
6925,img/img_00042781.jpg,full-body clothes,344,170,272,102,355,11
6926,img/img_00042789.jpg,upper-body clothes,299,217,269,52,446,147
6927,img/img_00042792.jpg,full-body clothes,297,153,245,92,421,124
6928,img/img_00042794.jpg,full-body clothes,390,245,286,41,464,74
6929,img/img_00042818.jpg,upper-body clothes,285,245,294,49,428,143
6930,img/img_00042822.jpg,upper-body clothes,40,248,248,0,40,0
6931,img/img_00042826.jpg,upper-body clothes,182,222,283,61,429,247
6932,img/img_00042830.jpg,upper-body clothes,466,253,264,11,470,4
6933,img/img_00042831.jpg,upper-body clothes,304,231,374,143,402,98
6934,img/img_00042836.jpg,upper-body clothes,203,180,330,150,335,132
6935,img/img_00042838.jpg,upper-body clothes,284,218,272,54,438,154
6936,img/img_00042842.jpg,upper-body clothes,417,316,329,13,449,32
6937,img/img_00042851.jpg,full-body clothes,241,104,207,103,447,206
6938,img/img_00042857.jpg,full-body clothes,390,161,299,138,397,7
6939,img/img_00042862.jpg,full-body clothes,335,158,173,15,440,105
6940,img/img_00042872.jpg,upper-body clothes,104,77,237,160,214,110
6941,img/img_00042880.jpg,full-body clothes,194,95,317,222,321,127
6942,img/img_00042885.jpg,full-body clothes,412,364,364,0,412,0
6943,img/img_00042893.jpg,upper-body clothes,294,220,265,45,438,144
6944,img/img_00042899.jpg,full-body clothes,487,243,317,74,504,17
6945,img/img_00042919.jpg,upper-body clothes,161,160,285,125,257,96
6946,img/img_00042925.jpg,upper-body clothes,431,309,309,0,431,0
6947,img/img_00042928.jpg,upper-body clothes,494,345,376,31,513,19
6948,img/img_00042934.jpg,upper-body clothes,419,279,279,0,419,0
6949,img/img_00042936.jpg,upper-body clothes,394,243,318,75,482,88
6950,img/img_00042945.jpg,full-body clothes,305,195,307,112,437,132
6951,img/img_00042952.jpg,full-body clothes,411,228,300,72,431,20
6952,img/img_00042957.jpg,full-body clothes,206,148,197,49,337,131
6953,img/img_00042980.jpg,full-body clothes,288,167,221,54,435,147
6954,img/img_00042984.jpg,full-body clothes,380,231,231,0,380,0
6955,img/img_00042986.jpg,lower-body clothes,211,155,255,100,241,30
6956,img/img_00042989.jpg,lower-body clothes,76,280,280,0,76,0
6957,img/img_00042999.jpg,upper-body clothes,353,235,306,71,483,130
6958,img/img_00043011.jpg,lower-body clothes,185,137,323,186,369,184
6959,img/img_00043013.jpg,lower-body clothes,65,297,297,0,65,0
6960,img/img_00043027.jpg,lower-body clothes,295,121,121,0,295,0
6961,img/img_00043033.jpg,lower-body clothes,97,261,261,0,97,0
6962,img/img_00043037.jpg,full-body clothes,238,282,282,0,238,0
6963,img/img_00043040.jpg,upper-body clothes,299,179,283,104,472,173
6964,img/img_00043042.jpg,lower-body clothes,342,275,335,60,453,111
6965,img/img_00043050.jpg,full-body clothes,505,251,286,35,510,5
6966,img/img_00043060.jpg,full-body clothes,377,283,322,39,426,49
6967,img/img_00043066.jpg,full-body clothes,144,97,190,93,208,64
6968,img/img_00043068.jpg,full-body clothes,319,301,301,0,319,0
6969,img/img_00043071.jpg,full-body clothes,82,57,303,246,210,128
6970,img/img_00043075.jpg,full-body clothes,158,101,200,99,237,79
6971,img/img_00043093.jpg,full-body clothes,345,376,376,0,345,0
6972,img/img_00043104.jpg,full-body clothes,244,133,245,112,345,101
6973,img/img_00043108.jpg,full-body clothes,451,316,347,31,509,58
6974,img/img_00043112.jpg,full-body clothes,391,277,287,10,467,76
6975,img/img_00043114.jpg,full-body clothes,254,129,285,156,390,136
6976,img/img_00043115.jpg,full-body clothes,178,91,242,151,301,123
6977,img/img_00043116.jpg,full-body clothes,366,337,363,26,510,144
6978,img/img_00043119.jpg,full-body clothes,431,326,326,0,431,0
6979,img/img_00043122.jpg,full-body clothes,481,231,295,64,486,5
6980,img/img_00043133.jpg,full-body clothes,249,237,290,53,320,71
6981,img/img_00043136.jpg,full-body clothes,151,88,223,135,271,120
6982,img/img_00043139.jpg,full-body clothes,132,91,207,116,281,149
6983,img/img_00043147.jpg,full-body clothes,250,174,282,108,479,229
6984,img/img_00043148.jpg,full-body clothes,156,163,300,137,234,78
6985,img/img_00043156.jpg,upper-body clothes,221,143,266,123,395,174
6986,img/img_00043157.jpg,upper-body clothes,218,174,283,109,395,177
6987,img/img_00043161.jpg,upper-body clothes,115,97,198,101,264,149
6988,img/img_00043163.jpg,upper-body clothes,386,286,286,0,386,0
6989,img/img_00043164.jpg,upper-body clothes,271,258,320,62,319,48
6990,img/img_00043170.jpg,full-body clothes,248,213,269,56,330,82
6991,img/img_00043175.jpg,full-body clothes,151,81,147,66,184,33
6992,img/img_00043181.jpg,full-body clothes,74,42,127,85,275,201
6993,img/img_00043185.jpg,full-body clothes,175,101,216,115,179,4
6994,img/img_00043190.jpg,full-body clothes,141,50,202,152,235,94
6995,img/img_00043195.jpg,full-body clothes,324,185,262,77,474,150
6996,img/img_00043198.jpg,full-body clothes,246,103,188,85,386,140
6997,img/img_00043201.jpg,full-body clothes,262,126,277,151,279,17
6998,img/img_00043203.jpg,full-body clothes,354,222,295,73,355,1
6999,img/img_00043206.jpg,full-body clothes,373,290,334,44,398,25
7000,img/img_00043217.jpg,upper-body clothes,484,236,236,0,484,0
7001,img/img_00043220.jpg,upper-body clothes,476,285,285,0,476,0
7002,img/img_00043222.jpg,upper-body clothes,394,298,333,35,427,33
7003,img/img_00043228.jpg,upper-body clothes,357,284,335,51,422,65
7004,img/img_00043230.jpg,upper-body clothes,451,370,370,0,451,0
7005,img/img_00043241.jpg,upper-body clothes,288,226,296,70,318,30
7006,img/img_00043249.jpg,lower-body clothes,427,301,301,0,427,0
7007,img/img_00043262.jpg,lower-body clothes,217,157,252,95,241,24
7008,img/img_00043264.jpg,lower-body clothes,252,164,252,88,271,19
7009,img/img_00043288.jpg,lower-body clothes,292,140,248,108,302,10
7010,img/img_00043295.jpg,full-body clothes,171,30,202,172,203,32
7011,img/img_00043298.jpg,full-body clothes,394,198,296,98,480,86
7012,img/img_00043303.jpg,full-body clothes,485,313,313,0,485,0
7013,img/img_00043306.jpg,full-body clothes,403,365,365,0,403,0
7014,img/img_00043308.jpg,full-body clothes,292,371,371,0,292,0
7015,img/img_00043310.jpg,full-body clothes,451,317,317,0,451,0
7016,img/img_00043311.jpg,full-body clothes,421,249,280,31,475,54
7017,img/img_00043313.jpg,upper-body clothes,426,175,175,0,426,0
7018,img/img_00043324.jpg,lower-body clothes,234,165,247,82,255,21
7019,img/img_00043326.jpg,lower-body clothes,343,403,403,0,343,0
7020,img/img_00043334.jpg,full-body clothes,324,100,198,98,397,73
7021,img/img_00043346.jpg,full-body clothes,336,246,295,49,376,40
7022,img/img_00043348.jpg,full-body clothes,224,236,289,53,390,166
7023,img/img_00043349.jpg,full-body clothes,325,151,235,84,338,13
7024,img/img_00043350.jpg,full-body clothes,249,25,143,118,331,82
7025,img/img_00043352.jpg,full-body clothes,212,104,235,131,221,9
7026,img/img_00043357.jpg,full-body clothes,313,289,289,0,313,0
7027,img/img_00043366.jpg,full-body clothes,376,342,342,0,376,0
7028,img/img_00043369.jpg,full-body clothes,239,135,271,136,265,26
7029,img/img_00043375.jpg,full-body clothes,390,260,260,0,390,0
7030,img/img_00043385.jpg,full-body clothes,331,199,311,112,468,137
7031,img/img_00043387.jpg,full-body clothes,244,347,347,0,244,0
7032,img/img_00043395.jpg,full-body clothes,402,229,287,58,467,65
7033,img/img_00043402.jpg,full-body clothes,192,126,209,83,341,149
7034,img/img_00043413.jpg,full-body clothes,240,175,267,92,358,118
7035,img/img_00043415.jpg,full-body clothes,299,375,375,0,299,0
7036,img/img_00043421.jpg,full-body clothes,430,206,280,74,457,27
7037,img/img_00043429.jpg,full-body clothes,490,354,354,0,490,0
7038,img/img_00043431.jpg,upper-body clothes,439,299,299,0,439,0
7039,img/img_00043441.jpg,lower-body clothes,174,135,266,131,367,193
7040,img/img_00043442.jpg,lower-body clothes,29,411,411,0,29,0
7041,img/img_00043451.jpg,full-body clothes,190,74,214,140,353,163
7042,img/img_00043461.jpg,full-body clothes,419,229,306,77,446,27
7043,img/img_00043469.jpg,full-body clothes,463,303,303,0,463,0
7044,img/img_00043470.jpg,full-body clothes,441,312,312,0,441,0
7045,img/img_00043482.jpg,full-body clothes,297,193,242,49,457,160
7046,img/img_00043489.jpg,full-body clothes,326,163,300,137,328,2
7047,img/img_00043496.jpg,full-body clothes,370,155,252,97,443,73
7048,img/img_00043514.jpg,full-body clothes,351,398,398,0,351,0
7049,img/img_00043522.jpg,lower-body clothes,211,251,385,134,222,11
7050,img/img_00043524.jpg,lower-body clothes,219,389,418,29,242,23
7051,img/img_00043529.jpg,lower-body clothes,391,231,231,0,391,0
7052,img/img_00043543.jpg,lower-body clothes,355,156,269,113,388,33
7053,img/img_00043545.jpg,lower-body clothes,33,327,327,0,33,0
7054,img/img_00043551.jpg,lower-body clothes,251,111,253,142,414,163
7055,img/img_00043554.jpg,full-body clothes,217,217,217,0,217,0
7056,img/img_00043563.jpg,full-body clothes,197,152,237,85,265,68
7057,img/img_00043564.jpg,lower-body clothes,424,175,236,61,433,9
7058,img/img_00043565.jpg,lower-body clothes,406,142,243,101,435,29
7059,img/img_00043574.jpg,full-body clothes,391,157,272,115,506,115
7060,img/img_00043577.jpg,full-body clothes,453,237,237,0,453,0
7061,img/img_00043588.jpg,upper-body clothes,378,185,297,112,382,4
7062,img/img_00043600.jpg,upper-body clothes,280,460,460,0,280,0
7063,img/img_00043609.jpg,upper-body clothes,179,114,207,93,285,106
7064,img/img_00043611.jpg,upper-body clothes,173,116,193,77,284,111
7065,img/img_00043615.jpg,upper-body clothes,486,349,349,0,486,0
7066,img/img_00043616.jpg,upper-body clothes,323,357,374,17,451,128
7067,img/img_00043626.jpg,full-body clothes,138,79,213,134,270,132
7068,img/img_00043630.jpg,full-body clothes,401,171,263,92,432,31
7069,img/img_00043635.jpg,full-body clothes,125,84,173,89,367,242
7070,img/img_00043637.jpg,full-body clothes,326,213,270,57,470,144
7071,img/img_00043642.jpg,full-body clothes,225,130,244,114,285,60
7072,img/img_00043643.jpg,full-body clothes,121,65,208,143,254,133
7073,img/img_00043644.jpg,full-body clothes,79,53,193,140,266,187
7074,img/img_00043651.jpg,full-body clothes,181,90,160,70,346,165
7075,img/img_00043657.jpg,full-body clothes,455,227,292,65,487,32
7076,img/img_00043658.jpg,full-body clothes,456,216,216,0,456,0
7077,img/img_00043669.jpg,lower-body clothes,348,228,228,0,348,0
7078,img/img_00043675.jpg,lower-body clothes,368,210,210,0,368,0
7079,img/img_00043683.jpg,lower-body clothes,106,210,210,0,106,0
7080,img/img_00043695.jpg,full-body clothes,206,146,172,26,330,124
7081,img/img_00043696.jpg,full-body clothes,355,232,298,66,396,41
7082,img/img_00043705.jpg,full-body clothes,199,47,191,144,364,165
7083,img/img_00043706.jpg,full-body clothes,317,165,231,66,462,145
7084,img/img_00043717.jpg,full-body clothes,450,281,333,52,494,44
7085,img/img_00043721.jpg,upper-body clothes,303,240,284,44,436,133
7086,img/img_00043725.jpg,full-body clothes,351,139,256,117,374,23
7087,img/img_00043728.jpg,upper-body clothes,281,194,279,85,346,65
7088,img/img_00043740.jpg,full-body clothes,249,164,259,95,354,105
7089,img/img_00043743.jpg,full-body clothes,131,90,237,147,338,207
7090,img/img_00043744.jpg,full-body clothes,478,250,250,0,478,0
7091,img/img_00043745.jpg,full-body clothes,305,304,304,0,305,0
7092,img/img_00043751.jpg,lower-body clothes,265,225,385,160,330,65
7093,img/img_00043762.jpg,full-body clothes,151,56,208,152,171,20
7094,img/img_00043764.jpg,full-body clothes,203,135,226,91,314,111
7095,img/img_00043772.jpg,upper-body clothes,334,251,299,48,463,129
7096,img/img_00043775.jpg,upper-body clothes,333,354,354,0,333,0
7097,img/img_00043778.jpg,upper-body clothes,144,114,226,112,266,122
7098,img/img_00043788.jpg,full-body clothes,395,244,330,86,427,32
7099,img/img_00043790.jpg,full-body clothes,229,120,253,133,340,111
7100,img/img_00043793.jpg,full-body clothes,166,124,280,156,252,86
7101,img/img_00043797.jpg,full-body clothes,467,355,370,15,506,39
7102,img/img_00043810.jpg,full-body clothes,380,197,326,129,420,40
7103,img/img_00043811.jpg,full-body clothes,506,283,283,0,506,0
7104,img/img_00043817.jpg,upper-body clothes,314,206,298,92,342,28
7105,img/img_00043838.jpg,full-body clothes,179,83,241,158,276,97
7106,img/img_00043854.jpg,upper-body clothes,157,121,223,102,232,75
7107,img/img_00043861.jpg,upper-body clothes,393,242,295,53,406,13
7108,img/img_00043866.jpg,upper-body clothes,460,348,348,0,460,0
7109,img/img_00043869.jpg,upper-body clothes,344,225,279,54,360,16
7110,img/img_00043871.jpg,upper-body clothes,243,342,354,12,268,25
7111,img/img_00043883.jpg,full-body clothes,287,61,218,157,459,172
7112,img/img_00043886.jpg,full-body clothes,185,30,235,205,289,104
7113,img/img_00043887.jpg,full-body clothes,271,134,262,128,384,113
7114,img/img_00043890.jpg,full-body clothes,222,175,276,101,329,107
7115,img/img_00043903.jpg,upper-body clothes,457,229,229,0,457,0
7116,img/img_00043910.jpg,upper-body clothes,493,369,369,0,493,0
7117,img/img_00043920.jpg,full-body clothes,299,134,242,108,325,26
7118,img/img_00043925.jpg,full-body clothes,397,222,254,32,444,47
7119,img/img_00043936.jpg,full-body clothes,262,95,224,129,363,101
7120,img/img_00043939.jpg,lower-body clothes,423,347,347,0,423,0
7121,img/img_00043947.jpg,full-body clothes,419,294,368,74,470,51
7122,img/img_00043952.jpg,lower-body clothes,380,118,210,92,407,27
7123,img/img_00043964.jpg,upper-body clothes,305,376,376,0,305,0
7124,img/img_00043966.jpg,full-body clothes,332,185,270,85,458,126
7125,img/img_00043969.jpg,upper-body clothes,212,372,372,0,212,0
7126,img/img_00043976.jpg,full-body clothes,475,223,223,0,475,0
7127,img/img_00043981.jpg,full-body clothes,465,270,270,0,465,0
7128,img/img_00043994.jpg,full-body clothes,162,229,238,9,278,116
7129,img/img_00043998.jpg,full-body clothes,242,232,232,0,242,0
7130,img/img_00043999.jpg,full-body clothes,273,139,266,127,326,53
7131,img/img_00044000.jpg,full-body clothes,405,340,340,0,405,0
7132,img/img_00044003.jpg,full-body clothes,498,290,290,0,498,0
7133,img/img_00044006.jpg,full-body clothes,435,215,235,20,486,51
7134,img/img_00044025.jpg,full-body clothes,414,255,267,12,481,67
7135,img/img_00044030.jpg,full-body clothes,363,175,271,96,496,133
7136,img/img_00044035.jpg,upper-body clothes,314,173,210,37,448,134
7137,img/img_00044040.jpg,full-body clothes,282,191,245,54,426,144
7138,img/img_00044045.jpg,full-body clothes,466,308,308,0,466,0
7139,img/img_00044046.jpg,full-body clothes,381,275,275,0,381,0
7140,img/img_00044050.jpg,full-body clothes,213,88,215,127,218,5
7141,img/img_00044062.jpg,full-body clothes,298,128,250,122,309,11
7142,img/img_00044066.jpg,lower-body clothes,249,259,300,41,392,143
7143,img/img_00044068.jpg,lower-body clothes,353,468,468,0,353,0
7144,img/img_00044073.jpg,lower-body clothes,84,69,207,138,270,186
7145,img/img_00044084.jpg,lower-body clothes,147,107,261,154,206,59
7146,img/img_00044087.jpg,lower-body clothes,144,167,268,101,253,109
7147,img/img_00044090.jpg,upper-body clothes,285,202,288,86,288,3
7148,img/img_00044092.jpg,lower-body clothes,163,71,197,126,444,281
7149,img/img_00044102.jpg,full-body clothes,284,162,248,86,406,122
7150,img/img_00044110.jpg,full-body clothes,336,322,327,5,461,125
7151,img/img_00044112.jpg,full-body clothes,501,317,353,36,507,6
7152,img/img_00044122.jpg,full-body clothes,440,301,318,17,476,36
7153,img/img_00044125.jpg,full-body clothes,236,160,283,123,384,148
7154,img/img_00044132.jpg,full-body clothes,208,78,163,85,284,76
7155,img/img_00044140.jpg,full-body clothes,222,113,251,138,308,86
7156,img/img_00044147.jpg,upper-body clothes,500,344,344,0,500,0
7157,img/img_00044153.jpg,upper-body clothes,315,257,257,0,315,0
7158,img/img_00044154.jpg,lower-body clothes,223,215,285,70,446,223
7159,img/img_00044165.jpg,lower-body clothes,184,347,347,0,184,0
7160,img/img_00044168.jpg,lower-body clothes,117,96,191,95,344,227
7161,img/img_00044171.jpg,lower-body clothes,133,118,243,125,418,285
7162,img/img_00044175.jpg,lower-body clothes,117,260,260,0,117,0
7163,img/img_00044178.jpg,lower-body clothes,46,316,316,0,46,0
7164,img/img_00044191.jpg,lower-body clothes,434,241,331,90,495,61
7165,img/img_00044199.jpg,lower-body clothes,68,40,199,159,254,186
7166,img/img_00044216.jpg,lower-body clothes,99,173,238,65,379,280
7167,img/img_00044226.jpg,lower-body clothes,81,65,170,105,230,149
7168,img/img_00044235.jpg,full-body clothes,485,307,376,69,493,8
7169,img/img_00044241.jpg,full-body clothes,270,103,241,138,408,138
7170,img/img_00044248.jpg,full-body clothes,53,192,192,0,53,0
7171,img/img_00044265.jpg,upper-body clothes,287,360,360,0,287,0
7172,img/img_00044274.jpg,upper-body clothes,340,239,299,60,379,39
7173,img/img_00044279.jpg,full-body clothes,483,309,344,35,486,3
7174,img/img_00044284.jpg,full-body clothes,427,370,378,8,455,28
7175,img/img_00044297.jpg,full-body clothes,446,292,292,0,446,0
7176,img/img_00044303.jpg,full-body clothes,339,50,209,159,475,136
7177,img/img_00044316.jpg,full-body clothes,208,120,219,99,371,163
7178,img/img_00044321.jpg,full-body clothes,280,138,203,65,463,183
7179,img/img_00044329.jpg,full-body clothes,222,163,252,89,390,168
7180,img/img_00044335.jpg,full-body clothes,349,224,260,36,355,6
7181,img/img_00044336.jpg,full-body clothes,227,119,299,180,258,31
7182,img/img_00044347.jpg,lower-body clothes,122,275,275,0,122,0
7183,img/img_00044349.jpg,full-body clothes,402,80,237,157,487,85
7184,img/img_00044350.jpg,full-body clothes,329,41,201,160,431,102
7185,img/img_00044359.jpg,full-body clothes,129,58,223,165,282,153
7186,img/img_00044362.jpg,full-body clothes,495,217,217,0,495,0
7187,img/img_00044363.jpg,full-body clothes,457,309,328,19,465,8
7188,img/img_00044374.jpg,upper-body clothes,410,274,290,16,457,47
7189,img/img_00044397.jpg,upper-body clothes,158,378,378,0,158,0
7190,img/img_00044402.jpg,full-body clothes,185,128,252,124,234,49
7191,img/img_00044405.jpg,full-body clothes,416,281,316,35,446,30
7192,img/img_00044409.jpg,full-body clothes,214,177,324,147,224,10
7193,img/img_00044410.jpg,full-body clothes,138,90,250,160,338,200
7194,img/img_00044417.jpg,full-body clothes,275,248,248,0,275,0
7195,img/img_00044434.jpg,upper-body clothes,265,161,299,138,284,19
7196,img/img_00044439.jpg,full-body clothes,496,302,302,0,496,0
7197,img/img_00044443.jpg,full-body clothes,396,251,251,0,396,0
7198,img/img_00044449.jpg,lower-body clothes,470,271,271,0,470,0
7199,img/img_00044454.jpg,full-body clothes,276,276,282,6,425,149
7200,img/img_00044455.jpg,full-body clothes,214,131,220,89,296,82
7201,img/img_00044457.jpg,full-body clothes,313,197,365,168,510,197
7202,img/img_00044459.jpg,full-body clothes,447,332,344,12,487,40
7203,img/img_00044460.jpg,full-body clothes,430,314,358,44,436,6
7204,img/img_00044461.jpg,full-body clothes,385,355,355,0,385,0
7205,img/img_00044464.jpg,full-body clothes,317,304,365,61,439,122
7206,img/img_00044475.jpg,lower-body clothes,97,331,331,0,97,0
7207,img/img_00044476.jpg,full-body clothes,355,223,258,35,484,129
7208,img/img_00044480.jpg,upper-body clothes,204,200,251,51,234,30
7209,img/img_00044482.jpg,upper-body clothes,380,213,213,0,380,0
7210,img/img_00044483.jpg,upper-body clothes,85,73,198,125,207,122
7211,img/img_00044485.jpg,upper-body clothes,429,362,375,13,498,69
7212,img/img_00044506.jpg,upper-body clothes,354,287,314,27,467,113
7213,img/img_00044520.jpg,full-body clothes,187,441,441,0,187,0
7214,img/img_00044522.jpg,upper-body clothes,203,166,298,132,301,98
7215,img/img_00044525.jpg,full-body clothes,497,370,370,0,497,0
7216,img/img_00044529.jpg,full-body clothes,398,305,343,38,426,28
7217,img/img_00044535.jpg,full-body clothes,413,155,259,104,441,28
7218,img/img_00044539.jpg,full-body clothes,491,307,322,15,502,11
7219,img/img_00044544.jpg,full-body clothes,172,92,158,66,320,148
7220,img/img_00044546.jpg,full-body clothes,333,178,178,0,333,0
7221,img/img_00044548.jpg,full-body clothes,473,332,363,31,492,19
7222,img/img_00044550.jpg,full-body clothes,440,286,286,0,440,0
7223,img/img_00044552.jpg,full-body clothes,406,189,270,81,480,74
7224,img/img_00044559.jpg,full-body clothes,474,205,260,55,496,22
7225,img/img_00044563.jpg,full-body clothes,233,107,270,163,328,95
7226,img/img_00044567.jpg,full-body clothes,64,37,195,158,337,273
7227,img/img_00044569.jpg,full-body clothes,192,132,201,69,400,208
7228,img/img_00044575.jpg,full-body clothes,288,158,259,101,421,133
7229,img/img_00044576.jpg,full-body clothes,196,95,176,81,452,256
7230,img/img_00044577.jpg,full-body clothes,171,82,189,107,245,74
7231,img/img_00044581.jpg,full-body clothes,411,309,309,0,411,0
7232,img/img_00044591.jpg,full-body clothes,326,206,296,90,491,165
7233,img/img_00044595.jpg,full-body clothes,371,168,202,34,378,7
7234,img/img_00044607.jpg,full-body clothes,288,97,314,217,366,78
7235,img/img_00044609.jpg,full-body clothes,338,155,278,123,454,116
7236,img/img_00044617.jpg,full-body clothes,245,135,207,72,381,136
7237,img/img_00044618.jpg,full-body clothes,134,73,206,133,227,93
7238,img/img_00044621.jpg,upper-body clothes,335,455,455,0,335,0
7239,img/img_00044625.jpg,full-body clothes,159,85,249,164,282,123
7240,img/img_00044632.jpg,full-body clothes,443,316,316,0,443,0
7241,img/img_00044635.jpg,full-body clothes,304,170,289,119,341,37
7242,img/img_00044639.jpg,upper-body clothes,293,204,282,78,439,146
7243,img/img_00044648.jpg,full-body clothes,268,93,291,198,354,86
7244,img/img_00044666.jpg,upper-body clothes,450,328,328,0,450,0
7245,img/img_00044667.jpg,upper-body clothes,504,253,253,0,504,0
7246,img/img_00044682.jpg,upper-body clothes,84,240,240,0,84,0
7247,img/img_00044688.jpg,full-body clothes,293,182,258,76,298,5
7248,img/img_00044699.jpg,full-body clothes,375,346,353,7,425,50
7249,img/img_00044707.jpg,full-body clothes,313,62,234,172,436,123
7250,img/img_00044709.jpg,full-body clothes,259,260,260,0,259,0
7251,img/img_00044715.jpg,full-body clothes,266,338,338,0,266,0
7252,img/img_00044719.jpg,full-body clothes,209,110,214,104,327,118
7253,img/img_00044731.jpg,full-body clothes,346,208,340,132,390,44
7254,img/img_00044740.jpg,lower-body clothes,188,220,220,0,188,0
7255,img/img_00044747.jpg,full-body clothes,366,276,276,0,366,0
7256,img/img_00044757.jpg,full-body clothes,395,238,316,78,438,43
7257,img/img_00044760.jpg,full-body clothes,247,128,287,159,454,207
7258,img/img_00044763.jpg,full-body clothes,400,353,353,0,400,0
7259,img/img_00044767.jpg,full-body clothes,176,98,190,92,269,93
7260,img/img_00044771.jpg,full-body clothes,236,126,265,139,338,102
7261,img/img_00044779.jpg,full-body clothes,260,147,258,111,299,39
7262,img/img_00044781.jpg,full-body clothes,280,166,250,84,317,37
7263,img/img_00044793.jpg,lower-body clothes,277,143,250,107,335,58
7264,img/img_00044802.jpg,full-body clothes,268,188,282,94,449,181
7265,img/img_00044809.jpg,upper-body clothes,472,331,331,0,472,0
7266,img/img_00044810.jpg,upper-body clothes,311,334,357,23,456,145
7267,img/img_00044813.jpg,full-body clothes,191,86,136,50,316,125
7268,img/img_00044819.jpg,upper-body clothes,413,250,279,29,421,8
7269,img/img_00044825.jpg,full-body clothes,433,175,249,74,479,46
7270,img/img_00044832.jpg,full-body clothes,328,238,367,129,349,21
7271,img/img_00044839.jpg,full-body clothes,123,25,188,163,349,226
7272,img/img_00044844.jpg,full-body clothes,143,93,276,183,272,129
7273,img/img_00044857.jpg,full-body clothes,190,90,261,171,362,172
7274,img/img_00044861.jpg,upper-body clothes,320,313,317,4,348,28
7275,img/img_00044882.jpg,full-body clothes,460,149,258,109,478,18
7276,img/img_00044890.jpg,full-body clothes,201,283,290,7,443,242
7277,img/img_00044891.jpg,full-body clothes,214,207,285,78,433,219
7278,img/img_00044897.jpg,full-body clothes,157,79,226,147,291,134
7279,img/img_00044901.jpg,full-body clothes,402,320,332,12,444,42
7280,img/img_00044910.jpg,lower-body clothes,372,138,247,109,390,18
7281,img/img_00044923.jpg,full-body clothes,376,231,272,41,436,60
7282,img/img_00044927.jpg,full-body clothes,464,337,363,26,504,40
7283,img/img_00044931.jpg,full-body clothes,264,376,376,0,264,0
7284,img/img_00044932.jpg,upper-body clothes,305,146,258,112,443,138
7285,img/img_00044940.jpg,full-body clothes,283,227,330,103,457,174
7286,img/img_00044946.jpg,lower-body clothes,276,139,231,92,330,54
7287,img/img_00044968.jpg,upper-body clothes,395,293,322,29,457,62
7288,img/img_00044972.jpg,upper-body clothes,226,148,249,101,450,224
7289,img/img_00044973.jpg,upper-body clothes,315,267,280,13,398,83
7290,img/img_00044980.jpg,full-body clothes,330,183,266,83,449,119
7291,img/img_00044984.jpg,full-body clothes,339,167,278,111,366,27
7292,img/img_00044987.jpg,lower-body clothes,241,114,228,114,311,70
7293,img/img_00044988.jpg,lower-body clothes,375,298,334,36,437,62
7294,img/img_00044990.jpg,full-body clothes,443,171,258,87,446,3
7295,img/img_00044995.jpg,full-body clothes,298,260,260,0,298,0
7296,img/img_00045012.jpg,lower-body clothes,380,163,228,65,397,17
7297,img/img_00045016.jpg,lower-body clothes,355,238,268,30,392,37
7298,img/img_00045018.jpg,lower-body clothes,487,258,258,0,487,0
7299,img/img_00045024.jpg,lower-body clothes,55,338,338,0,55,0
7300,img/img_00045028.jpg,full-body clothes,412,374,374,0,412,0
7301,img/img_00045029.jpg,full-body clothes,279,185,276,91,316,37
7302,img/img_00045031.jpg,upper-body clothes,377,273,279,6,437,60
7303,img/img_00045034.jpg,full-body clothes,311,184,273,89,473,162
7304,img/img_00045046.jpg,lower-body clothes,210,160,259,99,380,170
7305,img/img_00045052.jpg,full-body clothes,279,217,217,0,279,0
7306,img/img_00045057.jpg,full-body clothes,131,77,196,119,254,123
7307,img/img_00045060.jpg,full-body clothes,253,75,216,141,373,120
7308,img/img_00045070.jpg,full-body clothes,176,111,160,49,310,134
7309,img/img_00045073.jpg,upper-body clothes,440,343,377,34,503,63
7310,img/img_00045077.jpg,upper-body clothes,317,208,228,20,476,159
7311,img/img_00045092.jpg,upper-body clothes,341,365,365,0,341,0
7312,img/img_00045129.jpg,full-body clothes,319,144,257,113,479,160
7313,img/img_00045134.jpg,full-body clothes,212,381,381,0,212,0
7314,img/img_00045135.jpg,full-body clothes,446,230,230,0,446,0
7315,img/img_00045138.jpg,full-body clothes,111,8,130,122,214,103
7316,img/img_00045139.jpg,full-body clothes,336,239,292,53,394,58
7317,img/img_00045140.jpg,full-body clothes,125,74,234,160,340,215
7318,img/img_00045144.jpg,upper-body clothes,306,175,303,128,370,64
7319,img/img_00045145.jpg,upper-body clothes,344,246,267,21,352,8
7320,img/img_00045148.jpg,full-body clothes,482,353,357,4,486,4
7321,img/img_00045149.jpg,full-body clothes,375,353,353,0,375,0
7322,img/img_00045154.jpg,upper-body clothes,330,264,307,43,452,122
7323,img/img_00045164.jpg,upper-body clothes,299,211,276,65,308,9
7324,img/img_00045165.jpg,upper-body clothes,317,193,216,23,464,147
7325,img/img_00045166.jpg,upper-body clothes,509,362,362,0,509,0
7326,img/img_00045167.jpg,upper-body clothes,362,280,308,28,451,89
7327,img/img_00045168.jpg,upper-body clothes,334,394,394,0,334,0
7328,img/img_00045172.jpg,full-body clothes,209,284,284,0,209,0
7329,img/img_00045173.jpg,full-body clothes,221,303,303,0,221,0
7330,img/img_00045178.jpg,full-body clothes,348,165,293,128,480,132
7331,img/img_00045182.jpg,full-body clothes,202,307,307,0,202,0
7332,img/img_00045186.jpg,full-body clothes,210,144,209,65,356,146
7333,img/img_00045188.jpg,full-body clothes,361,277,277,0,361,0
7334,img/img_00045192.jpg,full-body clothes,333,200,289,89,379,46
7335,img/img_00045197.jpg,full-body clothes,302,157,303,146,427,125
7336,img/img_00045199.jpg,full-body clothes,373,226,290,64,497,124
7337,img/img_00045201.jpg,full-body clothes,497,304,304,0,497,0
7338,img/img_00045204.jpg,full-body clothes,387,246,308,62,457,70
7339,img/img_00045209.jpg,lower-body clothes,198,159,299,140,403,205
7340,img/img_00045218.jpg,lower-body clothes,380,202,314,112,430,50
7341,img/img_00045226.jpg,lower-body clothes,340,121,189,68,355,15
7342,img/img_00045228.jpg,lower-body clothes,300,184,184,0,300,0
7343,img/img_00045229.jpg,lower-body clothes,232,248,248,0,232,0
7344,img/img_00045240.jpg,full-body clothes,165,86,234,148,315,150
7345,img/img_00045273.jpg,upper-body clothes,205,149,187,38,316,111
7346,img/img_00045274.jpg,upper-body clothes,463,347,347,0,463,0
7347,img/img_00045281.jpg,full-body clothes,134,77,205,128,241,107
7348,img/img_00045287.jpg,full-body clothes,160,98,240,142,277,117
7349,img/img_00045300.jpg,full-body clothes,277,136,253,117,413,136
7350,img/img_00045309.jpg,full-body clothes,436,323,323,0,436,0
7351,img/img_00045312.jpg,full-body clothes,176,459,459,0,176,0
7352,img/img_00045315.jpg,full-body clothes,421,205,358,153,435,14
7353,img/img_00045321.jpg,full-body clothes,220,170,287,117,369,149
7354,img/img_00045330.jpg,lower-body clothes,240,219,331,112,350,110
7355,img/img_00045336.jpg,lower-body clothes,260,190,300,110,401,141
7356,img/img_00045339.jpg,lower-body clothes,184,140,235,95,400,216
7357,img/img_00045344.jpg,full-body clothes,340,171,258,87,473,133
7358,img/img_00045346.jpg,full-body clothes,293,160,267,107,302,9
7359,img/img_00045353.jpg,full-body clothes,320,135,276,141,437,117
7360,img/img_00045367.jpg,full-body clothes,167,129,213,84,307,140
7361,img/img_00045377.jpg,full-body clothes,123,83,166,83,348,225
7362,img/img_00045378.jpg,full-body clothes,142,93,173,80,375,233
7363,img/img_00045385.jpg,full-body clothes,483,318,318,0,483,0
7364,img/img_00045387.jpg,full-body clothes,468,347,347,0,468,0
7365,img/img_00045388.jpg,full-body clothes,376,305,376,71,403,27
7366,img/img_00045390.jpg,full-body clothes,321,194,358,164,382,61
7367,img/img_00045395.jpg,full-body clothes,300,165,267,102,344,44
7368,img/img_00045401.jpg,full-body clothes,339,209,386,177,341,2
7369,img/img_00045403.jpg,full-body clothes,264,119,241,122,413,149
7370,img/img_00045411.jpg,upper-body clothes,276,245,306,61,411,135
7371,img/img_00045414.jpg,lower-body clothes,93,48,127,79,254,161
7372,img/img_00045417.jpg,lower-body clothes,452,193,243,50,509,57
7373,img/img_00045420.jpg,lower-body clothes,384,171,171,0,384,0
7374,img/img_00045424.jpg,full-body clothes,88,52,176,124,322,234
7375,img/img_00045426.jpg,full-body clothes,264,144,242,98,272,8
7376,img/img_00045430.jpg,full-body clothes,325,287,287,0,325,0
7377,img/img_00045431.jpg,full-body clothes,311,198,288,90,473,162
7378,img/img_00045461.jpg,upper-body clothes,404,233,302,69,408,4
7379,img/img_00045465.jpg,upper-body clothes,186,184,184,0,186,0
7380,img/img_00045496.jpg,full-body clothes,231,100,249,149,420,189
7381,img/img_00045498.jpg,upper-body clothes,245,241,241,0,245,0
7382,img/img_00045499.jpg,upper-body clothes,333,198,267,69,476,143
7383,img/img_00045503.jpg,upper-body clothes,377,232,296,64,404,27
7384,img/img_00045505.jpg,upper-body clothes,480,378,378,0,480,0
7385,img/img_00045506.jpg,full-body clothes,283,206,269,63,434,151
7386,img/img_00045517.jpg,full-body clothes,304,189,247,58,472,168
7387,img/img_00045520.jpg,full-body clothes,345,257,261,4,402,57
7388,img/img_00045524.jpg,full-body clothes,215,346,346,0,215,0
7389,img/img_00045536.jpg,full-body clothes,364,114,247,133,375,11
7390,img/img_00045546.jpg,upper-body clothes,189,449,449,0,189,0
7391,img/img_00045547.jpg,upper-body clothes,397,246,246,0,397,0
7392,img/img_00045552.jpg,upper-body clothes,358,264,316,52,506,148
7393,img/img_00045554.jpg,upper-body clothes,356,336,336,0,356,0
7394,img/img_00045557.jpg,lower-body clothes,302,156,207,51,379,77
7395,img/img_00045564.jpg,full-body clothes,457,336,336,0,457,0
7396,img/img_00045569.jpg,lower-body clothes,227,135,242,107,402,175
7397,img/img_00045581.jpg,full-body clothes,340,240,259,19,449,109
7398,img/img_00045594.jpg,upper-body clothes,408,308,336,28,422,14
7399,img/img_00045604.jpg,lower-body clothes,393,123,223,100,431,38
7400,img/img_00045622.jpg,lower-body clothes,467,154,335,181,470,3
7401,img/img_00045624.jpg,lower-body clothes,316,181,253,72,384,68
7402,img/img_00045633.jpg,full-body clothes,315,165,235,70,367,52
7403,img/img_00045641.jpg,full-body clothes,397,369,369,0,397,0
7404,img/img_00045646.jpg,full-body clothes,465,181,268,87,474,9
7405,img/img_00045648.jpg,full-body clothes,160,210,210,0,160,0
7406,img/img_00045654.jpg,full-body clothes,294,249,282,33,459,165
7407,img/img_00045662.jpg,full-body clothes,280,242,279,37,365,85
7408,img/img_00045670.jpg,full-body clothes,159,62,250,188,277,118
7409,img/img_00045677.jpg,full-body clothes,77,72,72,0,77,0
7410,img/img_00045682.jpg,full-body clothes,165,64,239,175,344,179
7411,img/img_00045692.jpg,full-body clothes,205,95,170,75,207,2
7412,img/img_00045709.jpg,upper-body clothes,264,138,211,73,350,86
7413,img/img_00045712.jpg,lower-body clothes,304,105,241,136,324,20
7414,img/img_00045716.jpg,lower-body clothes,81,87,216,129,335,254
7415,img/img_00045722.jpg,full-body clothes,271,191,286,95,399,128
7416,img/img_00045723.jpg,full-body clothes,463,167,264,97,484,21
7417,img/img_00045728.jpg,full-body clothes,435,288,320,32,458,23
7418,img/img_00045731.jpg,full-body clothes,212,364,364,0,212,0
7419,img/img_00045746.jpg,upper-body clothes,296,121,299,178,417,121
7420,img/img_00045747.jpg,upper-body clothes,242,149,237,88,246,4
7421,img/img_00045749.jpg,full-body clothes,470,168,251,83,473,3
7422,img/img_00045750.jpg,full-body clothes,472,142,242,100,495,23
7423,img/img_00045755.jpg,full-body clothes,334,223,268,45,483,149
7424,img/img_00045759.jpg,full-body clothes,286,195,277,82,293,7
7425,img/img_00045763.jpg,full-body clothes,338,226,321,95,468,130
7426,img/img_00045770.jpg,full-body clothes,307,123,294,171,395,88
7427,img/img_00045774.jpg,lower-body clothes,419,286,351,65,474,55
7428,img/img_00045779.jpg,lower-body clothes,23,329,329,0,23,0
7429,img/img_00045781.jpg,lower-body clothes,23,326,326,0,23,0
7430,img/img_00045789.jpg,full-body clothes,486,379,379,0,486,0
7431,img/img_00045796.jpg,full-body clothes,506,379,379,0,506,0
7432,img/img_00045797.jpg,full-body clothes,354,313,313,0,354,0
7433,img/img_00045798.jpg,full-body clothes,196,60,200,140,267,71
7434,img/img_00045815.jpg,full-body clothes,133,94,182,88,250,117
7435,img/img_00045838.jpg,upper-body clothes,254,181,218,37,499,245
7436,img/img_00045841.jpg,upper-body clothes,386,281,281,0,386,0
7437,img/img_00045842.jpg,upper-body clothes,444,309,374,65,455,11
7438,img/img_00045845.jpg,upper-body clothes,418,323,323,0,418,0
7439,img/img_00045847.jpg,full-body clothes,209,134,246,112,296,87
7440,img/img_00045851.jpg,full-body clothes,426,205,277,72,432,6
7441,img/img_00045852.jpg,full-body clothes,270,181,264,83,357,87
7442,img/img_00045854.jpg,full-body clothes,357,322,326,4,444,87
7443,img/img_00045859.jpg,full-body clothes,230,159,259,100,446,216
7444,img/img_00045893.jpg,full-body clothes,165,85,218,133,297,132
7445,img/img_00045902.jpg,full-body clothes,198,55,220,165,305,107
7446,img/img_00045903.jpg,full-body clothes,358,251,251,0,358,0
7447,img/img_00045907.jpg,full-body clothes,432,227,278,51,446,14
7448,img/img_00045916.jpg,full-body clothes,323,218,264,46,474,151
7449,img/img_00045917.jpg,full-body clothes,220,298,298,0,220,0
7450,img/img_00045921.jpg,lower-body clothes,449,196,280,84,450,1
7451,img/img_00045931.jpg,full-body clothes,168,85,234,149,302,134
7452,img/img_00045933.jpg,full-body clothes,209,321,321,0,209,0
7453,img/img_00045934.jpg,full-body clothes,222,91,250,159,401,179
7454,img/img_00045942.jpg,lower-body clothes,258,196,278,82,284,26
7455,img/img_00045944.jpg,full-body clothes,246,303,303,0,246,0
7456,img/img_00045945.jpg,full-body clothes,274,203,247,44,327,53
7457,img/img_00045955.jpg,full-body clothes,323,227,227,0,323,0
7458,img/img_00045960.jpg,full-body clothes,273,229,284,55,365,92
7459,img/img_00045961.jpg,full-body clothes,445,299,299,0,445,0
7460,img/img_00045962.jpg,full-body clothes,450,312,312,0,450,0
7461,img/img_00045978.jpg,lower-body clothes,132,89,241,152,364,232
7462,img/img_00045980.jpg,lower-body clothes,249,166,249,83,276,27
7463,img/img_00045988.jpg,full-body clothes,268,131,267,136,357,89
7464,img/img_00045993.jpg,lower-body clothes,214,192,287,95,225,11
7465,img/img_00046005.jpg,lower-body clothes,258,403,403,0,258,0
7466,img/img_00046011.jpg,lower-body clothes,157,195,304,109,254,97
7467,img/img_00046019.jpg,upper-body clothes,267,183,264,81,413,146
7468,img/img_00046024.jpg,upper-body clothes,393,272,310,38,412,19
7469,img/img_00046039.jpg,upper-body clothes,254,250,250,0,254,0
7470,img/img_00046048.jpg,upper-body clothes,325,312,312,0,325,0
7471,img/img_00046053.jpg,upper-body clothes,264,415,415,0,264,0
7472,img/img_00046059.jpg,full-body clothes,361,247,247,0,361,0
7473,img/img_00046066.jpg,full-body clothes,475,376,376,0,475,0
7474,img/img_00046093.jpg,full-body clothes,468,356,356,0,468,0
7475,img/img_00046097.jpg,full-body clothes,447,284,284,0,447,0
7476,img/img_00046110.jpg,upper-body clothes,38,232,232,0,38,0
7477,img/img_00046118.jpg,upper-body clothes,444,356,356,0,444,0
7478,img/img_00046125.jpg,full-body clothes,312,124,237,113,324,12
7479,img/img_00046126.jpg,full-body clothes,327,173,249,76,339,12
7480,img/img_00046140.jpg,upper-body clothes,250,250,250,0,250,0
7481,img/img_00046145.jpg,full-body clothes,276,326,326,0,276,0
7482,img/img_00046153.jpg,full-body clothes,414,281,281,0,414,0
7483,img/img_00046160.jpg,full-body clothes,487,361,371,10,495,8
7484,img/img_00046164.jpg,full-body clothes,219,150,213,63,307,88
7485,img/img_00046169.jpg,full-body clothes,417,332,339,7,460,43
7486,img/img_00046175.jpg,full-body clothes,224,147,253,106,408,184
7487,img/img_00046193.jpg,full-body clothes,249,132,241,109,406,157
7488,img/img_00046199.jpg,full-body clothes,309,111,211,100,395,86
7489,img/img_00046220.jpg,full-body clothes,308,142,269,127,398,90
7490,img/img_00046222.jpg,full-body clothes,309,276,276,0,309,0
7491,img/img_00046227.jpg,full-body clothes,266,119,331,212,407,141
7492,img/img_00046231.jpg,full-body clothes,283,197,306,109,322,39
7493,img/img_00046235.jpg,full-body clothes,481,251,257,6,492,11
7494,img/img_00046256.jpg,full-body clothes,158,106,187,81,235,77
7495,img/img_00046260.jpg,full-body clothes,355,266,379,113,482,127
7496,img/img_00046263.jpg,upper-body clothes,273,196,347,151,281,8
7497,img/img_00046271.jpg,full-body clothes,283,414,414,0,283,0
7498,img/img_00046278.jpg,full-body clothes,271,116,227,111,393,122
7499,img/img_00046279.jpg,full-body clothes,440,326,326,0,440,0
7500,img/img_00046281.jpg,full-body clothes,332,302,364,62,501,169
7501,img/img_00046294.jpg,full-body clothes,144,85,183,98,256,112
7502,img/img_00046304.jpg,full-body clothes,336,245,305,60,380,44
7503,img/img_00046305.jpg,full-body clothes,329,245,303,58,371,42
7504,img/img_00046318.jpg,full-body clothes,183,230,230,0,183,0
7505,img/img_00046328.jpg,full-body clothes,365,172,268,96,373,8
7506,img/img_00046329.jpg,full-body clothes,325,217,217,0,325,0
7507,img/img_00046333.jpg,full-body clothes,482,262,262,0,482,0
7508,img/img_00046336.jpg,full-body clothes,226,252,252,0,226,0
7509,img/img_00046339.jpg,full-body clothes,182,113,280,167,372,190
7510,img/img_00046353.jpg,full-body clothes,339,190,250,60,459,120
7511,img/img_00046355.jpg,full-body clothes,382,267,314,47,500,118
7512,img/img_00046357.jpg,full-body clothes,367,176,271,95,383,16
7513,img/img_00046360.jpg,lower-body clothes,354,67,264,197,395,41
7514,img/img_00046378.jpg,lower-body clothes,31,256,256,0,31,0
7515,img/img_00046380.jpg,lower-body clothes,246,211,286,75,306,60
7516,img/img_00046385.jpg,full-body clothes,354,184,184,0,354,0
7517,img/img_00046390.jpg,upper-body clothes,362,278,315,37,381,19
7518,img/img_00046420.jpg,upper-body clothes,313,209,277,68,324,11
7519,img/img_00046425.jpg,upper-body clothes,271,234,303,69,285,14
7520,img/img_00046429.jpg,upper-body clothes,361,219,245,26,449,88
7521,img/img_00046440.jpg,upper-body clothes,460,357,357,0,460,0
7522,img/img_00046441.jpg,upper-body clothes,78,248,248,0,78,0
7523,img/img_00046450.jpg,upper-body clothes,95,226,226,0,95,0
7524,img/img_00046457.jpg,upper-body clothes,405,297,319,22,408,3
7525,img/img_00046461.jpg,upper-body clothes,460,304,444,140,462,2
7526,img/img_00046465.jpg,upper-body clothes,311,274,279,5,394,83
7527,img/img_00046468.jpg,upper-body clothes,353,270,293,23,356,3
7528,img/img_00046470.jpg,upper-body clothes,462,326,326,0,462,0
7529,img/img_00046472.jpg,upper-body clothes,374,263,263,0,374,0
7530,img/img_00046474.jpg,full-body clothes,200,269,269,0,200,0
7531,img/img_00046478.jpg,full-body clothes,262,143,276,133,350,88
7532,img/img_00046484.jpg,full-body clothes,248,374,374,0,248,0
7533,img/img_00046488.jpg,lower-body clothes,244,264,282,18,393,149
7534,img/img_00046491.jpg,full-body clothes,163,316,316,0,163,0
7535,img/img_00046498.jpg,full-body clothes,313,354,354,0,313,0
7536,img/img_00046503.jpg,full-body clothes,360,230,304,74,500,140
7537,img/img_00046506.jpg,full-body clothes,508,250,304,54,513,5
7538,img/img_00046509.jpg,full-body clothes,149,56,248,192,256,107
7539,img/img_00046510.jpg,full-body clothes,129,58,221,163,235,106
7540,img/img_00046516.jpg,lower-body clothes,271,216,320,104,392,121
7541,img/img_00046523.jpg,lower-body clothes,253,252,301,49,295,42
7542,img/img_00046528.jpg,lower-body clothes,410,329,329,0,410,0
7543,img/img_00046536.jpg,full-body clothes,505,328,328,0,505,0
7544,img/img_00046542.jpg,upper-body clothes,307,267,277,10,445,138
7545,img/img_00046545.jpg,upper-body clothes,458,344,353,9,490,32
7546,img/img_00046562.jpg,full-body clothes,453,181,276,95,503,50
7547,img/img_00046568.jpg,upper-body clothes,210,65,240,175,396,186
7548,img/img_00046583.jpg,full-body clothes,207,85,201,116,266,59
7549,img/img_00046585.jpg,full-body clothes,371,261,261,0,371,0
7550,img/img_00046587.jpg,full-body clothes,297,297,297,0,297,0
7551,img/img_00046592.jpg,full-body clothes,490,278,340,62,498,8
7552,img/img_00046593.jpg,full-body clothes,294,168,274,106,438,144
7553,img/img_00046600.jpg,full-body clothes,193,291,291,0,193,0
7554,img/img_00046601.jpg,full-body clothes,486,371,371,0,486,0
7555,img/img_00046602.jpg,full-body clothes,47,33,203,170,272,225
7556,img/img_00046613.jpg,full-body clothes,337,315,315,0,337,0
7557,img/img_00046615.jpg,full-body clothes,180,116,250,134,333,153
7558,img/img_00046623.jpg,full-body clothes,418,299,334,35,474,56
7559,img/img_00046625.jpg,full-body clothes,405,246,291,45,492,87
7560,img/img_00046632.jpg,full-body clothes,99,88,207,119,292,193
7561,img/img_00046647.jpg,lower-body clothes,193,142,223,81,419,226
7562,img/img_00046648.jpg,lower-body clothes,243,185,213,28,418,175
7563,img/img_00046652.jpg,full-body clothes,391,259,259,0,391,0
7564,img/img_00046655.jpg,full-body clothes,234,337,337,0,234,0
7565,img/img_00046671.jpg,full-body clothes,278,214,235,21,450,172
7566,img/img_00046672.jpg,full-body clothes,465,307,312,5,475,10
7567,img/img_00046680.jpg,lower-body clothes,97,46,178,132,251,154
7568,img/img_00046692.jpg,full-body clothes,235,148,242,94,311,76
7569,img/img_00046698.jpg,full-body clothes,358,229,313,84,490,132
7570,img/img_00046704.jpg,full-body clothes,256,129,273,144,262,6
7571,img/img_00046720.jpg,full-body clothes,205,72,148,76,434,229
7572,img/img_00046723.jpg,full-body clothes,415,367,367,0,415,0
7573,img/img_00046737.jpg,full-body clothes,283,297,297,0,283,0
7574,img/img_00046747.jpg,full-body clothes,401,317,348,31,469,68
7575,img/img_00046757.jpg,full-body clothes,259,131,262,131,472,213
7576,img/img_00046772.jpg,full-body clothes,166,68,159,91,266,100
7577,img/img_00046776.jpg,full-body clothes,221,105,222,117,401,180
7578,img/img_00046784.jpg,full-body clothes,150,57,261,204,354,204
7579,img/img_00046793.jpg,upper-body clothes,326,247,318,71,488,162
7580,img/img_00046797.jpg,upper-body clothes,387,320,362,42,423,36
7581,img/img_00046802.jpg,full-body clothes,226,88,254,166,309,83
7582,img/img_00046815.jpg,lower-body clothes,201,132,284,152,290,89
7583,img/img_00046828.jpg,full-body clothes,187,104,251,147,218,31
7584,img/img_00046833.jpg,full-body clothes,461,324,324,0,461,0
7585,img/img_00046840.jpg,full-body clothes,169,283,283,0,169,0
7586,img/img_00046841.jpg,full-body clothes,106,79,305,226,369,263
7587,img/img_00046842.jpg,upper-body clothes,219,449,449,0,219,0
7588,img/img_00046851.jpg,upper-body clothes,365,342,349,7,494,129
7589,img/img_00046855.jpg,full-body clothes,197,266,266,0,197,0
7590,img/img_00046864.jpg,full-body clothes,345,197,249,52,416,71
7591,img/img_00046869.jpg,lower-body clothes,437,303,303,0,437,0
7592,img/img_00046881.jpg,upper-body clothes,292,209,266,57,457,165
7593,img/img_00046883.jpg,upper-body clothes,295,194,265,71,459,164
7594,img/img_00046888.jpg,upper-body clothes,242,215,458,243,347,105
7595,img/img_00046898.jpg,upper-body clothes,262,184,263,79,392,130
7596,img/img_00046902.jpg,lower-body clothes,408,128,236,108,449,41
7597,img/img_00046906.jpg,lower-body clothes,426,153,301,148,459,33
7598,img/img_00046908.jpg,lower-body clothes,325,151,248,97,497,172
7599,img/img_00046912.jpg,lower-body clothes,14,352,352,0,14,0
7600,img/img_00046914.jpg,lower-body clothes,21,352,352,0,21,0
7601,img/img_00046925.jpg,upper-body clothes,317,170,264,94,458,141
7602,img/img_00046926.jpg,upper-body clothes,495,374,374,0,495,0
7603,img/img_00046927.jpg,full-body clothes,504,291,291,0,504,0
7604,img/img_00046932.jpg,lower-body clothes,183,153,267,114,442,259
7605,img/img_00046937.jpg,full-body clothes,309,167,247,80,419,110
7606,img/img_00046946.jpg,full-body clothes,133,65,224,159,195,62
7607,img/img_00046949.jpg,full-body clothes,192,124,166,42,197,5
7608,img/img_00046953.jpg,full-body clothes,136,74,187,113,242,106
7609,img/img_00046954.jpg,full-body clothes,498,326,326,0,498,0
7610,img/img_00046958.jpg,full-body clothes,326,212,212,0,326,0
7611,img/img_00046967.jpg,full-body clothes,352,224,312,88,357,5
7612,img/img_00046978.jpg,full-body clothes,298,189,354,165,444,146
7613,img/img_00046984.jpg,full-body clothes,169,24,212,188,360,191
7614,img/img_00046991.jpg,full-body clothes,463,225,238,13,493,30
7615,img/img_00046996.jpg,full-body clothes,223,139,280,141,386,163
7616,img/img_00046999.jpg,full-body clothes,317,226,282,56,449,132
7617,img/img_00047005.jpg,full-body clothes,252,106,244,138,475,223
7618,img/img_00047013.jpg,upper-body clothes,390,280,280,0,390,0
7619,img/img_00047019.jpg,full-body clothes,333,147,287,140,372,39
7620,img/img_00047024.jpg,lower-body clothes,107,72,182,110,208,101
7621,img/img_00047029.jpg,lower-body clothes,107,72,162,90,233,126
7622,img/img_00047038.jpg,full-body clothes,260,148,225,77,336,76
7623,img/img_00047043.jpg,full-body clothes,408,222,246,24,459,51
7624,img/img_00047044.jpg,full-body clothes,201,51,91,40,392,191
7625,img/img_00047049.jpg,full-body clothes,425,303,303,0,425,0
7626,img/img_00047053.jpg,full-body clothes,390,261,292,31,395,5
7627,img/img_00047060.jpg,upper-body clothes,322,232,328,96,399,77
7628,img/img_00047061.jpg,full-body clothes,234,370,370,0,234,0
7629,img/img_00047067.jpg,lower-body clothes,338,156,156,0,338,0
7630,img/img_00047069.jpg,full-body clothes,376,250,282,32,500,124
7631,img/img_00047071.jpg,full-body clothes,311,141,237,96,463,152
7632,img/img_00047083.jpg,full-body clothes,444,185,292,107,453,9
7633,img/img_00047093.jpg,full-body clothes,189,150,316,166,327,138
7634,img/img_00047096.jpg,upper-body clothes,27,291,291,0,27,0
7635,img/img_00047110.jpg,full-body clothes,284,86,268,182,431,147
7636,img/img_00047128.jpg,full-body clothes,424,225,225,0,424,0
7637,img/img_00047135.jpg,full-body clothes,355,217,284,67,399,44
7638,img/img_00047148.jpg,full-body clothes,219,123,228,105,235,16
7639,img/img_00047163.jpg,upper-body clothes,149,116,206,90,250,101
7640,img/img_00047173.jpg,upper-body clothes,342,224,274,50,357,15
7641,img/img_00047200.jpg,full-body clothes,447,340,340,0,447,0
7642,img/img_00047203.jpg,upper-body clothes,430,266,303,37,433,3
7643,img/img_00047205.jpg,upper-body clothes,115,355,355,0,115,0
7644,img/img_00047217.jpg,lower-body clothes,463,206,206,0,463,0
7645,img/img_00047223.jpg,lower-body clothes,490,255,310,55,506,16
7646,img/img_00047226.jpg,full-body clothes,371,250,296,46,412,41
7647,img/img_00047238.jpg,lower-body clothes,166,136,206,70,250,84
7648,img/img_00047239.jpg,lower-body clothes,356,144,249,105,387,31
7649,img/img_00047244.jpg,lower-body clothes,97,55,230,175,393,296
7650,img/img_00047248.jpg,full-body clothes,481,290,290,0,481,0
7651,img/img_00047250.jpg,lower-body clothes,241,252,252,0,241,0
7652,img/img_00047254.jpg,upper-body clothes,72,61,198,137,228,156
7653,img/img_00047264.jpg,full-body clothes,242,103,230,127,403,161
7654,img/img_00047267.jpg,full-body clothes,409,207,326,119,423,14
7655,img/img_00047268.jpg,full-body clothes,374,274,274,0,374,0
7656,img/img_00047276.jpg,full-body clothes,309,59,214,155,404,95
7657,img/img_00047277.jpg,upper-body clothes,178,105,199,94,227,49
7658,img/img_00047292.jpg,upper-body clothes,377,237,290,53,387,10
7659,img/img_00047297.jpg,upper-body clothes,320,204,276,72,333,13
7660,img/img_00047302.jpg,upper-body clothes,397,295,295,0,397,0
7661,img/img_00047313.jpg,upper-body clothes,148,325,325,0,148,0
7662,img/img_00047320.jpg,full-body clothes,384,201,274,73,487,103
7663,img/img_00047326.jpg,lower-body clothes,382,290,290,0,382,0
7664,img/img_00047328.jpg,upper-body clothes,171,127,219,92,326,155
7665,img/img_00047337.jpg,full-body clothes,247,113,180,67,353,106
7666,img/img_00047338.jpg,full-body clothes,411,286,286,0,411,0
7667,img/img_00047344.jpg,full-body clothes,500,366,366,0,500,0
7668,img/img_00047346.jpg,full-body clothes,241,214,214,0,241,0
7669,img/img_00047349.jpg,full-body clothes,444,328,328,0,444,0
7670,img/img_00047350.jpg,full-body clothes,251,144,189,45,412,161
7671,img/img_00047361.jpg,full-body clothes,205,111,213,102,301,96
7672,img/img_00047362.jpg,full-body clothes,465,344,344,0,465,0
7673,img/img_00047367.jpg,full-body clothes,238,122,257,135,330,92
7674,img/img_00047368.jpg,full-body clothes,113,69,225,156,210,97
7675,img/img_00047374.jpg,full-body clothes,321,204,260,56,456,135
7676,img/img_00047377.jpg,full-body clothes,363,303,303,0,363,0
7677,img/img_00047394.jpg,full-body clothes,189,100,242,142,343,154
7678,img/img_00047395.jpg,full-body clothes,376,248,304,56,500,124
7679,img/img_00047396.jpg,full-body clothes,248,135,219,84,286,38
7680,img/img_00047397.jpg,full-body clothes,132,75,168,93,274,142
7681,img/img_00047402.jpg,upper-body clothes,465,366,366,0,465,0
7682,img/img_00047405.jpg,full-body clothes,441,232,232,0,441,0
7683,img/img_00047408.jpg,full-body clothes,267,136,252,116,428,161
7684,img/img_00047413.jpg,full-body clothes,476,326,326,0,476,0
7685,img/img_00047419.jpg,upper-body clothes,497,376,376,0,497,0
7686,img/img_00047422.jpg,upper-body clothes,406,316,356,40,437,31
7687,img/img_00047425.jpg,upper-body clothes,481,354,354,0,481,0
7688,img/img_00047426.jpg,upper-body clothes,223,160,213,53,368,145
7689,img/img_00047428.jpg,upper-body clothes,290,195,290,95,454,164
7690,img/img_00047429.jpg,upper-body clothes,288,177,294,117,318,30
7691,img/img_00047436.jpg,upper-body clothes,257,271,360,89,477,220
7692,img/img_00047437.jpg,upper-body clothes,426,329,367,38,484,58
7693,img/img_00047448.jpg,lower-body clothes,231,117,246,129,459,228
7694,img/img_00047466.jpg,full-body clothes,268,267,267,0,268,0
7695,img/img_00047471.jpg,full-body clothes,194,109,249,140,324,130
7696,img/img_00047472.jpg,full-body clothes,117,79,212,133,381,264
7697,img/img_00047473.jpg,full-body clothes,238,296,296,0,238,0
7698,img/img_00047474.jpg,full-body clothes,178,80,188,108,277,99
7699,img/img_00047477.jpg,full-body clothes,301,71,264,193,413,112
7700,img/img_00047481.jpg,full-body clothes,304,165,284,119,317,13
7701,img/img_00047490.jpg,full-body clothes,284,355,355,0,284,0
7702,img/img_00047491.jpg,full-body clothes,192,111,208,97,449,257
7703,img/img_00047492.jpg,full-body clothes,438,259,259,0,438,0
7704,img/img_00047493.jpg,lower-body clothes,129,118,186,68,372,243
7705,img/img_00047497.jpg,full-body clothes,177,168,278,110,303,126
7706,img/img_00047503.jpg,full-body clothes,346,296,296,0,346,0
7707,img/img_00047510.jpg,upper-body clothes,438,319,358,39,447,9
7708,img/img_00047511.jpg,upper-body clothes,287,196,278,82,304,17
7709,img/img_00047515.jpg,upper-body clothes,242,252,252,0,242,0
7710,img/img_00047521.jpg,upper-body clothes,505,249,249,0,505,0
7711,img/img_00047527.jpg,upper-body clothes,362,216,313,97,459,97
7712,img/img_00047530.jpg,upper-body clothes,211,213,213,0,211,0
7713,img/img_00047531.jpg,upper-body clothes,414,343,343,0,414,0
7714,img/img_00047533.jpg,upper-body clothes,486,270,270,0,486,0
7715,img/img_00047542.jpg,full-body clothes,296,194,290,96,413,117
7716,img/img_00047547.jpg,full-body clothes,488,342,351,9,497,9
7717,img/img_00047551.jpg,full-body clothes,81,39,206,167,251,170
7718,img/img_00047554.jpg,full-body clothes,505,326,326,0,505,0
7719,img/img_00047555.jpg,full-body clothes,255,140,305,165,444,189
7720,img/img_00047556.jpg,full-body clothes,447,321,321,0,447,0
7721,img/img_00047557.jpg,full-body clothes,231,143,260,117,307,76
7722,img/img_00047558.jpg,full-body clothes,214,118,219,101,301,87
7723,img/img_00047566.jpg,full-body clothes,275,360,360,0,275,0
7724,img/img_00047570.jpg,upper-body clothes,82,271,271,0,82,0
7725,img/img_00047575.jpg,upper-body clothes,187,280,280,0,187,0
7726,img/img_00047582.jpg,upper-body clothes,396,278,278,0,396,0
7727,img/img_00047585.jpg,upper-body clothes,505,375,375,0,505,0
7728,img/img_00047589.jpg,upper-body clothes,309,202,267,65,467,158
7729,img/img_00047591.jpg,upper-body clothes,261,204,290,86,400,139
7730,img/img_00047594.jpg,upper-body clothes,414,344,372,28,450,36
7731,img/img_00047596.jpg,full-body clothes,295,233,278,45,430,135
7732,img/img_00047603.jpg,full-body clothes,251,56,180,124,413,162
7733,img/img_00047604.jpg,full-body clothes,502,276,276,0,502,0
7734,img/img_00047629.jpg,upper-body clothes,376,293,293,0,376,0
7735,img/img_00047639.jpg,full-body clothes,487,359,359,0,487,0
7736,img/img_00047652.jpg,upper-body clothes,505,362,362,0,505,0
7737,img/img_00047656.jpg,full-body clothes,336,141,240,99,417,81
7738,img/img_00047658.jpg,full-body clothes,505,298,298,0,505,0
7739,img/img_00047662.jpg,full-body clothes,187,53,128,75,301,114
7740,img/img_00047663.jpg,full-body clothes,435,388,388,0,435,0
7741,img/img_00047667.jpg,full-body clothes,292,190,283,93,358,66
7742,img/img_00047668.jpg,full-body clothes,247,297,297,0,247,0
7743,img/img_00047677.jpg,full-body clothes,309,133,262,129,429,120
7744,img/img_00047684.jpg,full-body clothes,471,307,307,0,471,0
7745,img/img_00047685.jpg,full-body clothes,271,298,298,0,271,0
7746,img/img_00047688.jpg,full-body clothes,326,366,366,0,326,0
7747,img/img_00047692.jpg,full-body clothes,210,104,159,55,445,235
7748,img/img_00047696.jpg,full-body clothes,260,180,275,95,401,141
7749,img/img_00047705.jpg,full-body clothes,380,325,351,26,446,66
7750,img/img_00047707.jpg,full-body clothes,250,132,216,84,413,163
7751,img/img_00047717.jpg,full-body clothes,168,81,120,39,179,11
7752,img/img_00047719.jpg,full-body clothes,171,74,125,51,220,49
7753,img/img_00047720.jpg,full-body clothes,228,102,148,46,256,28
7754,img/img_00047725.jpg,full-body clothes,334,140,159,19,349,15
7755,img/img_00047726.jpg,full-body clothes,339,113,116,3,341,2
7756,img/img_00047731.jpg,lower-body clothes,167,87,160,73,403,236
7757,img/img_00047733.jpg,lower-body clothes,407,277,277,0,407,0
7758,img/img_00047735.jpg,lower-body clothes,233,120,271,151,401,168
7759,img/img_00047744.jpg,lower-body clothes,304,216,216,0,304,0
7760,img/img_00047752.jpg,full-body clothes,407,306,338,32,435,28
7761,img/img_00047767.jpg,full-body clothes,204,116,230,114,322,118
7762,img/img_00047777.jpg,full-body clothes,127,206,206,0,127,0
7763,img/img_00047781.jpg,full-body clothes,175,33,116,83,250,75
7764,img/img_00047783.jpg,full-body clothes,223,140,265,125,299,76
7765,img/img_00047799.jpg,full-body clothes,439,217,259,42,473,34
7766,img/img_00047801.jpg,full-body clothes,167,73,170,97,262,95
7767,img/img_00047803.jpg,full-body clothes,430,247,305,58,445,15
7768,img/img_00047806.jpg,full-body clothes,467,93,242,149,476,9
7769,img/img_00047810.jpg,full-body clothes,138,234,234,0,138,0
7770,img/img_00047812.jpg,full-body clothes,325,165,253,88,340,15
7771,img/img_00047813.jpg,full-body clothes,213,31,215,184,342,129
7772,img/img_00047822.jpg,full-body clothes,73,38,228,190,243,170
7773,img/img_00047824.jpg,full-body clothes,381,317,340,23,400,19
7774,img/img_00047840.jpg,full-body clothes,364,69,258,189,495,131
7775,img/img_00047842.jpg,full-body clothes,275,64,221,157,384,109
7776,img/img_00047845.jpg,full-body clothes,272,145,258,113,434,162
7777,img/img_00047854.jpg,full-body clothes,182,142,274,132,240,58
7778,img/img_00047855.jpg,full-body clothes,168,120,221,101,235,67
7779,img/img_00047856.jpg,full-body clothes,209,133,228,95,371,162
7780,img/img_00047858.jpg,full-body clothes,138,84,235,151,328,190
7781,img/img_00047859.jpg,full-body clothes,324,166,198,32,327,3
7782,img/img_00047873.jpg,upper-body clothes,244,107,212,105,252,8
7783,img/img_00047875.jpg,upper-body clothes,190,118,168,50,323,133
7784,img/img_00047879.jpg,full-body clothes,488,288,288,0,488,0
7785,img/img_00047881.jpg,full-body clothes,329,167,167,0,329,0
7786,img/img_00047883.jpg,full-body clothes,368,266,266,0,368,0
7787,img/img_00047886.jpg,full-body clothes,323,270,270,0,323,0
7788,img/img_00047891.jpg,full-body clothes,377,201,266,65,476,99
7789,img/img_00047904.jpg,full-body clothes,416,341,341,0,416,0
7790,img/img_00047909.jpg,full-body clothes,246,139,260,121,254,8
7791,img/img_00047916.jpg,full-body clothes,334,192,331,139,348,14
7792,img/img_00047921.jpg,lower-body clothes,311,178,251,73,368,57
7793,img/img_00047926.jpg,lower-body clothes,377,204,274,70,438,61
7794,img/img_00047932.jpg,lower-body clothes,472,289,367,78,509,37
7795,img/img_00047935.jpg,lower-body clothes,371,245,273,28,454,83
7796,img/img_00047944.jpg,lower-body clothes,253,167,264,97,271,18
7797,img/img_00047947.jpg,upper-body clothes,251,239,274,35,261,10
7798,img/img_00047984.jpg,full-body clothes,66,65,119,54,195,129
7799,img/img_00047992.jpg,full-body clothes,498,329,329,0,498,0
7800,img/img_00048005.jpg,full-body clothes,307,173,367,194,441,134
7801,img/img_00048014.jpg,full-body clothes,348,202,286,84,471,123
7802,img/img_00048020.jpg,full-body clothes,343,397,397,0,343,0
7803,img/img_00048024.jpg,full-body clothes,241,132,203,71,418,177
7804,img/img_00048028.jpg,full-body clothes,462,187,187,0,462,0
7805,img/img_00048038.jpg,full-body clothes,284,193,287,94,354,70
7806,img/img_00048072.jpg,full-body clothes,503,315,315,0,503,0
7807,img/img_00048073.jpg,upper-body clothes,454,343,343,0,454,0
7808,img/img_00048074.jpg,upper-body clothes,331,258,306,48,462,131
7809,img/img_00048077.jpg,upper-body clothes,33,199,199,0,33,0
7810,img/img_00048080.jpg,full-body clothes,487,311,319,8,491,4
7811,img/img_00048085.jpg,full-body clothes,236,118,270,152,336,100
7812,img/img_00048089.jpg,full-body clothes,339,223,329,106,357,18
7813,img/img_00048095.jpg,full-body clothes,266,220,274,54,368,102
7814,img/img_00048098.jpg,full-body clothes,311,142,267,125,406,95
7815,img/img_00048104.jpg,upper-body clothes,278,164,244,80,385,107
7816,img/img_00048106.jpg,upper-body clothes,179,363,363,0,179,0
7817,img/img_00048112.jpg,full-body clothes,199,81,225,144,281,82
7818,img/img_00048114.jpg,full-body clothes,348,250,307,57,491,143
7819,img/img_00048119.jpg,full-body clothes,213,65,257,192,283,70
7820,img/img_00048120.jpg,full-body clothes,156,82,263,181,248,92
7821,img/img_00048128.jpg,full-body clothes,175,137,246,109,234,59
7822,img/img_00048146.jpg,full-body clothes,388,155,296,141,471,83
7823,img/img_00048154.jpg,full-body clothes,445,312,312,0,445,0
7824,img/img_00048166.jpg,full-body clothes,269,259,292,33,352,83
7825,img/img_00048168.jpg,full-body clothes,131,83,174,91,280,149
7826,img/img_00048169.jpg,full-body clothes,223,148,184,36,310,87
7827,img/img_00048174.jpg,full-body clothes,71,13,151,138,348,277
7828,img/img_00048175.jpg,full-body clothes,134,69,177,108,194,60
7829,img/img_00048179.jpg,full-body clothes,96,19,194,175,388,292
7830,img/img_00048190.jpg,lower-body clothes,261,190,293,103,445,184
7831,img/img_00048197.jpg,lower-body clothes,251,223,281,58,383,132
7832,img/img_00048209.jpg,full-body clothes,361,177,177,0,361,0
7833,img/img_00048212.jpg,full-body clothes,447,290,321,31,462,15
7834,img/img_00048229.jpg,upper-body clothes,244,214,284,70,368,124
7835,img/img_00048236.jpg,upper-body clothes,459,361,361,0,459,0
7836,img/img_00048255.jpg,upper-body clothes,158,126,282,156,251,93
7837,img/img_00048266.jpg,full-body clothes,462,378,378,0,462,0
7838,img/img_00048305.jpg,full-body clothes,229,186,259,73,311,82
7839,img/img_00048315.jpg,full-body clothes,370,118,225,107,481,111
7840,img/img_00048326.jpg,full-body clothes,199,89,243,154,355,156
7841,img/img_00048332.jpg,full-body clothes,261,299,299,0,261,0
7842,img/img_00048334.jpg,full-body clothes,298,146,216,70,483,185
7843,img/img_00048337.jpg,full-body clothes,344,139,203,64,457,113
7844,img/img_00048350.jpg,full-body clothes,403,144,273,129,427,24
7845,img/img_00048352.jpg,full-body clothes,186,111,154,43,292,106
7846,img/img_00048376.jpg,full-body clothes,145,100,157,57,233,88
7847,img/img_00048379.jpg,full-body clothes,172,135,198,63,187,15
7848,img/img_00048382.jpg,full-body clothes,206,239,239,0,206,0
7849,img/img_00048386.jpg,upper-body clothes,29,204,204,0,29,0
7850,img/img_00048398.jpg,upper-body clothes,323,277,337,60,399,76
7851,img/img_00048399.jpg,lower-body clothes,390,115,204,89,421,31
7852,img/img_00048401.jpg,lower-body clothes,246,95,244,149,384,138
7853,img/img_00048406.jpg,full-body clothes,179,112,244,132,305,126
7854,img/img_00048411.jpg,upper-body clothes,460,306,306,0,460,0
7855,img/img_00048421.jpg,full-body clothes,166,113,157,44,363,197
7856,img/img_00048422.jpg,full-body clothes,142,91,227,136,334,192
7857,img/img_00048430.jpg,full-body clothes,194,270,270,0,194,0
7858,img/img_00048431.jpg,lower-body clothes,206,147,247,100,236,30
7859,img/img_00048435.jpg,upper-body clothes,418,372,377,5,498,80
7860,img/img_00048439.jpg,upper-body clothes,220,278,278,0,220,0
7861,img/img_00048454.jpg,upper-body clothes,270,242,251,9,445,175
7862,img/img_00048457.jpg,upper-body clothes,418,327,336,9,462,44
7863,img/img_00048471.jpg,full-body clothes,260,331,338,7,458,198
7864,img/img_00048473.jpg,full-body clothes,266,105,252,147,402,136
7865,img/img_00048478.jpg,full-body clothes,334,313,313,0,334,0
7866,img/img_00048496.jpg,lower-body clothes,148,110,233,123,232,84
7867,img/img_00048501.jpg,lower-body clothes,180,208,284,76,386,206
7868,img/img_00048502.jpg,lower-body clothes,71,210,305,95,279,208
7869,img/img_00048504.jpg,lower-body clothes,192,178,270,92,200,8
7870,img/img_00048508.jpg,lower-body clothes,417,325,357,32,438,21
7871,img/img_00048509.jpg,lower-body clothes,384,287,287,0,384,0
7872,img/img_00048520.jpg,full-body clothes,454,198,302,104,464,10
7873,img/img_00048524.jpg,full-body clothes,170,123,273,150,369,199
7874,img/img_00048538.jpg,full-body clothes,260,110,265,155,355,95
7875,img/img_00048545.jpg,upper-body clothes,349,297,297,0,349,0
7876,img/img_00048546.jpg,upper-body clothes,341,449,449,0,341,0
7877,img/img_00048549.jpg,full-body clothes,330,111,226,115,441,111
7878,img/img_00048564.jpg,full-body clothes,96,89,240,151,239,143
7879,img/img_00048567.jpg,full-body clothes,352,118,183,65,360,8
7880,img/img_00048581.jpg,full-body clothes,263,238,238,0,263,0
7881,img/img_00048585.jpg,upper-body clothes,304,282,305,23,456,152
7882,img/img_00048586.jpg,full-body clothes,177,123,208,85,246,69
7883,img/img_00048591.jpg,lower-body clothes,138,144,235,91,266,128
7884,img/img_00048595.jpg,full-body clothes,139,197,197,0,139,0
7885,img/img_00048598.jpg,full-body clothes,225,91,232,141,367,142
7886,img/img_00048600.jpg,full-body clothes,403,171,287,116,416,13
7887,img/img_00048606.jpg,full-body clothes,232,237,237,0,232,0
7888,img/img_00048609.jpg,lower-body clothes,152,146,194,48,349,197
7889,img/img_00048630.jpg,full-body clothes,221,315,315,0,221,0
7890,img/img_00048633.jpg,full-body clothes,287,245,331,86,393,106
7891,img/img_00048638.jpg,full-body clothes,157,76,184,108,337,180
7892,img/img_00048647.jpg,full-body clothes,254,126,237,111,338,84
7893,img/img_00048653.jpg,full-body clothes,212,324,324,0,212,0
7894,img/img_00048661.jpg,full-body clothes,212,340,340,0,212,0
7895,img/img_00048667.jpg,lower-body clothes,130,179,221,42,377,247
7896,img/img_00048668.jpg,upper-body clothes,432,338,378,40,484,52
7897,img/img_00048683.jpg,upper-body clothes,343,328,363,35,474,131
7898,img/img_00048697.jpg,lower-body clothes,381,197,288,91,415,34
7899,img/img_00048711.jpg,full-body clothes,185,102,266,164,390,205
7900,img/img_00048712.jpg,full-body clothes,154,77,234,157,253,99
7901,img/img_00048723.jpg,full-body clothes,205,267,267,0,205,0
7902,img/img_00048724.jpg,full-body clothes,215,250,250,0,215,0
7903,img/img_00048725.jpg,full-body clothes,408,263,274,11,445,37
7904,img/img_00048732.jpg,full-body clothes,344,234,363,129,404,60
7905,img/img_00048733.jpg,full-body clothes,160,101,211,110,244,84
7906,img/img_00048738.jpg,full-body clothes,121,80,183,103,232,111
7907,img/img_00048744.jpg,full-body clothes,172,97,246,149,303,131
7908,img/img_00048751.jpg,upper-body clothes,228,176,271,95,355,127
7909,img/img_00048754.jpg,lower-body clothes,124,400,400,0,124,0
7910,img/img_00048758.jpg,lower-body clothes,117,262,262,0,117,0
7911,img/img_00048761.jpg,lower-body clothes,84,86,225,139,257,173
7912,img/img_00048768.jpg,lower-body clothes,343,396,396,0,343,0
7913,img/img_00048775.jpg,lower-body clothes,364,315,321,6,482,118
7914,img/img_00048783.jpg,upper-body clothes,134,352,352,0,134,0
7915,img/img_00048799.jpg,full-body clothes,118,63,136,73,206,88
7916,img/img_00048805.jpg,full-body clothes,318,230,268,38,479,161
7917,img/img_00048807.jpg,full-body clothes,373,285,285,0,373,0
7918,img/img_00048814.jpg,full-body clothes,391,280,289,9,492,101
7919,img/img_00048816.jpg,full-body clothes,368,316,316,0,368,0
7920,img/img_00048823.jpg,full-body clothes,277,56,205,149,291,14
7921,img/img_00048838.jpg,upper-body clothes,406,317,317,0,406,0
7922,img/img_00048847.jpg,lower-body clothes,272,275,288,13,295,23
7923,img/img_00048849.jpg,upper-body clothes,335,278,313,35,341,6
7924,img/img_00048850.jpg,upper-body clothes,476,312,312,0,476,0
7925,img/img_00048854.jpg,upper-body clothes,357,336,336,0,357,0
7926,img/img_00048856.jpg,upper-body clothes,198,124,158,34,339,141
7927,img/img_00048858.jpg,upper-body clothes,186,97,204,107,204,18
7928,img/img_00048866.jpg,upper-body clothes,409,318,327,9,418,9
7929,img/img_00048872.jpg,full-body clothes,212,124,243,119,367,155
7930,img/img_00048890.jpg,upper-body clothes,138,177,245,68,274,136
7931,img/img_00048900.jpg,upper-body clothes,344,199,199,0,344,0
7932,img/img_00048901.jpg,upper-body clothes,7,120,120,0,7,0
7933,img/img_00048904.jpg,upper-body clothes,86,362,362,0,86,0
7934,img/img_00048907.jpg,full-body clothes,500,375,375,0,500,0
7935,img/img_00048909.jpg,full-body clothes,409,273,308,35,434,25
7936,img/img_00048916.jpg,full-body clothes,302,252,264,12,349,47
7937,img/img_00048925.jpg,full-body clothes,204,111,234,123,344,140
7938,img/img_00048927.jpg,full-body clothes,203,153,257,104,345,142
7939,img/img_00048931.jpg,full-body clothes,209,285,285,0,209,0
7940,img/img_00048934.jpg,full-body clothes,506,166,166,0,506,0
7941,img/img_00048940.jpg,full-body clothes,173,339,339,0,173,0
7942,img/img_00048943.jpg,full-body clothes,318,158,268,110,342,24
7943,img/img_00048950.jpg,full-body clothes,332,179,289,110,368,36
7944,img/img_00048952.jpg,full-body clothes,139,72,221,149,196,57
7945,img/img_00048959.jpg,full-body clothes,470,325,336,11,477,7
7946,img/img_00048962.jpg,full-body clothes,193,121,265,144,300,107
7947,img/img_00048963.jpg,full-body clothes,180,97,262,165,312,132
7948,img/img_00048968.jpg,lower-body clothes,379,71,220,149,427,48
7949,img/img_00048969.jpg,lower-body clothes,363,60,253,193,415,52
7950,img/img_00048970.jpg,full-body clothes,278,288,345,57,427,149
7951,img/img_00048973.jpg,upper-body clothes,153,121,256,135,274,121
7952,img/img_00048976.jpg,upper-body clothes,143,126,259,133,225,82
7953,img/img_00048984.jpg,upper-body clothes,241,200,330,130,355,114
7954,img/img_00048986.jpg,upper-body clothes,145,224,261,37,321,176
7955,img/img_00048987.jpg,upper-body clothes,198,179,206,27,322,124
7956,img/img_00048990.jpg,upper-body clothes,431,353,353,0,431,0
7957,img/img_00048991.jpg,upper-body clothes,344,346,346,0,344,0
7958,img/img_00049007.jpg,upper-body clothes,389,261,261,0,389,0
7959,img/img_00049008.jpg,upper-body clothes,200,170,176,6,374,174
7960,img/img_00049011.jpg,upper-body clothes,483,306,320,14,503,20
7961,img/img_00049012.jpg,upper-body clothes,487,311,322,11,503,16
7962,img/img_00049017.jpg,lower-body clothes,337,165,330,165,411,74
7963,img/img_00049037.jpg,full-body clothes,488,342,354,12,495,7
7964,img/img_00049044.jpg,full-body clothes,276,121,143,22,408,132
7965,img/img_00049049.jpg,full-body clothes,505,376,381,5,506,1
7966,img/img_00049060.jpg,full-body clothes,344,256,256,0,344,0
7967,img/img_00049061.jpg,lower-body clothes,130,106,233,127,214,84
7968,img/img_00049065.jpg,lower-body clothes,68,75,173,98,159,91
7969,img/img_00049079.jpg,full-body clothes,457,309,354,45,499,42
7970,img/img_00049082.jpg,full-body clothes,323,122,217,95,457,134
7971,img/img_00049083.jpg,full-body clothes,318,57,198,141,329,11
7972,img/img_00049089.jpg,full-body clothes,227,174,254,80,328,101
7973,img/img_00049093.jpg,full-body clothes,251,136,242,106,342,91
7974,img/img_00049094.jpg,full-body clothes,497,306,306,0,497,0
7975,img/img_00049101.jpg,full-body clothes,331,124,267,143,509,178
7976,img/img_00049108.jpg,full-body clothes,451,378,378,0,451,0
7977,img/img_00049124.jpg,full-body clothes,278,182,215,33,444,166
7978,img/img_00049127.jpg,full-body clothes,474,280,280,0,474,0
7979,img/img_00049131.jpg,full-body clothes,225,114,234,120,321,96
7980,img/img_00049137.jpg,full-body clothes,425,349,358,9,500,75
7981,img/img_00049157.jpg,lower-body clothes,199,123,256,133,269,70
7982,img/img_00049165.jpg,upper-body clothes,118,60,300,240,201,83
7983,img/img_00049168.jpg,upper-body clothes,412,207,231,24,421,9
7984,img/img_00049176.jpg,upper-body clothes,333,225,252,27,375,42
7985,img/img_00049182.jpg,full-body clothes,412,179,281,102,455,43
7986,img/img_00049186.jpg,full-body clothes,499,315,315,0,499,0
7987,img/img_00049200.jpg,lower-body clothes,246,165,256,91,281,35
7988,img/img_00049205.jpg,lower-body clothes,356,217,278,61,380,24
7989,img/img_00049215.jpg,upper-body clothes,485,310,310,0,485,0
7990,img/img_00049216.jpg,upper-body clothes,315,260,301,41,327,12
7991,img/img_00049226.jpg,upper-body clothes,393,311,321,10,428,35
7992,img/img_00049232.jpg,upper-body clothes,178,177,285,108,370,192
7993,img/img_00049234.jpg,full-body clothes,332,200,200,0,332,0
7994,img/img_00049236.jpg,full-body clothes,235,375,375,0,235,0
7995,img/img_00049238.jpg,upper-body clothes,269,267,309,42,295,26
7996,img/img_00049243.jpg,upper-body clothes,470,357,372,15,493,23
7997,img/img_00049252.jpg,full-body clothes,223,146,245,99,365,142
7998,img/img_00049254.jpg,full-body clothes,162,103,229,126,242,80
7999,img/img_00049259.jpg,lower-body clothes,133,136,255,119,409,276
8000,img/img_00049282.jpg,full-body clothes,115,250,250,0,115,0
8001,img/img_00049283.jpg,full-body clothes,424,325,325,0,424,0
8002,img/img_00049289.jpg,full-body clothes,458,187,263,76,465,7
8003,img/img_00049291.jpg,upper-body clothes,354,272,292,20,366,12
8004,img/img_00049296.jpg,lower-body clothes,207,95,213,118,265,58
8005,img/img_00049307.jpg,full-body clothes,243,184,236,52,454,211
8006,img/img_00049308.jpg,full-body clothes,217,144,231,87,404,187
8007,img/img_00049311.jpg,full-body clothes,251,258,258,0,251,0
8008,img/img_00049314.jpg,full-body clothes,207,88,269,181,214,7
8009,img/img_00049317.jpg,full-body clothes,336,211,283,72,441,105
8010,img/img_00049326.jpg,lower-body clothes,310,330,340,10,443,133
8011,img/img_00049331.jpg,full-body clothes,280,117,234,117,462,182
8012,img/img_00049344.jpg,full-body clothes,332,450,450,0,332,0
8013,img/img_00049347.jpg,full-body clothes,356,249,249,0,356,0
8014,img/img_00049358.jpg,upper-body clothes,309,255,297,42,468,159
8015,img/img_00049364.jpg,upper-body clothes,482,321,344,23,500,18
8016,img/img_00049367.jpg,upper-body clothes,317,279,284,5,426,109
8017,img/img_00049368.jpg,upper-body clothes,404,316,331,15,413,9
8018,img/img_00049380.jpg,upper-body clothes,434,292,292,0,434,0
8019,img/img_00049389.jpg,upper-body clothes,341,287,314,27,452,111
8020,img/img_00049392.jpg,upper-body clothes,292,239,324,85,463,171
8021,img/img_00049393.jpg,full-body clothes,344,256,284,28,451,107
8022,img/img_00049394.jpg,full-body clothes,248,303,303,0,248,0
8023,img/img_00049400.jpg,lower-body clothes,304,208,274,66,445,141
8024,img/img_00049403.jpg,lower-body clothes,58,47,142,95,236,178
8025,img/img_00049408.jpg,full-body clothes,173,126,152,26,312,139
8026,img/img_00049410.jpg,full-body clothes,42,44,260,216,417,375
8027,img/img_00049412.jpg,full-body clothes,244,246,256,10,477,233
8028,img/img_00049415.jpg,full-body clothes,204,238,238,0,204,0
8029,img/img_00049420.jpg,full-body clothes,402,315,315,0,402,0
8030,img/img_00049425.jpg,full-body clothes,378,191,348,157,456,78
8031,img/img_00049445.jpg,upper-body clothes,256,216,283,67,404,148
8032,img/img_00049453.jpg,upper-body clothes,277,323,323,0,277,0
8033,img/img_00049462.jpg,full-body clothes,357,223,285,62,487,130
8034,img/img_00049463.jpg,full-body clothes,350,241,255,14,469,119
8035,img/img_00049510.jpg,full-body clothes,165,44,185,141,412,247
8036,img/img_00049535.jpg,full-body clothes,464,324,361,37,471,7
8037,img/img_00049538.jpg,full-body clothes,371,176,274,98,377,6
8038,img/img_00049542.jpg,full-body clothes,209,123,212,89,293,84
8039,img/img_00049548.jpg,full-body clothes,419,275,284,9,471,52
8040,img/img_00049551.jpg,full-body clothes,417,223,363,140,491,74
8041,img/img_00049559.jpg,full-body clothes,464,357,357,0,464,0
8042,img/img_00049566.jpg,full-body clothes,357,249,266,17,438,81
8043,img/img_00049582.jpg,full-body clothes,273,204,334,130,311,38
8044,img/img_00049584.jpg,full-body clothes,220,140,278,138,298,78
8045,img/img_00049589.jpg,full-body clothes,405,281,334,53,417,12
8046,img/img_00049594.jpg,full-body clothes,486,346,346,0,486,0
8047,img/img_00049602.jpg,full-body clothes,445,262,262,0,445,0
8048,img/img_00049603.jpg,full-body clothes,209,282,282,0,209,0
8049,img/img_00049611.jpg,full-body clothes,486,363,363,0,486,0
8050,img/img_00049625.jpg,full-body clothes,387,269,317,48,456,69
8051,img/img_00049627.jpg,lower-body clothes,462,211,211,0,462,0
8052,img/img_00049630.jpg,lower-body clothes,339,126,244,118,416,77
8053,img/img_00049635.jpg,lower-body clothes,330,186,258,72,395,65
8054,img/img_00049638.jpg,lower-body clothes,454,322,322,0,454,0
8055,img/img_00049640.jpg,lower-body clothes,155,83,235,152,386,231
8056,img/img_00049646.jpg,lower-body clothes,359,234,234,0,359,0
8057,img/img_00049648.jpg,upper-body clothes,462,347,361,14,497,35
8058,img/img_00049649.jpg,upper-body clothes,352,281,319,38,373,21
8059,img/img_00049654.jpg,upper-body clothes,486,344,344,0,486,0
8060,img/img_00049662.jpg,full-body clothes,464,360,369,9,483,19
8061,img/img_00049669.jpg,full-body clothes,155,112,228,116,298,143
8062,img/img_00049671.jpg,lower-body clothes,221,210,271,61,247,26
8063,img/img_00049684.jpg,lower-body clothes,421,126,250,124,449,28
8064,img/img_00049695.jpg,full-body clothes,500,344,344,0,500,0
8065,img/img_00049699.jpg,full-body clothes,256,141,258,117,276,20
8066,img/img_00049702.jpg,full-body clothes,248,135,273,138,356,108
8067,img/img_00049704.jpg,full-body clothes,366,182,188,6,386,20
8068,img/img_00049716.jpg,lower-body clothes,243,242,373,131,275,32
8069,img/img_00049717.jpg,lower-body clothes,386,186,186,0,386,0
8070,img/img_00049718.jpg,full-body clothes,199,206,206,0,199,0
8071,img/img_00049719.jpg,full-body clothes,367,169,235,66,395,28
8072,img/img_00049721.jpg,full-body clothes,502,364,364,0,502,0
8073,img/img_00049723.jpg,full-body clothes,269,180,316,136,404,135
8074,img/img_00049733.jpg,lower-body clothes,138,65,193,128,248,110
8075,img/img_00049744.jpg,lower-body clothes,238,51,224,173,444,206
8076,img/img_00049748.jpg,full-body clothes,240,89,247,158,354,114
8077,img/img_00049749.jpg,full-body clothes,149,270,270,0,149,0
8078,img/img_00049756.jpg,full-body clothes,470,342,342,0,470,0
8079,img/img_00049758.jpg,full-body clothes,124,60,212,152,310,186
8080,img/img_00049768.jpg,full-body clothes,356,250,250,0,356,0
8081,img/img_00049771.jpg,full-body clothes,240,261,348,87,374,134
8082,img/img_00049792.jpg,full-body clothes,184,116,189,73,278,94
8083,img/img_00049795.jpg,full-body clothes,500,295,295,0,500,0
8084,img/img_00049800.jpg,full-body clothes,216,127,214,87,380,164
8085,img/img_00049809.jpg,lower-body clothes,345,270,297,27,471,126
8086,img/img_00049811.jpg,lower-body clothes,251,410,410,0,251,0
8087,img/img_00049832.jpg,full-body clothes,294,76,131,55,319,25
8088,img/img_00049833.jpg,full-body clothes,242,117,181,64,318,76
8089,img/img_00049844.jpg,upper-body clothes,437,331,331,0,437,0
8090,img/img_00049845.jpg,upper-body clothes,506,323,323,0,506,0
8091,img/img_00049847.jpg,upper-body clothes,471,352,352,0,471,0
8092,img/img_00049863.jpg,full-body clothes,376,139,231,92,469,93
8093,img/img_00049866.jpg,full-body clothes,386,222,251,29,441,55
8094,img/img_00049868.jpg,full-body clothes,437,233,278,45,475,38
8095,img/img_00049874.jpg,full-body clothes,322,182,259,77,354,32
8096,img/img_00049879.jpg,full-body clothes,232,166,266,100,389,157
8097,img/img_00049884.jpg,full-body clothes,186,117,296,179,252,66
8098,img/img_00049888.jpg,full-body clothes,287,162,305,143,342,55
8099,img/img_00049897.jpg,full-body clothes,205,311,311,0,205,0
8100,img/img_00049941.jpg,full-body clothes,128,86,176,90,293,165
8101,img/img_00049944.jpg,full-body clothes,400,279,279,0,400,0
8102,img/img_00049949.jpg,full-body clothes,305,358,358,0,305,0
8103,img/img_00049955.jpg,full-body clothes,242,119,267,148,371,129
8104,img/img_00049959.jpg,full-body clothes,314,47,196,149,365,51
8105,img/img_00049965.jpg,full-body clothes,368,151,252,101,476,108
8106,img/img_00049968.jpg,full-body clothes,196,175,175,0,196,0
8107,img/img_00049972.jpg,full-body clothes,259,314,314,0,259,0
8108,img/img_00049980.jpg,full-body clothes,174,290,290,0,174,0
8109,img/img_00049992.jpg,full-body clothes,150,214,214,0,150,0
8110,img/img_00049994.jpg,full-body clothes,300,121,204,83,398,98
8111,img/img_00049998.jpg,full-body clothes,418,289,296,7,491,73
8112,img/img_00050014.jpg,full-body clothes,389,180,258,78,451,62
8113,img/img_00050017.jpg,upper-body clothes,449,236,236,0,449,0
8114,img/img_00050023.jpg,upper-body clothes,21,253,253,0,21,0
8115,img/img_00050029.jpg,full-body clothes,353,205,265,60,465,112
8116,img/img_00050032.jpg,full-body clothes,227,180,247,67,230,3
8117,img/img_00050033.jpg,full-body clothes,165,392,392,0,165,0
8118,img/img_00050044.jpg,upper-body clothes,357,323,362,39,440,83
8119,img/img_00050045.jpg,upper-body clothes,302,187,282,95,308,6
8120,img/img_00050047.jpg,full-body clothes,320,329,335,6,455,135
8121,img/img_00050051.jpg,full-body clothes,344,340,340,0,344,0
8122,img/img_00050059.jpg,lower-body clothes,175,80,245,165,328,153
8123,img/img_00050060.jpg,lower-body clothes,169,65,230,165,397,228
8124,img/img_00050062.jpg,lower-body clothes,173,65,225,160,459,286
8125,img/img_00050063.jpg,lower-body clothes,338,222,380,158,408,70
8126,img/img_00050065.jpg,upper-body clothes,260,174,212,38,455,195
8127,img/img_00050076.jpg,upper-body clothes,429,300,300,0,429,0
8128,img/img_00050083.jpg,full-body clothes,306,208,287,79,446,140
8129,img/img_00050086.jpg,full-body clothes,202,88,136,48,268,66
8130,img/img_00050088.jpg,full-body clothes,286,173,276,103,449,163
8131,img/img_00050093.jpg,full-body clothes,208,141,182,41,318,110
8132,img/img_00050101.jpg,full-body clothes,148,99,180,81,225,77
8133,img/img_00050109.jpg,full-body clothes,239,150,255,105,338,99
8134,img/img_00050110.jpg,full-body clothes,444,308,334,26,487,43
8135,img/img_00050123.jpg,lower-body clothes,491,301,301,0,491,0
8136,img/img_00050132.jpg,lower-body clothes,404,252,291,39,500,96
8137,img/img_00050133.jpg,lower-body clothes,332,269,269,0,332,0
8138,img/img_00050143.jpg,full-body clothes,323,215,268,53,470,147
8139,img/img_00050147.jpg,full-body clothes,390,305,335,30,501,111
8140,img/img_00050148.jpg,full-body clothes,317,369,369,0,317,0
8141,img/img_00050163.jpg,full-body clothes,344,142,277,135,440,96
8142,img/img_00050173.jpg,full-body clothes,284,144,231,87,457,173
8143,img/img_00050185.jpg,full-body clothes,341,366,366,0,341,0
8144,img/img_00050191.jpg,full-body clothes,237,382,382,0,237,0
8145,img/img_00050192.jpg,full-body clothes,209,135,264,129,275,66
8146,img/img_00050229.jpg,lower-body clothes,183,66,168,102,275,92
8147,img/img_00050245.jpg,full-body clothes,429,332,365,33,443,14
8148,img/img_00050250.jpg,full-body clothes,413,219,312,93,490,77
8149,img/img_00050253.jpg,upper-body clothes,310,242,298,56,333,23
8150,img/img_00050257.jpg,full-body clothes,466,363,363,0,466,0
8151,img/img_00050273.jpg,lower-body clothes,204,122,228,106,293,89
8152,img/img_00050279.jpg,full-body clothes,466,282,317,35,491,25
8153,img/img_00050283.jpg,full-body clothes,138,185,189,4,210,72
8154,img/img_00050285.jpg,full-body clothes,146,93,173,80,321,175
8155,img/img_00050300.jpg,full-body clothes,412,364,364,0,412,0
8156,img/img_00050305.jpg,full-body clothes,421,222,308,86,452,31
8157,img/img_00050309.jpg,full-body clothes,137,90,258,168,248,111
8158,img/img_00050313.jpg,full-body clothes,300,372,372,0,300,0
8159,img/img_00050325.jpg,full-body clothes,264,263,268,5,310,46
8160,img/img_00050328.jpg,full-body clothes,432,244,244,0,432,0
8161,img/img_00050331.jpg,full-body clothes,473,358,367,9,487,14
8162,img/img_00050335.jpg,full-body clothes,439,276,314,38,462,23
8163,img/img_00050338.jpg,upper-body clothes,393,289,325,36,405,12
8164,img/img_00050340.jpg,upper-body clothes,294,231,293,62,311,17
8165,img/img_00050342.jpg,upper-body clothes,355,276,311,35,378,23
8166,img/img_00050347.jpg,upper-body clothes,481,337,337,0,481,0
8167,img/img_00050349.jpg,upper-body clothes,294,264,280,16,398,104
8168,img/img_00050351.jpg,upper-body clothes,214,117,303,186,285,71
8169,img/img_00050356.jpg,full-body clothes,339,449,449,0,339,0
8170,img/img_00050357.jpg,full-body clothes,357,145,246,101,360,3
8171,img/img_00050360.jpg,full-body clothes,407,134,234,100,478,71
8172,img/img_00050361.jpg,full-body clothes,222,32,317,285,359,137
8173,img/img_00050365.jpg,full-body clothes,311,155,268,113,454,143
8174,img/img_00050371.jpg,full-body clothes,261,330,330,0,261,0
8175,img/img_00050374.jpg,full-body clothes,466,340,340,0,466,0
8176,img/img_00050376.jpg,full-body clothes,493,365,365,0,493,0
8177,img/img_00050381.jpg,upper-body clothes,342,235,284,49,450,108
8178,img/img_00050384.jpg,upper-body clothes,137,92,176,84,250,113
8179,img/img_00050403.jpg,full-body clothes,328,135,214,79,391,63
8180,img/img_00050405.jpg,full-body clothes,325,199,241,42,404,79
8181,img/img_00050409.jpg,full-body clothes,282,205,227,22,424,142
8182,img/img_00050411.jpg,full-body clothes,438,245,245,0,438,0
8183,img/img_00050415.jpg,full-body clothes,474,322,322,0,474,0
8184,img/img_00050416.jpg,full-body clothes,481,346,346,0,481,0
8185,img/img_00050422.jpg,full-body clothes,245,139,286,147,309,64
8186,img/img_00050429.jpg,full-body clothes,468,289,346,57,491,23
8187,img/img_00050432.jpg,full-body clothes,478,264,264,0,478,0
8188,img/img_00050434.jpg,lower-body clothes,383,179,289,110,466,83
8189,img/img_00050435.jpg,full-body clothes,204,127,216,89,337,133
8190,img/img_00050436.jpg,full-body clothes,242,132,295,163,331,89
8191,img/img_00050443.jpg,lower-body clothes,275,144,252,108,324,49
8192,img/img_00050447.jpg,upper-body clothes,305,246,371,125,500,195
8193,img/img_00050450.jpg,upper-body clothes,328,303,349,46,344,16
8194,img/img_00050471.jpg,full-body clothes,88,60,206,146,250,162
8195,img/img_00050476.jpg,full-body clothes,351,195,247,52,392,41
8196,img/img_00050480.jpg,full-body clothes,315,195,274,79,433,118
8197,img/img_00050481.jpg,full-body clothes,340,200,236,36,404,64
8198,img/img_00050484.jpg,full-body clothes,370,134,207,73,461,91
8199,img/img_00050496.jpg,full-body clothes,423,187,285,98,478,55
8200,img/img_00050501.jpg,full-body clothes,142,62,234,172,324,182
8201,img/img_00050503.jpg,full-body clothes,465,213,213,0,465,0
8202,img/img_00050506.jpg,full-body clothes,330,163,269,106,459,129
8203,img/img_00050507.jpg,upper-body clothes,442,243,243,0,442,0
8204,img/img_00050521.jpg,upper-body clothes,179,128,196,68,274,95
8205,img/img_00050536.jpg,lower-body clothes,21,314,314,0,21,0
8206,img/img_00050539.jpg,lower-body clothes,316,304,362,58,486,170
8207,img/img_00050552.jpg,lower-body clothes,406,310,310,0,406,0
8208,img/img_00050558.jpg,full-body clothes,264,116,245,129,275,11
8209,img/img_00050575.jpg,full-body clothes,282,225,260,35,341,59
8210,img/img_00050585.jpg,upper-body clothes,462,364,364,0,462,0
8211,img/img_00050591.jpg,full-body clothes,273,236,324,88,286,13
8212,img/img_00050629.jpg,full-body clothes,191,127,267,140,393,202
8213,img/img_00050632.jpg,full-body clothes,123,52,201,149,338,215
8214,img/img_00050634.jpg,upper-body clothes,268,185,322,137,278,10
8215,img/img_00050635.jpg,upper-body clothes,255,194,344,150,406,151
8216,img/img_00050639.jpg,full-body clothes,243,126,259,133,367,124
8217,img/img_00050654.jpg,full-body clothes,305,152,236,84,347,42
8218,img/img_00050662.jpg,lower-body clothes,285,286,354,68,463,178
8219,img/img_00050678.jpg,lower-body clothes,182,190,271,81,212,30
8220,img/img_00050679.jpg,lower-body clothes,97,229,229,0,97,0
8221,img/img_00050680.jpg,full-body clothes,177,280,280,0,177,0
8222,img/img_00050683.jpg,full-body clothes,335,229,283,54,464,129
8223,img/img_00050684.jpg,full-body clothes,214,354,354,0,214,0
8224,img/img_00050697.jpg,upper-body clothes,368,281,281,0,368,0
8225,img/img_00050700.jpg,upper-body clothes,196,144,241,97,285,89
8226,img/img_00050712.jpg,upper-body clothes,447,330,343,13,502,55
8227,img/img_00050714.jpg,upper-body clothes,427,102,102,0,427,0
8228,img/img_00050715.jpg,upper-body clothes,372,296,326,30,392,20
8229,img/img_00050721.jpg,full-body clothes,315,195,285,90,469,154
8230,img/img_00050724.jpg,full-body clothes,232,240,240,0,232,0
8231,img/img_00050728.jpg,full-body clothes,316,194,285,91,469,153
8232,img/img_00050739.jpg,full-body clothes,491,327,327,0,491,0
8233,img/img_00050742.jpg,full-body clothes,386,151,276,125,422,36
8234,img/img_00050746.jpg,full-body clothes,197,252,252,0,197,0
8235,img/img_00050747.jpg,full-body clothes,262,117,174,57,303,41
8236,img/img_00050749.jpg,full-body clothes,248,127,271,144,431,183
8237,img/img_00050750.jpg,full-body clothes,166,60,195,135,271,105
8238,img/img_00050752.jpg,full-body clothes,322,293,293,0,322,0
8239,img/img_00050757.jpg,full-body clothes,403,159,246,87,452,49
8240,img/img_00050759.jpg,upper-body clothes,209,205,286,81,341,132
8241,img/img_00050765.jpg,full-body clothes,237,91,211,120,354,117
8242,img/img_00050768.jpg,full-body clothes,432,204,233,29,486,54
8243,img/img_00050770.jpg,full-body clothes,248,92,266,174,376,128
8244,img/img_00050772.jpg,full-body clothes,167,96,184,88,325,158
8245,img/img_00050776.jpg,full-body clothes,222,132,265,133,364,142
8246,img/img_00050785.jpg,full-body clothes,103,76,207,131,283,180
8247,img/img_00050787.jpg,full-body clothes,257,200,222,22,330,73
8248,img/img_00050790.jpg,full-body clothes,150,150,235,85,262,112
8249,img/img_00050792.jpg,full-body clothes,473,359,359,0,473,0
8250,img/img_00050798.jpg,full-body clothes,468,251,267,16,494,26
8251,img/img_00050803.jpg,full-body clothes,316,198,260,62,476,160
8252,img/img_00050806.jpg,upper-body clothes,365,289,289,0,365,0
8253,img/img_00050816.jpg,full-body clothes,221,98,291,193,245,24
8254,img/img_00050817.jpg,full-body clothes,356,269,269,0,356,0
8255,img/img_00050819.jpg,full-body clothes,246,126,181,55,395,149
8256,img/img_00050821.jpg,lower-body clothes,260,293,293,0,260,0
8257,img/img_00050823.jpg,full-body clothes,434,276,276,0,434,0
8258,img/img_00050825.jpg,full-body clothes,414,222,263,41,449,35
8259,img/img_00050828.jpg,full-body clothes,297,125,220,95,369,72
8260,img/img_00050833.jpg,full-body clothes,337,175,293,118,436,99
8261,img/img_00050835.jpg,full-body clothes,365,270,270,0,365,0
8262,img/img_00050836.jpg,upper-body clothes,225,174,187,13,357,132
8263,img/img_00050838.jpg,upper-body clothes,359,236,280,44,363,4
8264,img/img_00050839.jpg,upper-body clothes,115,113,269,156,274,159
8265,img/img_00050841.jpg,upper-body clothes,167,142,246,104,321,154
8266,img/img_00050844.jpg,upper-body clothes,155,135,225,90,259,104
8267,img/img_00050845.jpg,upper-body clothes,501,350,350,0,501,0
8268,img/img_00050852.jpg,full-body clothes,234,97,214,117,371,137
8269,img/img_00050861.jpg,full-body clothes,264,251,251,0,264,0
8270,img/img_00050863.jpg,full-body clothes,349,161,260,99,486,137
8271,img/img_00050867.jpg,full-body clothes,309,194,275,81,412,103
8272,img/img_00050872.jpg,full-body clothes,365,282,282,0,365,0
8273,img/img_00050873.jpg,full-body clothes,361,222,222,0,361,0
8274,img/img_00050876.jpg,full-body clothes,205,201,201,0,205,0
8275,img/img_00050877.jpg,full-body clothes,286,77,222,145,416,130
8276,img/img_00050881.jpg,full-body clothes,239,105,186,81,377,138
8277,img/img_00050903.jpg,full-body clothes,318,235,301,66,428,110
8278,img/img_00050921.jpg,full-body clothes,393,193,193,0,393,0
8279,img/img_00050923.jpg,full-body clothes,492,154,255,101,501,9
8280,img/img_00050926.jpg,full-body clothes,189,87,189,102,372,183
8281,img/img_00050937.jpg,full-body clothes,204,77,232,155,387,183
8282,img/img_00050944.jpg,full-body clothes,279,331,331,0,279,0
8283,img/img_00050951.jpg,full-body clothes,295,137,245,108,462,167
8284,img/img_00050957.jpg,full-body clothes,226,113,180,67,236,10
8285,img/img_00050999.jpg,full-body clothes,328,163,280,117,439,111
8286,img/img_00051000.jpg,upper-body clothes,361,329,394,65,366,5
8287,img/img_00051003.jpg,upper-body clothes,393,223,223,0,393,0
8288,img/img_00051008.jpg,upper-body clothes,238,243,280,37,258,20
8289,img/img_00051010.jpg,upper-body clothes,247,228,238,10,295,48
8290,img/img_00051020.jpg,full-body clothes,308,205,303,98,491,183
8291,img/img_00051027.jpg,lower-body clothes,376,122,204,82,385,9
8292,img/img_00051031.jpg,full-body clothes,257,130,261,131,377,120
8293,img/img_00051036.jpg,full-body clothes,434,315,340,25,463,29
8294,img/img_00051064.jpg,full-body clothes,449,331,378,47,457,8
8295,img/img_00051066.jpg,full-body clothes,493,258,258,0,493,0
8296,img/img_00051067.jpg,full-body clothes,337,191,324,133,494,157
8297,img/img_00051069.jpg,full-body clothes,255,134,222,88,286,31
8298,img/img_00051073.jpg,full-body clothes,270,173,249,76,425,155
8299,img/img_00051077.jpg,full-body clothes,260,269,269,0,260,0
8300,img/img_00051080.jpg,full-body clothes,329,281,294,13,335,6
8301,img/img_00051082.jpg,full-body clothes,173,111,227,116,255,82
8302,img/img_00051089.jpg,full-body clothes,204,256,256,0,204,0
8303,img/img_00051090.jpg,full-body clothes,162,125,232,107,289,127
8304,img/img_00051106.jpg,full-body clothes,450,202,278,76,481,31
8305,img/img_00051121.jpg,full-body clothes,294,118,277,159,476,182
8306,img/img_00051122.jpg,full-body clothes,297,109,207,98,459,162
8307,img/img_00051141.jpg,full-body clothes,499,371,371,0,499,0
8308,img/img_00051142.jpg,full-body clothes,500,359,359,0,500,0
8309,img/img_00051144.jpg,full-body clothes,448,371,379,8,450,2
8310,img/img_00051148.jpg,full-body clothes,403,353,365,12,413,10
8311,img/img_00051150.jpg,full-body clothes,240,125,236,111,333,93
8312,img/img_00051151.jpg,full-body clothes,246,126,236,110,323,77
8313,img/img_00051154.jpg,full-body clothes,477,326,326,0,477,0
8314,img/img_00051157.jpg,full-body clothes,350,263,307,44,380,30
8315,img/img_00051158.jpg,full-body clothes,170,174,308,134,282,112
8316,img/img_00051163.jpg,full-body clothes,344,218,218,0,344,0
8317,img/img_00051172.jpg,full-body clothes,244,141,266,125,341,97
8318,img/img_00051178.jpg,full-body clothes,201,166,166,0,201,0
8319,img/img_00051181.jpg,full-body clothes,252,255,255,0,252,0
8320,img/img_00051183.jpg,full-body clothes,300,101,225,124,385,85
8321,img/img_00051185.jpg,full-body clothes,348,228,228,0,348,0
8322,img/img_00051188.jpg,full-body clothes,300,71,238,167,325,25
8323,img/img_00051190.jpg,lower-body clothes,76,294,294,0,76,0
8324,img/img_00051196.jpg,full-body clothes,273,92,272,180,297,24
8325,img/img_00051203.jpg,full-body clothes,111,65,224,159,302,191
8326,img/img_00051210.jpg,full-body clothes,342,254,316,62,493,151
8327,img/img_00051221.jpg,lower-body clothes,371,210,262,52,398,27
8328,img/img_00051226.jpg,lower-body clothes,184,148,227,79,340,156
8329,img/img_00051237.jpg,lower-body clothes,196,149,283,134,462,266
8330,img/img_00051244.jpg,full-body clothes,360,276,397,121,367,7
8331,img/img_00051250.jpg,upper-body clothes,207,183,235,52,387,180
8332,img/img_00051256.jpg,upper-body clothes,224,267,380,113,373,149
8333,img/img_00051262.jpg,full-body clothes,493,248,248,0,493,0
8334,img/img_00051266.jpg,full-body clothes,196,317,317,0,196,0
8335,img/img_00051279.jpg,full-body clothes,221,376,376,0,221,0
8336,img/img_00051280.jpg,full-body clothes,225,223,356,133,432,207
8337,img/img_00051281.jpg,full-body clothes,221,376,376,0,221,0
8338,img/img_00051293.jpg,lower-body clothes,236,391,405,14,237,1
8339,img/img_00051308.jpg,lower-body clothes,402,216,216,0,402,0
8340,img/img_00051318.jpg,full-body clothes,381,367,367,0,381,0
8341,img/img_00051326.jpg,full-body clothes,500,381,381,0,500,0
8342,img/img_00051328.jpg,full-body clothes,509,383,383,0,509,0
8343,img/img_00051338.jpg,full-body clothes,216,116,220,104,319,103
8344,img/img_00051352.jpg,upper-body clothes,27,250,250,0,27,0
8345,img/img_00051355.jpg,full-body clothes,481,274,274,0,481,0
8346,img/img_00051357.jpg,full-body clothes,101,45,151,106,208,107
8347,img/img_00051358.jpg,full-body clothes,111,52,164,112,218,107
8348,img/img_00051368.jpg,full-body clothes,206,103,246,143,302,96
8349,img/img_00051377.jpg,lower-body clothes,26,238,238,0,26,0
8350,img/img_00051385.jpg,upper-body clothes,294,238,295,57,454,160
8351,img/img_00051387.jpg,upper-body clothes,286,181,267,86,418,132
8352,img/img_00051388.jpg,lower-body clothes,150,38,155,117,285,135
8353,img/img_00051400.jpg,lower-body clothes,35,22,258,236,206,171
8354,img/img_00051401.jpg,lower-body clothes,45,40,305,265,190,145
8355,img/img_00051409.jpg,lower-body clothes,113,65,232,167,235,122
8356,img/img_00051416.jpg,full-body clothes,247,129,214,85,412,165
8357,img/img_00051423.jpg,full-body clothes,427,373,373,0,427,0
8358,img/img_00051433.jpg,lower-body clothes,85,330,330,0,85,0
8359,img/img_00051443.jpg,lower-body clothes,319,164,201,37,382,63
8360,img/img_00051449.jpg,upper-body clothes,500,326,326,0,500,0
8361,img/img_00051459.jpg,full-body clothes,322,181,352,171,367,45
8362,img/img_00051462.jpg,lower-body clothes,373,311,311,0,373,0
8363,img/img_00051469.jpg,full-body clothes,356,196,245,49,416,60
8364,img/img_00051473.jpg,full-body clothes,364,194,271,77,487,123
8365,img/img_00051476.jpg,full-body clothes,391,351,351,0,391,0
8366,img/img_00051477.jpg,full-body clothes,231,139,185,46,249,18
8367,img/img_00051491.jpg,full-body clothes,433,274,383,109,476,43
8368,img/img_00051495.jpg,full-body clothes,293,133,263,130,300,7
8369,img/img_00051497.jpg,full-body clothes,203,230,230,0,203,0
8370,img/img_00051498.jpg,full-body clothes,181,95,192,97,357,176
8371,img/img_00051499.jpg,full-body clothes,241,277,277,0,241,0
8372,img/img_00051512.jpg,full-body clothes,367,182,292,110,503,136
8373,img/img_00051517.jpg,lower-body clothes,63,55,188,133,264,201
8374,img/img_00051521.jpg,lower-body clothes,184,263,263,0,184,0
8375,img/img_00051525.jpg,full-body clothes,292,225,290,65,499,207
8376,img/img_00051528.jpg,full-body clothes,272,142,245,103,403,131
8377,img/img_00051529.jpg,full-body clothes,491,210,210,0,491,0
8378,img/img_00051532.jpg,full-body clothes,236,197,218,21,295,59
8379,img/img_00051544.jpg,full-body clothes,352,224,284,60,463,111
8380,img/img_00051548.jpg,full-body clothes,299,308,308,0,299,0
8381,img/img_00051559.jpg,full-body clothes,291,107,239,132,360,69
8382,img/img_00051564.jpg,full-body clothes,511,334,334,0,511,0
8383,img/img_00051568.jpg,full-body clothes,278,159,216,57,367,89
8384,img/img_00051572.jpg,full-body clothes,469,299,349,50,483,14
8385,img/img_00051575.jpg,full-body clothes,178,80,244,164,206,28
8386,img/img_00051579.jpg,full-body clothes,126,58,99,41,416,290
8387,img/img_00051583.jpg,upper-body clothes,409,242,242,0,409,0
8388,img/img_00051593.jpg,upper-body clothes,325,231,364,133,339,14
8389,img/img_00051597.jpg,upper-body clothes,339,242,289,47,344,5
8390,img/img_00051609.jpg,lower-body clothes,342,132,237,105,367,25
8391,img/img_00051614.jpg,upper-body clothes,214,207,229,22,230,16
8392,img/img_00051626.jpg,lower-body clothes,369,242,242,0,369,0
8393,img/img_00051643.jpg,full-body clothes,215,124,236,112,359,144
8394,img/img_00051667.jpg,upper-body clothes,296,210,210,0,296,0
8395,img/img_00051668.jpg,upper-body clothes,203,161,305,144,213,10
8396,img/img_00051674.jpg,full-body clothes,188,149,290,141,223,35
8397,img/img_00051677.jpg,full-body clothes,314,268,268,0,314,0
8398,img/img_00051678.jpg,lower-body clothes,215,113,255,142,240,25
8399,img/img_00051683.jpg,full-body clothes,478,258,276,18,499,21
8400,img/img_00051687.jpg,full-body clothes,498,310,310,0,498,0
8401,img/img_00051689.jpg,full-body clothes,447,259,270,11,478,31
8402,img/img_00051691.jpg,full-body clothes,197,89,228,139,373,176
8403,img/img_00051695.jpg,full-body clothes,276,342,342,0,276,0
8404,img/img_00051699.jpg,lower-body clothes,236,122,199,77,439,203
8405,img/img_00051711.jpg,upper-body clothes,231,159,201,42,364,133
8406,img/img_00051722.jpg,full-body clothes,483,243,312,69,487,4
8407,img/img_00051727.jpg,full-body clothes,114,73,252,179,152,38
8408,img/img_00051729.jpg,full-body clothes,342,186,227,41,363,21
8409,img/img_00051731.jpg,full-body clothes,445,279,279,0,445,0
8410,img/img_00051743.jpg,full-body clothes,365,273,273,0,365,0
8411,img/img_00051748.jpg,full-body clothes,153,74,157,83,297,144
8412,img/img_00051752.jpg,lower-body clothes,317,131,231,100,341,24
8413,img/img_00051755.jpg,full-body clothes,225,172,306,134,361,136
8414,img/img_00051760.jpg,full-body clothes,283,133,224,91,423,140
8415,img/img_00051764.jpg,full-body clothes,345,253,294,41,451,106
8416,img/img_00051785.jpg,full-body clothes,225,71,211,140,401,176
8417,img/img_00051792.jpg,lower-body clothes,138,317,352,35,196,58
8418,img/img_00051793.jpg,full-body clothes,346,282,296,14,483,137
8419,img/img_00051800.jpg,full-body clothes,301,367,367,0,301,0
8420,img/img_00051805.jpg,full-body clothes,247,133,266,133,253,6
8421,img/img_00051806.jpg,full-body clothes,278,143,279,136,383,105
8422,img/img_00051824.jpg,full-body clothes,466,168,261,93,491,25
8423,img/img_00051835.jpg,upper-body clothes,422,371,371,0,422,0
8424,img/img_00051837.jpg,full-body clothes,360,436,453,17,454,94
8425,img/img_00051838.jpg,full-body clothes,407,279,334,55,423,16
8426,img/img_00051840.jpg,full-body clothes,487,367,367,0,487,0
8427,img/img_00051844.jpg,full-body clothes,293,374,374,0,293,0
8428,img/img_00051850.jpg,full-body clothes,361,354,354,0,361,0
8429,img/img_00051855.jpg,full-body clothes,303,167,242,75,341,38
8430,img/img_00051875.jpg,upper-body clothes,252,216,365,149,382,130
8431,img/img_00051885.jpg,full-body clothes,324,239,313,74,489,165
8432,img/img_00051893.jpg,full-body clothes,162,156,252,96,242,80
8433,img/img_00051897.jpg,full-body clothes,232,181,208,27,252,20
8434,img/img_00051900.jpg,full-body clothes,376,317,317,0,376,0
8435,img/img_00051901.jpg,full-body clothes,157,309,309,0,157,0
8436,img/img_00051904.jpg,full-body clothes,240,175,276,101,368,128
8437,img/img_00051911.jpg,full-body clothes,138,79,198,119,331,193
8438,img/img_00051916.jpg,upper-body clothes,377,373,378,5,469,92
8439,img/img_00051949.jpg,full-body clothes,459,316,316,0,459,0
8440,img/img_00051951.jpg,full-body clothes,468,314,314,0,468,0
8441,img/img_00051956.jpg,full-body clothes,199,262,262,0,199,0
8442,img/img_00051957.jpg,full-body clothes,198,106,233,127,306,108
8443,img/img_00051977.jpg,full-body clothes,293,392,462,70,315,22
8444,img/img_00051978.jpg,full-body clothes,439,194,235,41,446,7
8445,img/img_00051980.jpg,lower-body clothes,259,130,244,114,365,106
8446,img/img_00051987.jpg,upper-body clothes,324,322,336,14,334,10
8447,img/img_00051997.jpg,full-body clothes,73,48,260,212,199,126
8448,img/img_00052000.jpg,full-body clothes,257,333,333,0,257,0
8449,img/img_00052014.jpg,full-body clothes,111,73,264,191,285,174
8450,img/img_00052027.jpg,upper-body clothes,276,219,298,79,427,151
8451,img/img_00052028.jpg,upper-body clothes,78,64,224,160,283,205
8452,img/img_00052032.jpg,full-body clothes,219,128,266,138,225,6
8453,img/img_00052033.jpg,full-body clothes,213,149,259,110,227,14
8454,img/img_00052041.jpg,upper-body clothes,180,107,184,77,237,57
8455,img/img_00052043.jpg,lower-body clothes,338,120,229,109,425,87
8456,img/img_00052047.jpg,lower-body clothes,310,98,234,136,410,100
8457,img/img_00052051.jpg,full-body clothes,326,184,263,79,469,143
8458,img/img_00052052.jpg,full-body clothes,358,191,243,52,359,1
8459,img/img_00052055.jpg,upper-body clothes,234,133,145,12,395,161
8460,img/img_00052060.jpg,lower-body clothes,133,109,244,135,294,161
8461,img/img_00052063.jpg,upper-body clothes,365,276,276,0,365,0
8462,img/img_00052065.jpg,upper-body clothes,280,288,288,0,280,0
8463,img/img_00052066.jpg,upper-body clothes,455,370,370,0,455,0
8464,img/img_00052076.jpg,full-body clothes,285,121,204,83,309,24
8465,img/img_00052078.jpg,full-body clothes,310,139,232,93,411,101
8466,img/img_00052093.jpg,full-body clothes,382,239,308,69,476,94
8467,img/img_00052098.jpg,upper-body clothes,443,328,328,0,443,0
8468,img/img_00052112.jpg,full-body clothes,389,219,277,58,396,7
8469,img/img_00052116.jpg,full-body clothes,262,216,282,66,277,15
8470,img/img_00052117.jpg,full-body clothes,356,250,250,0,356,0
8471,img/img_00052120.jpg,full-body clothes,150,88,275,187,273,123
8472,img/img_00052121.jpg,full-body clothes,219,155,305,150,360,141
8473,img/img_00052122.jpg,full-body clothes,175,100,246,146,298,123
8474,img/img_00052123.jpg,full-body clothes,414,249,249,0,414,0
8475,img/img_00052130.jpg,full-body clothes,377,255,331,76,446,69
8476,img/img_00052133.jpg,full-body clothes,429,339,339,0,429,0
8477,img/img_00052135.jpg,upper-body clothes,202,95,231,136,226,24
8478,img/img_00052143.jpg,full-body clothes,356,119,240,121,496,140
8479,img/img_00052154.jpg,full-body clothes,364,270,347,77,492,128
8480,img/img_00052165.jpg,upper-body clothes,402,262,301,39,414,12
8481,img/img_00052168.jpg,lower-body clothes,338,101,223,122,403,65
8482,img/img_00052169.jpg,lower-body clothes,336,109,236,127,414,78
8483,img/img_00052174.jpg,full-body clothes,422,290,387,97,457,35
8484,img/img_00052177.jpg,upper-body clothes,161,120,198,78,247,86
8485,img/img_00052182.jpg,full-body clothes,348,295,295,0,348,0
8486,img/img_00052184.jpg,full-body clothes,272,294,294,0,272,0
8487,img/img_00052194.jpg,full-body clothes,350,181,216,35,354,4
8488,img/img_00052198.jpg,full-body clothes,162,107,234,127,263,101
8489,img/img_00052202.jpg,full-body clothes,198,106,226,120,281,83
8490,img/img_00052206.jpg,full-body clothes,291,212,285,73,403,112
8491,img/img_00052210.jpg,full-body clothes,228,123,184,61,257,29
8492,img/img_00052213.jpg,full-body clothes,427,372,372,0,427,0
8493,img/img_00052218.jpg,full-body clothes,482,329,329,0,482,0
8494,img/img_00052219.jpg,upper-body clothes,223,151,261,110,310,87
8495,img/img_00052226.jpg,lower-body clothes,176,98,221,123,478,302
8496,img/img_00052229.jpg,lower-body clothes,399,237,237,0,399,0
8497,img/img_00052239.jpg,lower-body clothes,170,111,258,147,235,65
8498,img/img_00052240.jpg,lower-body clothes,401,313,313,0,401,0
8499,img/img_00052244.jpg,lower-body clothes,139,96,273,177,226,87
8500,img/img_00052249.jpg,lower-body clothes,211,201,291,90,462,251
8501,img/img_00052253.jpg,upper-body clothes,320,284,321,37,476,156
8502,img/img_00052255.jpg,upper-body clothes,150,150,292,142,189,39
8503,img/img_00052263.jpg,full-body clothes,395,203,271,68,496,101
8504,img/img_00052264.jpg,full-body clothes,219,205,205,0,219,0
8505,img/img_00052267.jpg,full-body clothes,179,100,229,129,313,134
8506,img/img_00052269.jpg,full-body clothes,430,314,367,53,445,15
8507,img/img_00052272.jpg,full-body clothes,169,307,307,0,169,0
8508,img/img_00052275.jpg,lower-body clothes,396,249,265,16,449,53
8509,img/img_00052285.jpg,full-body clothes,450,320,363,43,460,10
8510,img/img_00052287.jpg,full-body clothes,454,283,283,0,454,0
8511,img/img_00052293.jpg,upper-body clothes,216,376,376,0,216,0
8512,img/img_00052296.jpg,full-body clothes,194,271,271,0,194,0
8513,img/img_00052298.jpg,upper-body clothes,317,372,372,0,317,0
8514,img/img_00052311.jpg,full-body clothes,236,298,298,0,236,0
8515,img/img_00052315.jpg,full-body clothes,217,109,233,124,354,137
8516,img/img_00052328.jpg,full-body clothes,398,159,251,92,414,16
8517,img/img_00052330.jpg,full-body clothes,132,61,221,160,273,141
8518,img/img_00052332.jpg,full-body clothes,235,99,214,115,335,100
8519,img/img_00052334.jpg,lower-body clothes,272,405,422,17,291,19
8520,img/img_00052351.jpg,upper-body clothes,453,331,369,38,482,29
8521,img/img_00052367.jpg,full-body clothes,383,288,305,17,494,111
8522,img/img_00052370.jpg,full-body clothes,364,228,271,43,371,7
8523,img/img_00052372.jpg,full-body clothes,189,21,171,150,337,148
8524,img/img_00052381.jpg,full-body clothes,347,240,245,5,380,33
8525,img/img_00052395.jpg,upper-body clothes,256,164,199,35,421,165
8526,img/img_00052400.jpg,full-body clothes,102,59,184,125,248,146
8527,img/img_00052407.jpg,full-body clothes,250,139,254,115,376,126
8528,img/img_00052414.jpg,full-body clothes,94,61,127,66,187,93
8529,img/img_00052419.jpg,full-body clothes,205,123,195,72,224,19
8530,img/img_00052424.jpg,upper-body clothes,176,57,244,187,349,173
8531,img/img_00052425.jpg,upper-body clothes,326,214,278,64,427,101
8532,img/img_00052437.jpg,lower-body clothes,465,329,329,0,465,0
8533,img/img_00052441.jpg,full-body clothes,411,284,284,0,411,0
8534,img/img_00052444.jpg,full-body clothes,409,192,247,55,436,27
8535,img/img_00052448.jpg,full-body clothes,357,278,278,0,357,0
8536,img/img_00052455.jpg,full-body clothes,281,124,234,110,415,134
8537,img/img_00052473.jpg,upper-body clothes,235,155,307,152,343,108
8538,img/img_00052477.jpg,upper-body clothes,157,105,189,84,305,148
8539,img/img_00052478.jpg,upper-body clothes,325,206,256,50,337,12
8540,img/img_00052487.jpg,full-body clothes,172,108,159,51,237,65
8541,img/img_00052489.jpg,full-body clothes,265,205,216,11,363,98
8542,img/img_00052490.jpg,upper-body clothes,184,155,227,72,230,46
8543,img/img_00052494.jpg,upper-body clothes,201,445,445,0,201,0
8544,img/img_00052502.jpg,upper-body clothes,260,296,326,30,294,34
8545,img/img_00052503.jpg,upper-body clothes,191,228,228,0,191,0
8546,img/img_00052511.jpg,full-body clothes,262,170,257,87,419,157
8547,img/img_00052524.jpg,upper-body clothes,369,193,274,81,374,5
8548,img/img_00052529.jpg,upper-body clothes,461,225,235,10,468,7
8549,img/img_00052534.jpg,full-body clothes,376,240,290,50,420,44
8550,img/img_00052540.jpg,full-body clothes,148,46,197,151,440,292
8551,img/img_00052544.jpg,upper-body clothes,254,460,460,0,254,0
8552,img/img_00052545.jpg,lower-body clothes,406,84,244,160,468,62
8553,img/img_00052550.jpg,full-body clothes,233,70,203,133,376,143
8554,img/img_00052565.jpg,full-body clothes,489,334,334,0,489,0
8555,img/img_00052567.jpg,full-body clothes,338,160,276,116,467,129
8556,img/img_00052568.jpg,full-body clothes,311,132,195,63,345,34
8557,img/img_00052574.jpg,upper-body clothes,303,255,299,44,460,157
8558,img/img_00052578.jpg,upper-body clothes,357,293,293,0,357,0
8559,img/img_00052579.jpg,upper-body clothes,321,232,309,77,468,147
8560,img/img_00052582.jpg,upper-body clothes,428,290,335,45,435,7
8561,img/img_00052588.jpg,upper-body clothes,253,196,254,58,439,186
8562,img/img_00052591.jpg,upper-body clothes,375,256,318,62,384,9
8563,img/img_00052609.jpg,full-body clothes,453,317,317,0,453,0
8564,img/img_00052618.jpg,full-body clothes,318,182,252,70,468,150
8565,img/img_00052620.jpg,full-body clothes,350,280,280,0,350,0
8566,img/img_00052628.jpg,full-body clothes,408,348,348,0,408,0
8567,img/img_00052644.jpg,full-body clothes,374,219,277,58,427,53
8568,img/img_00052646.jpg,full-body clothes,430,364,374,10,474,44
8569,img/img_00052647.jpg,full-body clothes,417,340,340,0,417,0
8570,img/img_00052648.jpg,full-body clothes,402,258,356,98,459,57
8571,img/img_00052652.jpg,full-body clothes,408,304,315,11,414,6
8572,img/img_00052654.jpg,full-body clothes,285,278,278,0,285,0
8573,img/img_00052660.jpg,lower-body clothes,78,218,218,0,78,0
8574,img/img_00052663.jpg,lower-body clothes,320,251,255,4,387,67
8575,img/img_00052668.jpg,full-body clothes,351,188,307,119,459,108
8576,img/img_00052669.jpg,full-body clothes,223,116,238,122,380,157
8577,img/img_00052674.jpg,full-body clothes,156,82,226,144,257,101
8578,img/img_00052695.jpg,lower-body clothes,76,271,271,0,76,0
8579,img/img_00052698.jpg,full-body clothes,418,325,325,0,418,0
8580,img/img_00052703.jpg,full-body clothes,417,180,259,79,458,41
8581,img/img_00052710.jpg,full-body clothes,295,135,167,32,399,104
8582,img/img_00052724.jpg,full-body clothes,336,221,258,37,453,117
8583,img/img_00052730.jpg,upper-body clothes,401,289,327,38,414,13
8584,img/img_00052735.jpg,full-body clothes,293,294,294,0,293,0
8585,img/img_00052741.jpg,upper-body clothes,312,290,290,0,312,0
8586,img/img_00052744.jpg,lower-body clothes,500,381,381,0,500,0
8587,img/img_00052784.jpg,full-body clothes,168,140,217,77,247,79
8588,img/img_00052790.jpg,full-body clothes,222,141,266,125,259,37
8589,img/img_00052794.jpg,lower-body clothes,117,282,282,0,117,0
8590,img/img_00052796.jpg,full-body clothes,325,147,239,92,397,72
8591,img/img_00052799.jpg,full-body clothes,209,129,293,164,292,83
8592,img/img_00052804.jpg,full-body clothes,277,172,230,58,410,133
8593,img/img_00052805.jpg,full-body clothes,279,165,225,60,410,131
8594,img/img_00052812.jpg,full-body clothes,168,72,205,133,346,178
8595,img/img_00052834.jpg,lower-body clothes,149,122,232,110,395,246
8596,img/img_00052837.jpg,lower-body clothes,224,113,229,116,462,238
8597,img/img_00052859.jpg,full-body clothes,170,107,177,70,259,89
8598,img/img_00052862.jpg,full-body clothes,373,325,325,0,373,0
8599,img/img_00052863.jpg,full-body clothes,420,290,290,0,420,0
8600,img/img_00052869.jpg,upper-body clothes,442,329,363,34,506,64
8601,img/img_00052871.jpg,full-body clothes,342,165,233,68,473,131
8602,img/img_00052881.jpg,full-body clothes,500,326,326,0,500,0
8603,img/img_00052893.jpg,full-body clothes,340,174,282,108,462,122
8604,img/img_00052899.jpg,full-body clothes,427,288,308,20,491,64
8605,img/img_00052909.jpg,full-body clothes,164,94,217,123,297,133
8606,img/img_00052914.jpg,full-body clothes,364,152,152,0,364,0
8607,img/img_00052918.jpg,full-body clothes,284,148,255,107,381,97
8608,img/img_00052938.jpg,full-body clothes,472,299,299,0,472,0
8609,img/img_00052954.jpg,full-body clothes,359,150,212,62,502,143
8610,img/img_00052956.jpg,full-body clothes,358,330,330,0,358,0
8611,img/img_00052958.jpg,full-body clothes,172,62,239,177,296,124
8612,img/img_00052964.jpg,full-body clothes,498,281,281,0,498,0
8613,img/img_00052968.jpg,full-body clothes,252,88,233,145,388,136
8614,img/img_00052975.jpg,full-body clothes,425,257,344,87,491,66
8615,img/img_00052977.jpg,lower-body clothes,377,495,495,0,377,0
8616,img/img_00052984.jpg,lower-body clothes,47,22,99,77,325,278
8617,img/img_00052987.jpg,lower-body clothes,233,281,407,126,322,89
8618,img/img_00052993.jpg,lower-body clothes,202,214,295,81,269,67
8619,img/img_00052996.jpg,lower-body clothes,312,416,468,52,383,71
8620,img/img_00053009.jpg,full-body clothes,432,323,334,11,478,46
8621,img/img_00053016.jpg,full-body clothes,412,355,397,42,449,37
8622,img/img_00053026.jpg,full-body clothes,120,104,315,211,241,121
8623,img/img_00053027.jpg,full-body clothes,432,312,312,0,432,0
8624,img/img_00053034.jpg,full-body clothes,236,95,230,135,306,70
8625,img/img_00053040.jpg,full-body clothes,293,132,169,37,381,88
8626,img/img_00053043.jpg,full-body clothes,474,285,285,0,474,0
8627,img/img_00053051.jpg,upper-body clothes,486,268,268,0,486,0
8628,img/img_00053061.jpg,full-body clothes,244,115,270,155,487,243
8629,img/img_00053069.jpg,full-body clothes,328,168,268,100,448,120
8630,img/img_00053072.jpg,full-body clothes,126,69,230,161,317,191
8631,img/img_00053077.jpg,full-body clothes,469,296,296,0,469,0
8632,img/img_00053078.jpg,full-body clothes,489,349,349,0,489,0
8633,img/img_00053080.jpg,full-body clothes,209,251,251,0,209,0
8634,img/img_00053082.jpg,full-body clothes,273,271,271,0,273,0
8635,img/img_00053090.jpg,lower-body clothes,234,184,279,95,278,44
8636,img/img_00053091.jpg,lower-body clothes,251,188,280,92,269,18
8637,img/img_00053096.jpg,upper-body clothes,328,278,300,22,347,19
8638,img/img_00053097.jpg,upper-body clothes,304,271,320,49,325,21
8639,img/img_00053103.jpg,full-body clothes,188,245,245,0,188,0
8640,img/img_00053109.jpg,upper-body clothes,327,219,290,71,356,29
8641,img/img_00053123.jpg,upper-body clothes,163,93,215,122,301,138
8642,img/img_00053124.jpg,upper-body clothes,109,68,134,66,217,108
8643,img/img_00053140.jpg,full-body clothes,140,75,255,180,261,121
8644,img/img_00053152.jpg,upper-body clothes,363,265,295,30,386,23
8645,img/img_00053165.jpg,full-body clothes,370,243,277,34,499,129
8646,img/img_00053171.jpg,lower-body clothes,297,168,288,120,411,114
8647,img/img_00053182.jpg,full-body clothes,386,191,203,12,427,41
8648,img/img_00053185.jpg,full-body clothes,151,74,203,129,327,176
8649,img/img_00053186.jpg,full-body clothes,398,242,242,0,398,0
8650,img/img_00053188.jpg,full-body clothes,304,119,225,106,373,69
8651,img/img_00053192.jpg,full-body clothes,307,117,231,114,430,123
8652,img/img_00053207.jpg,lower-body clothes,192,58,207,149,264,72
8653,img/img_00053210.jpg,lower-body clothes,317,119,227,108,330,13
8654,img/img_00053220.jpg,lower-body clothes,104,91,235,144,311,207
8655,img/img_00053234.jpg,full-body clothes,260,180,284,104,360,100
8656,img/img_00053238.jpg,full-body clothes,144,245,245,0,144,0
8657,img/img_00053262.jpg,full-body clothes,429,375,375,0,429,0
8658,img/img_00053265.jpg,full-body clothes,301,228,271,43,425,124
8659,img/img_00053269.jpg,full-body clothes,320,273,340,67,413,93
8660,img/img_00053271.jpg,full-body clothes,186,207,207,0,186,0
8661,img/img_00053273.jpg,full-body clothes,501,327,327,0,501,0
8662,img/img_00053275.jpg,full-body clothes,474,264,264,0,474,0
8663,img/img_00053279.jpg,full-body clothes,350,263,263,0,350,0
8664,img/img_00053281.jpg,full-body clothes,444,461,461,0,444,0
8665,img/img_00053283.jpg,full-body clothes,192,12,174,162,330,138
8666,img/img_00053286.jpg,full-body clothes,239,184,258,74,373,134
8667,img/img_00053295.jpg,full-body clothes,246,202,303,101,363,117
8668,img/img_00053305.jpg,full-body clothes,437,284,360,76,504,67
8669,img/img_00053308.jpg,full-body clothes,213,290,290,0,213,0
8670,img/img_00053315.jpg,full-body clothes,333,226,226,0,333,0
8671,img/img_00053324.jpg,full-body clothes,464,330,330,0,464,0
8672,img/img_00053325.jpg,full-body clothes,119,78,193,115,236,117
8673,img/img_00053326.jpg,full-body clothes,422,287,287,0,422,0
8674,img/img_00053348.jpg,upper-body clothes,208,125,273,148,218,10
8675,img/img_00053351.jpg,upper-body clothes,256,221,257,36,342,86
8676,img/img_00053358.jpg,full-body clothes,226,286,286,0,226,0
8677,img/img_00053367.jpg,full-body clothes,160,94,220,126,347,187
8678,img/img_00053371.jpg,full-body clothes,222,169,289,120,254,32
8679,img/img_00053377.jpg,lower-body clothes,90,258,258,0,90,0
8680,img/img_00053381.jpg,full-body clothes,352,154,233,79,473,121
8681,img/img_00053399.jpg,upper-body clothes,357,284,310,26,452,95
8682,img/img_00053401.jpg,upper-body clothes,199,164,258,94,351,152
8683,img/img_00053405.jpg,upper-body clothes,419,354,367,13,449,30
8684,img/img_00053407.jpg,upper-body clothes,343,280,308,28,468,125
8685,img/img_00053415.jpg,full-body clothes,399,334,348,14,427,28
8686,img/img_00053422.jpg,full-body clothes,458,372,372,0,458,0
8687,img/img_00053425.jpg,lower-body clothes,12,337,337,0,12,0
8688,img/img_00053440.jpg,lower-body clothes,380,127,244,117,407,27
8689,img/img_00053441.jpg,lower-body clothes,447,204,204,0,447,0
8690,img/img_00053452.jpg,full-body clothes,486,276,276,0,486,0
8691,img/img_00053464.jpg,full-body clothes,234,234,284,50,389,155
8692,img/img_00053476.jpg,full-body clothes,303,174,271,97,317,14
8693,img/img_00053484.jpg,full-body clothes,386,280,280,0,386,0
8694,img/img_00053496.jpg,full-body clothes,283,232,284,52,426,143
8695,img/img_00053499.jpg,full-body clothes,349,237,279,42,416,67
8696,img/img_00053500.jpg,full-body clothes,383,310,349,39,471,88
8697,img/img_00053502.jpg,lower-body clothes,179,98,212,114,487,308
8698,img/img_00053503.jpg,lower-body clothes,314,234,234,0,314,0
8699,img/img_00053504.jpg,lower-body clothes,209,158,258,100,351,142
8700,img/img_00053510.jpg,full-body clothes,75,28,197,169,357,282
8701,img/img_00053522.jpg,upper-body clothes,261,303,303,0,261,0
8702,img/img_00053526.jpg,upper-body clothes,415,352,373,21,468,53
8703,img/img_00053528.jpg,upper-body clothes,311,264,333,69,383,72
8704,img/img_00053532.jpg,full-body clothes,349,184,269,85,454,105
8705,img/img_00053539.jpg,full-body clothes,219,108,315,207,225,6
8706,img/img_00053544.jpg,full-body clothes,244,354,354,0,244,0
8707,img/img_00053545.jpg,full-body clothes,409,289,289,0,409,0
8708,img/img_00053552.jpg,full-body clothes,441,255,255,0,441,0
8709,img/img_00053562.jpg,lower-body clothes,383,279,338,59,494,111
8710,img/img_00053563.jpg,lower-body clothes,113,284,284,0,113,0
8711,img/img_00053568.jpg,lower-body clothes,133,251,251,0,133,0
8712,img/img_00053572.jpg,lower-body clothes,206,146,248,102,239,33
8713,img/img_00053578.jpg,full-body clothes,229,183,307,124,321,92
8714,img/img_00053581.jpg,full-body clothes,127,112,282,170,288,161
8715,img/img_00053587.jpg,lower-body clothes,292,150,240,90,358,66
8716,img/img_00053590.jpg,full-body clothes,122,126,247,121,209,87
8717,img/img_00053593.jpg,full-body clothes,103,104,260,156,326,223
8718,img/img_00053602.jpg,full-body clothes,257,232,258,26,347,90
8719,img/img_00053604.jpg,full-body clothes,294,160,209,49,373,79
8720,img/img_00053605.jpg,full-body clothes,317,152,250,98,486,169
8721,img/img_00053610.jpg,full-body clothes,113,68,203,135,215,102
8722,img/img_00053639.jpg,full-body clothes,302,139,249,110,440,138
8723,img/img_00053642.jpg,full-body clothes,278,115,201,86,307,29
8724,img/img_00053654.jpg,full-body clothes,263,95,198,103,367,104
8725,img/img_00053659.jpg,full-body clothes,320,152,217,65,439,119
8726,img/img_00053662.jpg,full-body clothes,358,152,260,108,477,119
8727,img/img_00053663.jpg,full-body clothes,232,12,174,162,482,250
8728,img/img_00053667.jpg,full-body clothes,339,213,286,73,459,120
8729,img/img_00053668.jpg,full-body clothes,185,233,233,0,185,0
8730,img/img_00053672.jpg,full-body clothes,319,195,272,77,341,22
8731,img/img_00053674.jpg,full-body clothes,311,339,339,0,311,0
8732,img/img_00053676.jpg,full-body clothes,358,340,340,0,358,0
8733,img/img_00053690.jpg,full-body clothes,315,160,273,113,327,12
8734,img/img_00053691.jpg,full-body clothes,175,81,175,94,180,5
8735,img/img_00053694.jpg,full-body clothes,359,138,219,81,494,135
8736,img/img_00053696.jpg,full-body clothes,427,309,309,0,427,0
8737,img/img_00053697.jpg,full-body clothes,300,269,281,12,316,16
8738,img/img_00053705.jpg,full-body clothes,227,107,242,135,278,51
8739,img/img_00053706.jpg,full-body clothes,228,136,315,179,484,256
8740,img/img_00053711.jpg,full-body clothes,362,206,279,73,473,111
8741,img/img_00053712.jpg,full-body clothes,456,210,275,65,485,29
8742,img/img_00053719.jpg,full-body clothes,312,287,287,0,312,0
8743,img/img_00053738.jpg,upper-body clothes,116,114,194,80,237,121
8744,img/img_00053740.jpg,upper-body clothes,268,316,325,9,301,33
8745,img/img_00053742.jpg,upper-body clothes,330,273,330,57,343,13
8746,img/img_00053743.jpg,upper-body clothes,176,240,255,15,228,52
8747,img/img_00053744.jpg,upper-body clothes,263,188,193,5,343,80
8748,img/img_00053746.jpg,upper-body clothes,345,324,324,0,345,0
8749,img/img_00053748.jpg,upper-body clothes,207,121,246,125,298,91
8750,img/img_00053754.jpg,upper-body clothes,393,280,280,0,393,0
8751,img/img_00053756.jpg,full-body clothes,292,178,276,98,462,170
8752,img/img_00053763.jpg,full-body clothes,221,131,258,127,315,94
8753,img/img_00053765.jpg,full-body clothes,206,255,255,0,206,0
8754,img/img_00053773.jpg,full-body clothes,457,344,360,16,483,26
8755,img/img_00053779.jpg,full-body clothes,369,192,192,0,369,0
8756,img/img_00053780.jpg,full-body clothes,223,144,187,43,279,56
8757,img/img_00053781.jpg,full-body clothes,249,147,280,133,322,73
8758,img/img_00053793.jpg,lower-body clothes,411,268,268,0,411,0
8759,img/img_00053796.jpg,lower-body clothes,333,140,366,226,464,131
8760,img/img_00053806.jpg,lower-body clothes,401,115,257,142,425,24
8761,img/img_00053824.jpg,lower-body clothes,165,331,331,0,165,0
8762,img/img_00053826.jpg,lower-body clothes,261,187,289,102,440,179
8763,img/img_00053829.jpg,lower-body clothes,375,238,309,71,430,55
8764,img/img_00053836.jpg,lower-body clothes,184,144,231,87,238,54
8765,img/img_00053839.jpg,lower-body clothes,88,284,284,0,88,0
8766,img/img_00053842.jpg,full-body clothes,167,87,264,177,296,129
8767,img/img_00053845.jpg,full-body clothes,173,123,230,107,276,103
8768,img/img_00053850.jpg,full-body clothes,496,295,295,0,496,0
8769,img/img_00053854.jpg,full-body clothes,498,184,280,96,511,13
8770,img/img_00053855.jpg,full-body clothes,316,180,261,81,416,100
8771,img/img_00053857.jpg,full-body clothes,167,106,219,113,339,172
8772,img/img_00053858.jpg,full-body clothes,193,25,142,117,396,203
8773,img/img_00053862.jpg,lower-body clothes,208,282,288,6,436,228
8774,img/img_00053882.jpg,lower-body clothes,213,216,312,96,342,129
8775,img/img_00053885.jpg,upper-body clothes,149,114,242,128,267,118
8776,img/img_00053890.jpg,upper-body clothes,359,239,296,57,376,17
8777,img/img_00053891.jpg,upper-body clothes,386,263,307,44,403,17
8778,img/img_00053899.jpg,upper-body clothes,304,349,349,0,304,0
8779,img/img_00053904.jpg,full-body clothes,497,343,366,23,504,7
8780,img/img_00053916.jpg,full-body clothes,365,190,285,95,473,108
8781,img/img_00053922.jpg,full-body clothes,443,341,373,32,472,29
8782,img/img_00053925.jpg,full-body clothes,253,147,261,114,318,65
8783,img/img_00053933.jpg,lower-body clothes,413,120,236,116,446,33
8784,img/img_00053934.jpg,lower-body clothes,133,314,314,0,133,0
8785,img/img_00053935.jpg,lower-body clothes,421,176,176,0,421,0
8786,img/img_00053936.jpg,lower-body clothes,215,265,265,0,215,0
8787,img/img_00053937.jpg,lower-body clothes,183,255,255,0,183,0
8788,img/img_00053939.jpg,lower-body clothes,385,167,211,44,394,9
8789,img/img_00053950.jpg,full-body clothes,210,98,258,160,297,87
8790,img/img_00053951.jpg,full-body clothes,197,326,326,0,197,0
8791,img/img_00053952.jpg,full-body clothes,495,336,336,0,495,0
8792,img/img_00053953.jpg,full-body clothes,139,105,204,99,273,134
8793,img/img_00053955.jpg,full-body clothes,421,260,299,39,440,19
8794,img/img_00053959.jpg,full-body clothes,194,117,269,152,355,161
8795,img/img_00053978.jpg,full-body clothes,168,105,173,68,225,57
8796,img/img_00053994.jpg,full-body clothes,265,138,182,44,313,48
8797,img/img_00054004.jpg,full-body clothes,225,140,243,103,316,91
8798,img/img_00054006.jpg,full-body clothes,441,276,276,0,441,0
8799,img/img_00054011.jpg,full-body clothes,379,295,317,22,435,56
8800,img/img_00054016.jpg,full-body clothes,318,274,276,2,453,135
8801,img/img_00054021.jpg,full-body clothes,284,141,296,155,324,40
8802,img/img_00054029.jpg,full-body clothes,351,339,355,16,500,149
8803,img/img_00054054.jpg,full-body clothes,495,283,283,0,495,0
8804,img/img_00054084.jpg,full-body clothes,187,44,186,142,190,3
8805,img/img_00054089.jpg,full-body clothes,362,377,377,0,362,0
8806,img/img_00054095.jpg,lower-body clothes,173,172,261,89,244,71
8807,img/img_00054096.jpg,lower-body clothes,158,121,232,111,215,57
8808,img/img_00054098.jpg,lower-body clothes,270,399,417,18,322,52
8809,img/img_00054100.jpg,lower-body clothes,281,241,292,51,368,87
8810,img/img_00054112.jpg,full-body clothes,288,131,284,153,414,126
8811,img/img_00054116.jpg,full-body clothes,247,205,205,0,247,0
8812,img/img_00054117.jpg,full-body clothes,375,200,299,99,497,122
8813,img/img_00054118.jpg,full-body clothes,313,190,277,87,442,129
8814,img/img_00054119.jpg,full-body clothes,472,212,271,59,491,19
8815,img/img_00054120.jpg,full-body clothes,337,181,276,95,347,10
8816,img/img_00054139.jpg,full-body clothes,387,318,318,0,387,0
8817,img/img_00054148.jpg,full-body clothes,412,334,353,19,433,21
8818,img/img_00054157.jpg,full-body clothes,506,366,366,0,506,0
8819,img/img_00054158.jpg,full-body clothes,150,103,284,181,363,213
8820,img/img_00054164.jpg,full-body clothes,238,161,280,119,348,110
8821,img/img_00054166.jpg,full-body clothes,62,28,174,146,129,67
8822,img/img_00054169.jpg,full-body clothes,306,183,272,89,488,182
8823,img/img_00054172.jpg,full-body clothes,471,363,363,0,471,0
8824,img/img_00054175.jpg,full-body clothes,256,277,277,0,256,0
8825,img/img_00054183.jpg,full-body clothes,425,342,352,10,453,28
8826,img/img_00054185.jpg,full-body clothes,298,235,235,0,298,0
8827,img/img_00054186.jpg,full-body clothes,432,276,276,0,432,0
8828,img/img_00054195.jpg,full-body clothes,281,164,251,87,415,134
8829,img/img_00054216.jpg,full-body clothes,274,297,297,0,274,0
8830,img/img_00054218.jpg,full-body clothes,389,324,324,0,389,0
8831,img/img_00054222.jpg,full-body clothes,316,132,243,111,412,96
8832,img/img_00054223.jpg,full-body clothes,483,277,277,0,483,0
8833,img/img_00054225.jpg,full-body clothes,183,114,186,72,271,88
8834,img/img_00054228.jpg,full-body clothes,320,192,269,77,456,136
8835,img/img_00054229.jpg,full-body clothes,354,344,344,0,354,0
8836,img/img_00054231.jpg,full-body clothes,209,110,234,124,331,122
8837,img/img_00054238.jpg,upper-body clothes,242,170,286,116,255,13
8838,img/img_00054249.jpg,full-body clothes,239,97,312,215,250,11
8839,img/img_00054251.jpg,full-body clothes,495,355,355,0,495,0
8840,img/img_00054252.jpg,full-body clothes,480,348,348,0,480,0
8841,img/img_00054263.jpg,full-body clothes,358,266,322,56,445,87
8842,img/img_00054270.jpg,full-body clothes,207,318,349,31,378,171
8843,img/img_00054281.jpg,full-body clothes,239,110,214,104,385,146
8844,img/img_00054282.jpg,full-body clothes,388,278,335,57,407,19
8845,img/img_00054285.jpg,full-body clothes,454,342,342,0,454,0
8846,img/img_00054299.jpg,full-body clothes,386,161,210,49,480,94
8847,img/img_00054300.jpg,full-body clothes,227,119,233,114,322,95
8848,img/img_00054301.jpg,full-body clothes,205,111,204,93,300,95
8849,img/img_00054305.jpg,full-body clothes,89,52,112,60,389,300
8850,img/img_00054310.jpg,full-body clothes,283,167,277,110,325,42
8851,img/img_00054315.jpg,full-body clothes,226,122,188,66,321,95
8852,img/img_00054333.jpg,full-body clothes,361,187,317,130,376,15
8853,img/img_00054339.jpg,full-body clothes,409,189,260,71,486,77
8854,img/img_00054342.jpg,full-body clothes,408,264,264,0,408,0
8855,img/img_00054356.jpg,full-body clothes,450,343,343,0,450,0
8856,img/img_00054357.jpg,full-body clothes,345,418,418,0,345,0
8857,img/img_00054359.jpg,full-body clothes,268,172,232,60,481,213
8858,img/img_00054366.jpg,full-body clothes,487,318,318,0,487,0
8859,img/img_00054367.jpg,full-body clothes,279,208,346,138,299,20
8860,img/img_00054371.jpg,full-body clothes,314,201,237,36,438,124
8861,img/img_00054384.jpg,full-body clothes,353,166,239,73,436,83
8862,img/img_00054390.jpg,full-body clothes,269,270,355,85,427,158
8863,img/img_00054392.jpg,lower-body clothes,342,157,261,104,384,42
8864,img/img_00054394.jpg,full-body clothes,164,85,234,149,322,158
8865,img/img_00054401.jpg,full-body clothes,480,351,377,26,488,8
8866,img/img_00054403.jpg,full-body clothes,278,166,206,40,290,12
8867,img/img_00054413.jpg,upper-body clothes,190,123,251,128,254,64
8868,img/img_00054414.jpg,full-body clothes,289,216,284,68,314,25
8869,img/img_00054422.jpg,upper-body clothes,336,302,302,0,336,0
8870,img/img_00054423.jpg,full-body clothes,333,207,228,21,454,121
8871,img/img_00054424.jpg,full-body clothes,429,242,242,0,429,0
8872,img/img_00054432.jpg,lower-body clothes,296,224,278,54,366,70
8873,img/img_00054433.jpg,full-body clothes,353,261,261,0,353,0
8874,img/img_00054437.jpg,upper-body clothes,313,198,279,81,478,165
8875,img/img_00054447.jpg,full-body clothes,367,341,351,10,500,133
8876,img/img_00054452.jpg,full-body clothes,202,274,274,0,202,0
8877,img/img_00054457.jpg,full-body clothes,411,290,290,0,411,0
8878,img/img_00054463.jpg,full-body clothes,490,381,381,0,490,0
8879,img/img_00054470.jpg,full-body clothes,414,336,336,0,414,0
8880,img/img_00054479.jpg,full-body clothes,180,86,176,90,193,13
8881,img/img_00054492.jpg,full-body clothes,467,265,265,0,467,0
8882,img/img_00054509.jpg,lower-body clothes,65,63,167,104,262,197
8883,img/img_00054516.jpg,lower-body clothes,66,51,180,129,210,144
8884,img/img_00054519.jpg,full-body clothes,389,218,287,69,508,119
8885,img/img_00054527.jpg,full-body clothes,145,55,156,101,270,125
8886,img/img_00054541.jpg,full-body clothes,220,166,271,105,317,97
8887,img/img_00054549.jpg,full-body clothes,465,284,284,0,465,0
8888,img/img_00054553.jpg,full-body clothes,131,70,282,212,182,51
8889,img/img_00054563.jpg,full-body clothes,498,294,294,0,498,0
8890,img/img_00054566.jpg,full-body clothes,251,115,229,114,366,115
8891,img/img_00054567.jpg,full-body clothes,218,153,166,13,428,210
8892,img/img_00054569.jpg,full-body clothes,295,101,221,120,390,95
8893,img/img_00054570.jpg,full-body clothes,335,93,206,113,424,89
8894,img/img_00054579.jpg,full-body clothes,307,167,273,106,430,123
8895,img/img_00054581.jpg,full-body clothes,226,120,267,147,236,10
8896,img/img_00054590.jpg,full-body clothes,322,213,312,99,457,135
8897,img/img_00054602.jpg,upper-body clothes,465,339,339,0,465,0
8898,img/img_00054605.jpg,full-body clothes,290,127,210,83,314,24
8899,img/img_00054606.jpg,full-body clothes,288,135,170,35,300,12
8900,img/img_00054608.jpg,full-body clothes,332,210,290,80,354,22
8901,img/img_00054614.jpg,full-body clothes,148,62,177,115,305,157
8902,img/img_00054616.jpg,full-body clothes,458,308,308,0,458,0
8903,img/img_00054617.jpg,full-body clothes,500,145,283,138,503,3
8904,img/img_00054619.jpg,full-body clothes,285,285,302,17,408,123
8905,img/img_00054620.jpg,full-body clothes,352,271,299,28,387,35
8906,img/img_00054626.jpg,full-body clothes,250,122,250,128,285,35
8907,img/img_00054631.jpg,lower-body clothes,15,255,255,0,15,0
8908,img/img_00054633.jpg,upper-body clothes,291,299,318,19,318,27
8909,img/img_00054646.jpg,lower-body clothes,313,198,240,42,354,41
8910,img/img_00054652.jpg,full-body clothes,373,199,274,75,497,124
8911,img/img_00054657.jpg,full-body clothes,352,191,318,127,374,22
8912,img/img_00054662.jpg,full-body clothes,468,188,296,108,475,7
8913,img/img_00054667.jpg,full-body clothes,362,108,211,103,437,75
8914,img/img_00054670.jpg,full-body clothes,462,213,213,0,462,0
8915,img/img_00054690.jpg,upper-body clothes,229,143,191,48,372,143
8916,img/img_00054712.jpg,full-body clothes,319,259,306,47,351,32
8917,img/img_00054717.jpg,full-body clothes,294,322,322,0,294,0
8918,img/img_00054718.jpg,full-body clothes,91,58,186,128,217,126
8919,img/img_00054723.jpg,full-body clothes,217,131,213,82,298,81
8920,img/img_00054727.jpg,upper-body clothes,305,261,344,83,395,90
8921,img/img_00054740.jpg,full-body clothes,426,259,288,29,462,36
8922,img/img_00054747.jpg,full-body clothes,333,152,213,61,457,124
8923,img/img_00054750.jpg,full-body clothes,268,141,216,75,289,21
8924,img/img_00054771.jpg,full-body clothes,318,366,366,0,318,0
8925,img/img_00054774.jpg,full-body clothes,270,409,409,0,270,0
8926,img/img_00054786.jpg,upper-body clothes,371,226,345,119,377,6
8927,img/img_00054787.jpg,upper-body clothes,315,170,281,111,324,9
8928,img/img_00054788.jpg,upper-body clothes,221,306,306,0,221,0
8929,img/img_00054791.jpg,full-body clothes,445,348,348,0,445,0
8930,img/img_00054792.jpg,full-body clothes,444,316,371,55,486,42
8931,img/img_00054794.jpg,full-body clothes,488,321,321,0,488,0
8932,img/img_00054800.jpg,full-body clothes,318,152,247,95,475,157
8933,img/img_00054804.jpg,full-body clothes,219,115,196,81,354,135
8934,img/img_00054807.jpg,full-body clothes,277,305,305,0,277,0
8935,img/img_00054814.jpg,upper-body clothes,215,239,272,33,223,8
8936,img/img_00054817.jpg,full-body clothes,407,303,336,33,489,82
8937,img/img_00054819.jpg,full-body clothes,471,275,337,62,476,5
8938,img/img_00054823.jpg,full-body clothes,464,290,290,0,464,0
8939,img/img_00054828.jpg,full-body clothes,326,122,227,105,463,137
8940,img/img_00054832.jpg,lower-body clothes,204,185,271,86,213,9
8941,img/img_00054849.jpg,lower-body clothes,67,320,320,0,67,0
8942,img/img_00054853.jpg,lower-body clothes,277,364,372,8,392,115
8943,img/img_00054855.jpg,lower-body clothes,242,191,281,90,244,2
8944,img/img_00054856.jpg,lower-body clothes,241,175,258,83,299,58
8945,img/img_00054887.jpg,full-body clothes,339,120,234,114,385,46
8946,img/img_00054888.jpg,full-body clothes,332,120,240,120,357,25
8947,img/img_00054896.jpg,lower-body clothes,145,91,239,148,331,186
8948,img/img_00054910.jpg,full-body clothes,319,185,228,43,421,102
8949,img/img_00054930.jpg,full-body clothes,415,222,284,62,431,16
8950,img/img_00054933.jpg,full-body clothes,322,313,313,0,322,0
8951,img/img_00054934.jpg,full-body clothes,263,178,347,169,468,205
8952,img/img_00054937.jpg,full-body clothes,334,197,289,92,340,6
8953,img/img_00054940.jpg,full-body clothes,241,157,270,113,284,43
8954,img/img_00054948.jpg,lower-body clothes,411,153,245,92,450,39
8955,img/img_00054960.jpg,full-body clothes,268,17,154,137,353,85
8956,img/img_00054972.jpg,full-body clothes,408,371,379,8,476,68
8957,img/img_00054973.jpg,full-body clothes,150,140,302,162,308,158
8958,img/img_00054976.jpg,full-body clothes,118,66,225,159,214,96
8959,img/img_00054977.jpg,full-body clothes,393,330,355,25,445,52
8960,img/img_00054981.jpg,full-body clothes,372,378,378,0,372,0
8961,img/img_00054982.jpg,full-body clothes,270,100,267,167,299,29
8962,img/img_00055006.jpg,full-body clothes,198,155,218,63,269,71
8963,img/img_00055008.jpg,full-body clothes,360,380,380,0,360,0
8964,img/img_00055023.jpg,full-body clothes,253,166,288,122,435,182
8965,img/img_00055028.jpg,full-body clothes,345,171,343,172,415,70
8966,img/img_00055048.jpg,full-body clothes,149,108,289,181,278,129
8967,img/img_00055050.jpg,full-body clothes,170,110,289,179,379,209
8968,img/img_00055053.jpg,full-body clothes,367,281,281,0,367,0
8969,img/img_00055055.jpg,full-body clothes,401,111,253,142,430,29
8970,img/img_00055068.jpg,full-body clothes,330,108,231,123,343,13
8971,img/img_00055089.jpg,full-body clothes,196,109,191,82,273,77
8972,img/img_00055091.jpg,full-body clothes,282,129,249,120,388,106
8973,img/img_00055093.jpg,upper-body clothes,156,315,315,0,156,0
8974,img/img_00055098.jpg,full-body clothes,490,237,315,78,499,9
8975,img/img_00055099.jpg,full-body clothes,472,189,291,102,506,34
8976,img/img_00055100.jpg,full-body clothes,259,109,268,159,276,17
8977,img/img_00055101.jpg,full-body clothes,435,344,344,0,435,0
8978,img/img_00055106.jpg,full-body clothes,280,125,259,134,411,131
8979,img/img_00055109.jpg,full-body clothes,360,297,303,6,399,39
8980,img/img_00055112.jpg,full-body clothes,470,270,282,12,476,6
8981,img/img_00055138.jpg,lower-body clothes,114,97,230,133,322,208
8982,img/img_00055140.jpg,full-body clothes,352,218,291,73,481,129
8983,img/img_00055152.jpg,full-body clothes,370,323,347,24,374,4
8984,img/img_00055168.jpg,full-body clothes,237,122,203,81,328,91
8985,img/img_00055169.jpg,full-body clothes,312,168,251,83,317,5
8986,img/img_00055176.jpg,full-body clothes,433,215,306,91,469,36
8987,img/img_00055182.jpg,full-body clothes,288,149,254,105,304,16
8988,img/img_00055188.jpg,full-body clothes,266,249,351,102,329,63
8989,img/img_00055189.jpg,full-body clothes,214,46,157,111,364,150
8990,img/img_00055190.jpg,full-body clothes,439,207,299,92,450,11
8991,img/img_00055196.jpg,full-body clothes,475,161,227,66,488,13
8992,img/img_00055199.jpg,full-body clothes,387,271,271,0,387,0
8993,img/img_00055201.jpg,full-body clothes,209,222,266,44,311,102
8994,img/img_00055205.jpg,full-body clothes,434,239,342,103,490,56
8995,img/img_00055207.jpg,full-body clothes,483,205,257,52,489,6
8996,img/img_00055225.jpg,full-body clothes,312,253,253,0,312,0
8997,img/img_00055229.jpg,lower-body clothes,209,156,235,79,266,57
8998,img/img_00055232.jpg,full-body clothes,485,294,294,0,485,0
8999,img/img_00055238.jpg,full-body clothes,204,79,236,157,388,184
9000,img/img_00055241.jpg,full-body clothes,169,96,280,184,378,209
9001,img/img_00055242.jpg,full-body clothes,215,334,334,0,215,0
9002,img/img_00055245.jpg,lower-body clothes,379,131,243,112,435,56
9003,img/img_00055247.jpg,full-body clothes,385,288,336,48,421,36
9004,img/img_00055254.jpg,full-body clothes,288,184,262,78,451,163
9005,img/img_00055255.jpg,full-body clothes,287,158,246,88,298,11
9006,img/img_00055257.jpg,upper-body clothes,382,252,297,45,441,59
9007,img/img_00055264.jpg,lower-body clothes,482,344,344,0,482,0
9008,img/img_00055269.jpg,full-body clothes,357,203,286,83,473,116
9009,img/img_00055275.jpg,full-body clothes,251,351,351,0,251,0
9010,img/img_00055281.jpg,upper-body clothes,337,217,279,62,349,12
9011,img/img_00055288.jpg,full-body clothes,266,101,211,110,384,118
9012,img/img_00055290.jpg,full-body clothes,240,141,258,117,360,120
9013,img/img_00055299.jpg,full-body clothes,231,198,353,155,431,200
9014,img/img_00055304.jpg,full-body clothes,290,106,210,104,398,108
9015,img/img_00055306.jpg,full-body clothes,142,92,230,138,324,182
9016,img/img_00055316.jpg,lower-body clothes,150,82,189,107,304,154
9017,img/img_00055330.jpg,upper-body clothes,165,118,262,144,230,65
9018,img/img_00055334.jpg,upper-body clothes,299,213,331,118,332,33
9019,img/img_00055340.jpg,full-body clothes,347,278,278,0,347,0
9020,img/img_00055345.jpg,upper-body clothes,430,360,370,10,482,52
9021,img/img_00055348.jpg,upper-body clothes,339,229,289,60,349,10
9022,img/img_00055352.jpg,upper-body clothes,346,330,354,24,433,87
9023,img/img_00055353.jpg,full-body clothes,290,15,183,168,399,109
9024,img/img_00055357.jpg,full-body clothes,500,308,308,0,500,0
9025,img/img_00055374.jpg,full-body clothes,476,206,312,106,486,10
9026,img/img_00055381.jpg,full-body clothes,309,121,231,110,416,107
9027,img/img_00055394.jpg,lower-body clothes,388,162,211,49,468,80
9028,img/img_00055397.jpg,full-body clothes,334,159,251,92,363,29
9029,img/img_00055408.jpg,full-body clothes,193,129,240,111,303,110
9030,img/img_00055409.jpg,full-body clothes,233,135,201,66,367,134
9031,img/img_00055415.jpg,full-body clothes,451,322,322,0,451,0
9032,img/img_00055425.jpg,full-body clothes,443,249,249,0,443,0
9033,img/img_00055441.jpg,full-body clothes,467,265,338,73,471,4
9034,img/img_00055476.jpg,full-body clothes,326,215,290,75,464,138
9035,img/img_00055492.jpg,full-body clothes,286,373,373,0,286,0
9036,img/img_00055496.jpg,full-body clothes,147,134,244,110,289,142
9037,img/img_00055498.jpg,full-body clothes,321,231,267,36,475,154
9038,img/img_00055499.jpg,full-body clothes,449,290,290,0,449,0
9039,img/img_00055501.jpg,full-body clothes,289,222,242,20,329,40
9040,img/img_00055525.jpg,full-body clothes,222,108,253,145,322,100
9041,img/img_00055541.jpg,full-body clothes,251,163,216,53,278,27
9042,img/img_00055554.jpg,full-body clothes,422,243,306,63,488,66
9043,img/img_00055556.jpg,full-body clothes,344,282,299,17,448,104
9044,img/img_00055564.jpg,full-body clothes,251,166,233,67,364,113
9045,img/img_00055567.jpg,upper-body clothes,382,279,309,30,401,19
9046,img/img_00055569.jpg,lower-body clothes,235,277,317,40,287,52
9047,img/img_00055578.jpg,full-body clothes,185,133,331,198,281,96
9048,img/img_00055589.jpg,full-body clothes,364,349,349,0,364,0
9049,img/img_00055593.jpg,lower-body clothes,219,218,329,111,274,55
9050,img/img_00055597.jpg,full-body clothes,490,285,285,0,490,0
9051,img/img_00055611.jpg,full-body clothes,293,238,296,58,333,40
9052,img/img_00055622.jpg,full-body clothes,269,164,256,92,362,93
9053,img/img_00055627.jpg,full-body clothes,489,267,284,17,496,7
9054,img/img_00055639.jpg,full-body clothes,395,204,326,122,461,66
9055,img/img_00055645.jpg,upper-body clothes,207,310,310,0,207,0
9056,img/img_00055655.jpg,full-body clothes,342,219,219,0,342,0
9057,img/img_00055658.jpg,full-body clothes,140,96,205,109,260,120
9058,img/img_00055660.jpg,full-body clothes,239,125,294,169,376,137
9059,img/img_00055661.jpg,full-body clothes,508,358,358,0,508,0
9060,img/img_00055665.jpg,full-body clothes,146,89,205,116,224,78
9061,img/img_00055673.jpg,full-body clothes,489,179,179,0,489,0
9062,img/img_00055676.jpg,full-body clothes,406,306,320,14,422,16
9063,img/img_00055682.jpg,full-body clothes,195,122,205,83,258,63
9064,img/img_00055689.jpg,lower-body clothes,283,132,246,114,324,41
9065,img/img_00055694.jpg,full-body clothes,505,280,280,0,505,0
9066,img/img_00055697.jpg,full-body clothes,287,199,318,119,427,140
9067,img/img_00055708.jpg,full-body clothes,178,90,264,174,368,190
9068,img/img_00055715.jpg,full-body clothes,235,93,224,131,434,199
9069,img/img_00055718.jpg,full-body clothes,225,68,191,123,244,19
9070,img/img_00055719.jpg,full-body clothes,441,303,303,0,441,0
9071,img/img_00055728.jpg,lower-body clothes,238,92,212,120,269,31
9072,img/img_00055745.jpg,full-body clothes,289,173,312,139,322,33
9073,img/img_00055759.jpg,lower-body clothes,486,235,296,61,498,12
9074,img/img_00055764.jpg,lower-body clothes,475,348,359,11,480,5
9075,img/img_00055766.jpg,lower-body clothes,20,232,232,0,20,0
9076,img/img_00055769.jpg,full-body clothes,471,275,275,0,471,0
9077,img/img_00055771.jpg,full-body clothes,302,105,230,125,420,118
9078,img/img_00055774.jpg,full-body clothes,313,144,228,84,435,122
9079,img/img_00055787.jpg,full-body clothes,129,56,193,137,371,242
9080,img/img_00055793.jpg,full-body clothes,385,202,278,76,430,45
9081,img/img_00055796.jpg,upper-body clothes,131,97,221,124,281,150
9082,img/img_00055804.jpg,lower-body clothes,483,269,269,0,483,0
9083,img/img_00055805.jpg,lower-body clothes,179,181,336,155,308,129
9084,img/img_00055807.jpg,full-body clothes,290,158,253,95,458,168
9085,img/img_00055816.jpg,full-body clothes,311,155,244,89,329,18
9086,img/img_00055817.jpg,full-body clothes,353,160,228,68,404,51
9087,img/img_00055818.jpg,full-body clothes,207,105,307,202,303,96
9088,img/img_00055825.jpg,full-body clothes,365,234,234,0,365,0
9089,img/img_00055828.jpg,full-body clothes,342,507,507,0,342,0
9090,img/img_00055829.jpg,full-body clothes,398,294,328,34,433,35
9091,img/img_00055834.jpg,full-body clothes,225,113,199,86,244,19
9092,img/img_00055836.jpg,full-body clothes,416,317,317,0,416,0
9093,img/img_00055838.jpg,full-body clothes,369,270,285,15,394,25
9094,img/img_00055844.jpg,full-body clothes,429,299,299,0,429,0
9095,img/img_00055845.jpg,full-body clothes,125,55,220,165,141,16
9096,img/img_00055848.jpg,full-body clothes,237,115,270,155,261,24
9097,img/img_00055871.jpg,full-body clothes,393,215,283,68,459,66
9098,img/img_00055873.jpg,full-body clothes,174,104,332,228,404,230
9099,img/img_00055883.jpg,lower-body clothes,319,264,312,48,396,77
9100,img/img_00055898.jpg,lower-body clothes,429,347,347,0,429,0
9101,img/img_00055899.jpg,lower-body clothes,175,49,192,143,296,121
9102,img/img_00055903.jpg,full-body clothes,276,224,303,79,305,29
9103,img/img_00055906.jpg,full-body clothes,255,30,198,168,374,119
9104,img/img_00055907.jpg,full-body clothes,197,148,240,92,311,114
9105,img/img_00055910.jpg,full-body clothes,354,175,175,0,354,0
9106,img/img_00055923.jpg,full-body clothes,317,136,136,0,317,0
9107,img/img_00055926.jpg,full-body clothes,146,35,97,62,197,51
9108,img/img_00055929.jpg,full-body clothes,113,81,188,107,181,68
9109,img/img_00055935.jpg,full-body clothes,462,230,230,0,462,0
9110,img/img_00055936.jpg,full-body clothes,199,160,224,64,296,97
9111,img/img_00055938.jpg,full-body clothes,391,232,299,67,401,10
9112,img/img_00055939.jpg,full-body clothes,442,360,360,0,442,0
9113,img/img_00055946.jpg,full-body clothes,297,172,268,96,425,128
9114,img/img_00055949.jpg,full-body clothes,214,125,280,155,308,94
9115,img/img_00055953.jpg,full-body clothes,443,335,335,0,443,0
9116,img/img_00055966.jpg,full-body clothes,336,159,242,83,353,17
9117,img/img_00055968.jpg,full-body clothes,505,384,384,0,505,0
9118,img/img_00055978.jpg,full-body clothes,500,351,351,0,500,0
9119,img/img_00055982.jpg,full-body clothes,456,254,345,91,481,25
9120,img/img_00055985.jpg,full-body clothes,201,137,188,51,304,103
9121,img/img_00055987.jpg,full-body clothes,491,273,273,0,491,0
9122,img/img_00055992.jpg,full-body clothes,468,209,245,36,503,35
9123,img/img_00055994.jpg,full-body clothes,458,329,329,0,458,0
9124,img/img_00056001.jpg,full-body clothes,483,271,271,0,483,0
9125,img/img_00056004.jpg,full-body clothes,235,264,264,0,235,0
9126,img/img_00056015.jpg,full-body clothes,450,323,323,0,450,0
9127,img/img_00056022.jpg,full-body clothes,372,122,250,128,450,78
9128,img/img_00056024.jpg,full-body clothes,499,41,182,141,503,4
9129,img/img_00056026.jpg,full-body clothes,390,237,328,91,392,2
9130,img/img_00056028.jpg,full-body clothes,265,101,166,65,396,131
9131,img/img_00056039.jpg,upper-body clothes,444,278,278,0,444,0
9132,img/img_00056040.jpg,upper-body clothes,216,222,222,0,216,0
9133,img/img_00056048.jpg,upper-body clothes,449,335,346,11,504,55
9134,img/img_00056049.jpg,upper-body clothes,411,246,330,84,426,15
9135,img/img_00056055.jpg,upper-body clothes,474,216,216,0,474,0
9136,img/img_00056056.jpg,upper-body clothes,407,354,373,19,429,22
9137,img/img_00056060.jpg,upper-body clothes,100,278,278,0,100,0
9138,img/img_00056062.jpg,upper-body clothes,50,188,188,0,50,0
9139,img/img_00056066.jpg,full-body clothes,313,186,292,106,452,139
9140,img/img_00056067.jpg,full-body clothes,164,68,230,162,236,72
9141,img/img_00056083.jpg,full-body clothes,468,346,355,9,491,23
9142,img/img_00056091.jpg,full-body clothes,402,250,250,0,402,0
9143,img/img_00056096.jpg,upper-body clothes,327,181,280,99,479,152
9144,img/img_00056097.jpg,upper-body clothes,383,199,199,0,383,0
9145,img/img_00056100.jpg,full-body clothes,361,192,321,129,506,145
9146,img/img_00056102.jpg,full-body clothes,279,106,231,125,372,93
9147,img/img_00056104.jpg,full-body clothes,403,168,277,109,431,28
9148,img/img_00056111.jpg,full-body clothes,458,192,236,44,462,4
9149,img/img_00056115.jpg,full-body clothes,498,256,322,66,504,6
9150,img/img_00056117.jpg,full-body clothes,500,258,268,10,510,10
9151,img/img_00056127.jpg,full-body clothes,284,108,238,130,374,90
9152,img/img_00056131.jpg,full-body clothes,332,116,249,133,422,90
9153,img/img_00056144.jpg,upper-body clothes,350,220,223,3,395,45
9154,img/img_00056147.jpg,upper-body clothes,411,304,342,38,451,40
9155,img/img_00056148.jpg,upper-body clothes,495,374,374,0,495,0
9156,img/img_00056156.jpg,full-body clothes,173,271,271,0,173,0
9157,img/img_00056163.jpg,full-body clothes,252,120,219,99,375,123
9158,img/img_00056164.jpg,full-body clothes,332,146,246,100,467,135
9159,img/img_00056172.jpg,full-body clothes,242,108,186,78,403,161
9160,img/img_00056176.jpg,full-body clothes,353,205,379,174,501,148
9161,img/img_00056177.jpg,full-body clothes,324,230,230,0,324,0
9162,img/img_00056187.jpg,full-body clothes,203,62,247,185,237,34
9163,img/img_00056188.jpg,full-body clothes,203,287,287,0,203,0
9164,img/img_00056189.jpg,full-body clothes,175,304,304,0,175,0
9165,img/img_00056197.jpg,full-body clothes,275,145,275,130,438,163
9166,img/img_00056200.jpg,full-body clothes,442,251,318,67,475,33
9167,img/img_00056206.jpg,full-body clothes,159,117,282,165,282,123
9168,img/img_00056218.jpg,full-body clothes,307,248,297,49,419,112
9169,img/img_00056223.jpg,full-body clothes,436,307,307,0,436,0
9170,img/img_00056229.jpg,upper-body clothes,279,185,274,89,293,14
9171,img/img_00056249.jpg,full-body clothes,272,159,266,107,307,35
9172,img/img_00056280.jpg,full-body clothes,231,120,215,95,328,97
9173,img/img_00056294.jpg,full-body clothes,153,105,149,44,203,50
9174,img/img_00056332.jpg,full-body clothes,400,200,265,65,483,83
9175,img/img_00056336.jpg,full-body clothes,481,144,280,136,487,6
9176,img/img_00056338.jpg,upper-body clothes,311,195,257,62,477,166
9177,img/img_00056340.jpg,full-body clothes,302,229,241,12,482,180
9178,img/img_00056352.jpg,upper-body clothes,195,98,257,159,364,169
9179,img/img_00056354.jpg,lower-body clothes,344,107,217,110,454,110
9180,img/img_00056357.jpg,lower-body clothes,329,43,208,165,457,128
9181,img/img_00056366.jpg,full-body clothes,437,259,298,39,488,51
9182,img/img_00056382.jpg,full-body clothes,331,209,209,0,331,0
9183,img/img_00056386.jpg,full-body clothes,346,161,260,99,453,107
9184,img/img_00056393.jpg,full-body clothes,357,155,216,61,370,13
9185,img/img_00056401.jpg,full-body clothes,475,276,276,0,475,0
9186,img/img_00056404.jpg,full-body clothes,281,328,328,0,281,0
9187,img/img_00056409.jpg,full-body clothes,417,319,319,0,417,0
9188,img/img_00056414.jpg,upper-body clothes,238,121,272,151,294,56
9189,img/img_00056418.jpg,lower-body clothes,390,376,376,0,390,0
9190,img/img_00056420.jpg,lower-body clothes,350,351,378,27,436,86
9191,img/img_00056438.jpg,full-body clothes,308,185,222,37,464,156
9192,img/img_00056441.jpg,full-body clothes,399,303,303,0,399,0
9193,img/img_00056451.jpg,full-body clothes,266,323,323,0,266,0
9194,img/img_00056454.jpg,full-body clothes,249,125,217,92,349,100
9195,img/img_00056478.jpg,full-body clothes,505,355,355,0,505,0
9196,img/img_00056479.jpg,full-body clothes,323,373,373,0,323,0
9197,img/img_00056497.jpg,full-body clothes,198,98,222,124,321,123
9198,img/img_00056499.jpg,full-body clothes,271,14,14,0,271,0
9199,img/img_00056509.jpg,full-body clothes,352,219,295,76,392,40
9200,img/img_00056522.jpg,full-body clothes,151,83,204,121,280,129
9201,img/img_00056530.jpg,full-body clothes,270,145,219,74,396,126
9202,img/img_00056532.jpg,full-body clothes,481,277,277,0,481,0
9203,img/img_00056540.jpg,full-body clothes,182,78,197,119,279,97
9204,img/img_00056548.jpg,full-body clothes,160,93,267,174,242,82
9205,img/img_00056554.jpg,full-body clothes,342,337,353,16,477,135
9206,img/img_00056555.jpg,full-body clothes,252,349,349,0,252,0
9207,img/img_00056560.jpg,full-body clothes,192,94,213,119,279,87
9208,img/img_00056562.jpg,full-body clothes,202,113,217,104,346,144
9209,img/img_00056564.jpg,lower-body clothes,225,200,289,89,237,12
9210,img/img_00056566.jpg,upper-body clothes,348,235,290,55,364,16
9211,img/img_00056569.jpg,full-body clothes,283,157,249,92,395,112
9212,img/img_00056572.jpg,full-body clothes,427,214,263,49,471,44
9213,img/img_00056573.jpg,full-body clothes,294,136,305,169,368,74
9214,img/img_00056574.jpg,upper-body clothes,295,215,282,67,468,173
9215,img/img_00056575.jpg,lower-body clothes,368,131,242,111,433,65
9216,img/img_00056586.jpg,full-body clothes,320,351,351,0,320,0
9217,img/img_00056587.jpg,full-body clothes,372,317,317,0,372,0
9218,img/img_00056589.jpg,full-body clothes,317,379,381,2,340,23
9219,img/img_00056592.jpg,upper-body clothes,294,227,289,62,429,135
9220,img/img_00056596.jpg,full-body clothes,322,175,236,61,454,132
9221,img/img_00056597.jpg,full-body clothes,221,130,166,36,285,64
9222,img/img_00056599.jpg,full-body clothes,370,312,312,0,370,0
9223,img/img_00056627.jpg,full-body clothes,202,100,196,96,289,87
9224,img/img_00056629.jpg,full-body clothes,333,157,260,103,473,140
9225,img/img_00056635.jpg,full-body clothes,329,340,340,0,329,0
9226,img/img_00056647.jpg,full-body clothes,116,65,240,175,306,190
9227,img/img_00056662.jpg,upper-body clothes,331,284,284,0,331,0
9228,img/img_00056671.jpg,full-body clothes,208,265,265,0,208,0
9229,img/img_00056677.jpg,lower-body clothes,312,377,377,0,312,0
9230,img/img_00056698.jpg,upper-body clothes,285,202,306,104,357,72
9231,img/img_00056703.jpg,upper-body clothes,322,197,272,75,330,8
9232,img/img_00056708.jpg,upper-body clothes,164,364,364,0,164,0
9233,img/img_00056717.jpg,full-body clothes,224,174,270,96,431,207
9234,img/img_00056720.jpg,upper-body clothes,14,247,247,0,14,0
9235,img/img_00056729.jpg,full-body clothes,390,84,239,155,473,83
9236,img/img_00056747.jpg,full-body clothes,276,296,296,0,276,0
9237,img/img_00056751.jpg,full-body clothes,387,300,369,69,419,32
9238,img/img_00056765.jpg,upper-body clothes,470,308,359,51,496,26
9239,img/img_00056772.jpg,full-body clothes,290,199,288,89,423,133
9240,img/img_00056775.jpg,full-body clothes,313,288,326,38,344,31
9241,img/img_00056779.jpg,full-body clothes,303,267,267,0,303,0
9242,img/img_00056780.jpg,full-body clothes,454,367,367,0,454,0
9243,img/img_00056782.jpg,full-body clothes,370,224,224,0,370,0
9244,img/img_00056785.jpg,full-body clothes,321,217,260,43,448,127
9245,img/img_00056787.jpg,full-body clothes,465,236,306,70,481,16
9246,img/img_00056788.jpg,full-body clothes,436,221,299,78,446,10
9247,img/img_00056790.jpg,upper-body clothes,98,449,449,0,98,0
9248,img/img_00056792.jpg,upper-body clothes,263,254,272,18,403,140
9249,img/img_00056806.jpg,upper-body clothes,102,77,121,44,341,239
9250,img/img_00056807.jpg,upper-body clothes,364,299,425,126,381,17
9251,img/img_00056809.jpg,upper-body clothes,111,46,195,149,258,147
9252,img/img_00056811.jpg,upper-body clothes,394,268,268,0,394,0
9253,img/img_00056812.jpg,upper-body clothes,121,369,369,0,121,0
9254,img/img_00056813.jpg,upper-body clothes,188,147,260,113,396,208
9255,img/img_00056833.jpg,full-body clothes,305,203,266,63,321,16
9256,img/img_00056844.jpg,lower-body clothes,74,130,194,64,359,285
9257,img/img_00056856.jpg,full-body clothes,399,275,275,0,399,0
9258,img/img_00056869.jpg,upper-body clothes,228,163,263,100,420,192
9259,img/img_00056895.jpg,lower-body clothes,88,70,283,213,357,269
9260,img/img_00056901.jpg,lower-body clothes,128,109,200,91,380,252
9261,img/img_00056908.jpg,lower-body clothes,101,80,256,176,238,137
9262,img/img_00056913.jpg,lower-body clothes,289,248,359,111,321,32
9263,img/img_00056920.jpg,lower-body clothes,120,240,240,0,120,0
9264,img/img_00056934.jpg,full-body clothes,385,150,238,88,417,32
9265,img/img_00056951.jpg,lower-body clothes,250,150,250,100,281,31
9266,img/img_00056965.jpg,upper-body clothes,210,222,253,31,220,10
9267,img/img_00056971.jpg,full-body clothes,380,296,296,0,380,0
9268,img/img_00056974.jpg,full-body clothes,298,229,229,0,298,0
9269,img/img_00056975.jpg,full-body clothes,165,356,356,0,165,0
9270,img/img_00056989.jpg,upper-body clothes,466,280,316,36,481,15
9271,img/img_00056993.jpg,full-body clothes,210,263,263,0,210,0
9272,img/img_00056994.jpg,full-body clothes,248,83,245,162,319,71
9273,img/img_00057001.jpg,full-body clothes,291,144,244,100,434,143
9274,img/img_00057005.jpg,full-body clothes,223,150,279,129,412,189
9275,img/img_00057013.jpg,full-body clothes,433,360,360,0,433,0
9276,img/img_00057019.jpg,upper-body clothes,137,61,238,177,149,12
9277,img/img_00057041.jpg,lower-body clothes,224,131,244,113,459,235
9278,img/img_00057042.jpg,upper-body clothes,402,223,279,56,418,16
9279,img/img_00057043.jpg,upper-body clothes,421,223,287,64,434,13
9280,img/img_00057054.jpg,full-body clothes,339,284,284,0,339,0
9281,img/img_00057056.jpg,full-body clothes,199,108,171,63,266,67
9282,img/img_00057062.jpg,upper-body clothes,143,102,201,99,213,70
9283,img/img_00057064.jpg,upper-body clothes,278,272,283,11,375,97
9284,img/img_00057065.jpg,upper-body clothes,114,85,259,174,261,147
9285,img/img_00057066.jpg,upper-body clothes,298,287,292,5,350,52
9286,img/img_00057070.jpg,upper-body clothes,365,299,319,20,452,87
9287,img/img_00057074.jpg,upper-body clothes,224,248,248,0,224,0
9288,img/img_00057083.jpg,upper-body clothes,226,186,186,0,226,0
9289,img/img_00057089.jpg,upper-body clothes,259,229,270,41,395,136
9290,img/img_00057091.jpg,upper-body clothes,340,202,276,74,454,114
9291,img/img_00057092.jpg,full-body clothes,313,178,220,42,465,152
9292,img/img_00057100.jpg,full-body clothes,144,103,152,49,316,172
9293,img/img_00057101.jpg,full-body clothes,275,186,279,93,394,119
9294,img/img_00057116.jpg,lower-body clothes,397,184,271,87,414,17
9295,img/img_00057130.jpg,lower-body clothes,1,1,1,0,1,0
9296,img/img_00057138.jpg,lower-body clothes,138,168,248,80,171,33
9297,img/img_00057148.jpg,lower-body clothes,115,298,298,0,115,0
9298,img/img_00057158.jpg,lower-body clothes,266,438,460,22,302,36
9299,img/img_00057159.jpg,lower-body clothes,368,253,253,0,368,0
9300,img/img_00057169.jpg,upper-body clothes,275,192,276,84,417,142
9301,img/img_00057172.jpg,lower-body clothes,230,150,230,80,446,216
9302,img/img_00057174.jpg,lower-body clothes,206,139,220,81,499,293
9303,img/img_00057186.jpg,full-body clothes,376,220,267,47,390,14
9304,img/img_00057191.jpg,full-body clothes,203,100,244,144,323,120
9305,img/img_00057200.jpg,lower-body clothes,280,274,310,36,421,141
9306,img/img_00057204.jpg,upper-body clothes,228,158,275,117,384,156
9307,img/img_00057226.jpg,lower-body clothes,227,195,223,28,354,127
9308,img/img_00057229.jpg,lower-body clothes,374,304,304,0,374,0
9309,img/img_00057235.jpg,full-body clothes,221,274,274,0,221,0
9310,img/img_00057236.jpg,full-body clothes,483,305,322,17,500,17
9311,img/img_00057247.jpg,full-body clothes,243,158,261,103,383,140
9312,img/img_00057251.jpg,upper-body clothes,272,189,271,82,439,167
9313,img/img_00057253.jpg,lower-body clothes,148,339,339,0,148,0
9314,img/img_00057265.jpg,lower-body clothes,186,166,250,84,234,48
9315,img/img_00057271.jpg,lower-body clothes,215,106,230,124,272,57
9316,img/img_00057276.jpg,lower-body clothes,351,355,384,29,395,44
9317,img/img_00057304.jpg,upper-body clothes,460,148,354,206,470,10
9318,img/img_00057309.jpg,lower-body clothes,382,299,327,28,424,42
9319,img/img_00057312.jpg,upper-body clothes,353,270,282,12,401,48
9320,img/img_00057314.jpg,upper-body clothes,366,219,287,68,376,10
9321,img/img_00057315.jpg,upper-body clothes,275,198,274,76,287,12
9322,img/img_00057317.jpg,upper-body clothes,417,295,295,0,417,0
9323,img/img_00057320.jpg,lower-body clothes,296,222,222,0,296,0
9324,img/img_00057329.jpg,upper-body clothes,503,351,351,0,503,0
9325,img/img_00057339.jpg,upper-body clothes,317,202,278,76,325,8
9326,img/img_00057340.jpg,upper-body clothes,182,121,194,73,320,138
9327,img/img_00057343.jpg,upper-body clothes,317,206,216,10,463,146
9328,img/img_00057350.jpg,lower-body clothes,348,200,287,87,442,94
9329,img/img_00057353.jpg,lower-body clothes,246,123,248,125,438,192
9330,img/img_00057370.jpg,upper-body clothes,149,400,400,0,149,0
9331,img/img_00057382.jpg,upper-body clothes,301,367,367,0,301,0
9332,img/img_00057387.jpg,upper-body clothes,126,102,326,224,214,88
9333,img/img_00057389.jpg,lower-body clothes,173,178,257,79,214,41
9334,img/img_00057399.jpg,lower-body clothes,47,358,358,0,47,0
9335,img/img_00057401.jpg,lower-body clothes,295,188,226,38,456,161
9336,img/img_00057413.jpg,lower-body clothes,193,160,231,71,249,56
9337,img/img_00057416.jpg,lower-body clothes,70,256,256,0,70,0
9338,img/img_00057417.jpg,lower-body clothes,308,186,234,48,495,187
9339,img/img_00057418.jpg,lower-body clothes,21,125,125,0,21,0
9340,img/img_00057433.jpg,upper-body clothes,350,231,280,49,433,83
9341,img/img_00057436.jpg,upper-body clothes,420,336,336,0,420,0
9342,img/img_00057439.jpg,upper-body clothes,270,281,281,0,270,0
9343,img/img_00057448.jpg,full-body clothes,243,124,197,73,395,152
9344,img/img_00057449.jpg,full-body clothes,403,358,358,0,403,0
9345,img/img_00057451.jpg,full-body clothes,444,273,273,0,444,0
9346,img/img_00057452.jpg,lower-body clothes,374,142,242,100,382,8
9347,img/img_00057455.jpg,full-body clothes,385,193,232,39,425,40
9348,img/img_00057465.jpg,upper-body clothes,191,160,222,62,305,114
9349,img/img_00057470.jpg,full-body clothes,323,329,329,0,323,0
9350,img/img_00057476.jpg,lower-body clothes,458,243,310,67,463,5
9351,img/img_00057477.jpg,lower-body clothes,34,218,218,0,34,0
9352,img/img_00057478.jpg,lower-body clothes,293,162,232,70,358,65
9353,img/img_00057481.jpg,lower-body clothes,466,240,240,0,466,0
9354,img/img_00057484.jpg,lower-body clothes,132,432,432,0,132,0
9355,img/img_00057492.jpg,upper-body clothes,407,259,279,20,419,12
9356,img/img_00057497.jpg,upper-body clothes,219,153,323,170,453,234
9357,img/img_00057501.jpg,upper-body clothes,326,214,256,42,508,182
9358,img/img_00057503.jpg,upper-body clothes,217,107,202,95,229,12
9359,img/img_00057504.jpg,lower-body clothes,240,242,287,45,249,9
9360,img/img_00057517.jpg,upper-body clothes,304,260,307,47,354,50
9361,img/img_00057525.jpg,upper-body clothes,371,303,303,0,371,0
9362,img/img_00057528.jpg,upper-body clothes,129,94,250,156,250,121
9363,img/img_00057532.jpg,upper-body clothes,389,352,352,0,389,0
9364,img/img_00057533.jpg,upper-body clothes,315,433,433,0,315,0
9365,img/img_00057543.jpg,full-body clothes,455,281,281,0,455,0
9366,img/img_00057546.jpg,upper-body clothes,256,194,279,85,417,161
9367,img/img_00057547.jpg,upper-body clothes,377,365,365,0,377,0
9368,img/img_00057562.jpg,upper-body clothes,407,275,308,33,422,15
9369,img/img_00057563.jpg,upper-body clothes,384,298,327,29,395,11
9370,img/img_00057566.jpg,upper-body clothes,268,183,250,67,303,35
9371,img/img_00057569.jpg,upper-body clothes,470,367,367,0,470,0
9372,img/img_00057579.jpg,lower-body clothes,160,132,250,118,224,64
9373,img/img_00057593.jpg,full-body clothes,307,153,269,116,436,129
9374,img/img_00057600.jpg,full-body clothes,436,154,253,99,468,32
9375,img/img_00057611.jpg,upper-body clothes,422,233,233,0,422,0
9376,img/img_00057615.jpg,upper-body clothes,325,176,238,62,499,174
9377,img/img_00057628.jpg,lower-body clothes,178,380,380,0,178,0
9378,img/img_00057635.jpg,full-body clothes,146,123,295,172,159,13
9379,img/img_00057636.jpg,full-body clothes,193,128,228,100,326,133
9380,img/img_00057637.jpg,upper-body clothes,315,180,299,119,327,12
9381,img/img_00057640.jpg,upper-body clothes,417,359,359,0,417,0
9382,img/img_00057651.jpg,full-body clothes,341,266,332,66,463,122
9383,img/img_00057654.jpg,full-body clothes,247,161,264,103,467,220
9384,img/img_00057661.jpg,full-body clothes,394,352,352,0,394,0
9385,img/img_00057663.jpg,full-body clothes,346,263,378,115,388,42
9386,img/img_00057665.jpg,full-body clothes,215,146,226,80,294,79
9387,img/img_00057668.jpg,lower-body clothes,382,189,277,88,386,4
9388,img/img_00057691.jpg,full-body clothes,454,311,349,38,496,42
9389,img/img_00057699.jpg,full-body clothes,353,244,244,0,353,0
9390,img/img_00057706.jpg,full-body clothes,504,360,360,0,504,0
9391,img/img_00057716.jpg,lower-body clothes,339,145,231,86,393,54
9392,img/img_00057718.jpg,lower-body clothes,355,125,232,107,410,55
9393,img/img_00057736.jpg,lower-body clothes,124,156,156,0,124,0
9394,img/img_00057740.jpg,lower-body clothes,300,195,303,108,324,24
9395,img/img_00057747.jpg,full-body clothes,441,297,335,38,470,29
9396,img/img_00057748.jpg,full-body clothes,428,220,274,54,445,17
9397,img/img_00057766.jpg,full-body clothes,462,366,366,0,462,0
9398,img/img_00057769.jpg,upper-body clothes,331,348,487,139,361,30
9399,img/img_00057786.jpg,upper-body clothes,173,156,226,70,312,139
9400,img/img_00057792.jpg,lower-body clothes,201,215,303,88,244,43
9401,img/img_00057803.jpg,lower-body clothes,284,393,393,0,284,0
9402,img/img_00057804.jpg,lower-body clothes,81,292,292,0,81,0
9403,img/img_00057812.jpg,lower-body clothes,409,294,294,0,409,0
9404,img/img_00057818.jpg,upper-body clothes,306,207,278,71,324,18
9405,img/img_00057823.jpg,upper-body clothes,192,187,276,89,202,10
9406,img/img_00057824.jpg,upper-body clothes,276,153,247,94,473,197
9407,img/img_00057835.jpg,lower-body clothes,361,157,252,95,438,77
9408,img/img_00057849.jpg,lower-body clothes,311,336,336,0,311,0
9409,img/img_00057850.jpg,lower-body clothes,310,169,258,89,445,135
9410,img/img_00057866.jpg,full-body clothes,317,164,247,83,320,3
9411,img/img_00057872.jpg,full-body clothes,311,80,218,138,489,178
9412,img/img_00057876.jpg,full-body clothes,237,247,274,27,412,175
9413,img/img_00057877.jpg,full-body clothes,268,227,227,0,268,0
9414,img/img_00057885.jpg,lower-body clothes,27,413,413,0,27,0
9415,img/img_00057886.jpg,lower-body clothes,154,78,276,198,283,129
9416,img/img_00057904.jpg,lower-body clothes,379,254,273,19,404,25
9417,img/img_00057914.jpg,lower-body clothes,212,151,259,108,405,193
9418,img/img_00057929.jpg,upper-body clothes,442,271,308,37,464,22
9419,img/img_00057935.jpg,full-body clothes,495,340,340,0,495,0
9420,img/img_00057972.jpg,full-body clothes,254,194,293,99,298,44
9421,img/img_00057975.jpg,full-body clothes,170,151,216,65,360,190
9422,img/img_00057985.jpg,lower-body clothes,204,150,233,83,263,59
9423,img/img_00057992.jpg,lower-body clothes,88,318,318,0,88,0
9424,img/img_00058000.jpg,lower-body clothes,350,467,482,15,357,7
9425,img/img_00058002.jpg,full-body clothes,363,133,222,89,458,95
9426,img/img_00058006.jpg,full-body clothes,359,152,228,76,459,100
9427,img/img_00058013.jpg,full-body clothes,165,53,207,154,318,153
9428,img/img_00058018.jpg,upper-body clothes,346,191,259,68,355,9
9429,img/img_00058019.jpg,upper-body clothes,317,216,287,71,333,16
9430,img/img_00058062.jpg,full-body clothes,329,137,243,106,435,106
9431,img/img_00058064.jpg,full-body clothes,418,278,338,60,440,22
9432,img/img_00058073.jpg,lower-body clothes,424,289,316,27,483,59
9433,img/img_00058077.jpg,lower-body clothes,168,155,261,106,234,66
9434,img/img_00058082.jpg,lower-body clothes,149,132,222,90,217,68
9435,img/img_00058103.jpg,upper-body clothes,244,157,255,98,399,155
9436,img/img_00058104.jpg,upper-body clothes,484,369,369,0,484,0
9437,img/img_00058106.jpg,upper-body clothes,350,247,291,44,357,7
9438,img/img_00058110.jpg,full-body clothes,324,186,290,104,473,149
9439,img/img_00058111.jpg,full-body clothes,478,258,258,0,478,0
9440,img/img_00058121.jpg,upper-body clothes,314,357,357,0,314,0
9441,img/img_00058137.jpg,full-body clothes,438,300,300,0,438,0
9442,img/img_00058150.jpg,lower-body clothes,220,240,263,23,475,255
9443,img/img_00058153.jpg,lower-body clothes,271,249,249,0,271,0
9444,img/img_00058155.jpg,lower-body clothes,325,289,379,90,364,39
9445,img/img_00058157.jpg,lower-body clothes,121,113,187,74,442,321
9446,img/img_00058160.jpg,lower-body clothes,190,164,273,109,244,54
9447,img/img_00058162.jpg,full-body clothes,273,229,229,0,273,0
9448,img/img_00058185.jpg,lower-body clothes,55,65,170,105,277,222
9449,img/img_00058189.jpg,full-body clothes,363,214,309,95,492,129
9450,img/img_00058205.jpg,full-body clothes,355,286,286,0,355,0
9451,img/img_00058214.jpg,upper-body clothes,313,244,313,69,340,27
9452,img/img_00058223.jpg,full-body clothes,233,257,312,55,404,171
9453,img/img_00058225.jpg,full-body clothes,482,258,258,0,482,0
9454,img/img_00058227.jpg,full-body clothes,203,84,226,142,309,106
9455,img/img_00058232.jpg,full-body clothes,482,378,378,0,482,0
9456,img/img_00058233.jpg,full-body clothes,453,342,342,0,453,0
9457,img/img_00058240.jpg,lower-body clothes,381,136,239,103,416,35
9458,img/img_00058241.jpg,lower-body clothes,247,205,205,0,247,0
9459,img/img_00058251.jpg,upper-body clothes,336,376,376,0,336,0
9460,img/img_00058252.jpg,upper-body clothes,278,366,366,0,278,0
9461,img/img_00058254.jpg,lower-body clothes,417,228,228,0,417,0
9462,img/img_00058259.jpg,full-body clothes,495,359,359,0,495,0
9463,img/img_00058260.jpg,full-body clothes,353,110,200,90,362,9
9464,img/img_00058262.jpg,lower-body clothes,192,183,226,43,196,4
9465,img/img_00058265.jpg,lower-body clothes,354,376,376,0,354,0
9466,img/img_00058275.jpg,full-body clothes,311,198,198,0,311,0
9467,img/img_00058276.jpg,full-body clothes,385,112,237,125,395,10
9468,img/img_00058277.jpg,full-body clothes,425,223,310,87,500,75
9469,img/img_00058282.jpg,upper-body clothes,336,233,303,70,342,6
9470,img/img_00058295.jpg,upper-body clothes,248,218,387,169,273,25
9471,img/img_00058304.jpg,full-body clothes,423,375,375,0,423,0
9472,img/img_00058305.jpg,full-body clothes,434,398,436,38,446,12
9473,img/img_00058315.jpg,upper-body clothes,337,244,293,49,339,2
9474,img/img_00058320.jpg,lower-body clothes,283,262,262,0,283,0
9475,img/img_00058325.jpg,full-body clothes,316,106,230,124,341,25
9476,img/img_00058341.jpg,lower-body clothes,437,208,208,0,437,0
9477,img/img_00058342.jpg,lower-body clothes,97,82,264,182,173,76
9478,img/img_00058343.jpg,upper-body clothes,253,178,237,59,385,132
9479,img/img_00058344.jpg,upper-body clothes,140,89,263,174,269,129
9480,img/img_00058354.jpg,full-body clothes,441,283,283,0,441,0
9481,img/img_00058366.jpg,lower-body clothes,103,334,334,0,103,0
9482,img/img_00058367.jpg,lower-body clothes,58,285,285,0,58,0
9483,img/img_00058369.jpg,lower-body clothes,56,287,287,0,56,0
9484,img/img_00058373.jpg,full-body clothes,364,253,278,25,477,113
9485,img/img_00058375.jpg,full-body clothes,300,151,279,128,414,114
9486,img/img_00058377.jpg,lower-body clothes,315,205,276,71,321,6
9487,img/img_00058379.jpg,upper-body clothes,344,203,298,95,357,13
9488,img/img_00058380.jpg,upper-body clothes,500,371,371,0,500,0
9489,img/img_00058387.jpg,lower-body clothes,150,60,132,72,217,67
9490,img/img_00058407.jpg,lower-body clothes,440,235,235,0,440,0
9491,img/img_00058408.jpg,upper-body clothes,402,296,321,25,416,14
9492,img/img_00058424.jpg,lower-body clothes,250,118,213,95,299,49
9493,img/img_00058425.jpg,lower-body clothes,233,35,145,110,298,65
9494,img/img_00058429.jpg,lower-body clothes,257,224,224,0,257,0
9495,img/img_00058430.jpg,lower-body clothes,377,300,359,59,380,3
9496,img/img_00058438.jpg,upper-body clothes,161,184,258,74,332,171
9497,img/img_00058441.jpg,lower-body clothes,340,327,335,8,426,86
9498,img/img_00058457.jpg,full-body clothes,405,255,308,53,469,64
9499,img/img_00058462.jpg,lower-body clothes,306,244,276,32,344,38
9500,img/img_00058483.jpg,full-body clothes,278,161,283,122,323,45
9501,img/img_00058495.jpg,full-body clothes,495,330,330,0,495,0
9502,img/img_00058497.jpg,upper-body clothes,482,352,363,11,495,13
9503,img/img_00058513.jpg,upper-body clothes,342,213,302,89,379,37
9504,img/img_00058515.jpg,upper-body clothes,366,249,291,42,382,16
9505,img/img_00058516.jpg,upper-body clothes,441,395,395,0,441,0
9506,img/img_00058519.jpg,upper-body clothes,138,103,174,71,449,311
9507,img/img_00058524.jpg,full-body clothes,505,310,310,0,505,0
9508,img/img_00058526.jpg,full-body clothes,317,265,303,38,457,140
9509,img/img_00058530.jpg,upper-body clothes,464,298,298,0,464,0
9510,img/img_00058534.jpg,lower-body clothes,160,184,252,68,454,294
9511,img/img_00058535.jpg,lower-body clothes,82,118,191,73,459,377
9512,img/img_00058536.jpg,lower-body clothes,120,117,185,68,444,324
9513,img/img_00058553.jpg,upper-body clothes,191,143,234,91,224,33
9514,img/img_00058554.jpg,upper-body clothes,255,219,293,74,265,10
9515,img/img_00058555.jpg,upper-body clothes,78,67,287,220,142,64
9516,img/img_00058559.jpg,upper-body clothes,463,248,248,0,463,0
9517,img/img_00058569.jpg,lower-body clothes,219,172,240,68,269,50
9518,img/img_00058572.jpg,upper-body clothes,292,284,310,26,367,75
9519,img/img_00058575.jpg,full-body clothes,336,146,249,103,426,90
9520,img/img_00058577.jpg,full-body clothes,284,114,235,121,421,137
9521,img/img_00058588.jpg,lower-body clothes,443,295,295,0,443,0
9522,img/img_00058589.jpg,lower-body clothes,145,61,199,138,249,104
9523,img/img_00058593.jpg,full-body clothes,397,248,381,133,433,36
9524,img/img_00058600.jpg,full-body clothes,495,374,374,0,495,0
9525,img/img_00058609.jpg,upper-body clothes,399,277,314,37,410,11
9526,img/img_00058610.jpg,upper-body clothes,391,285,314,29,400,9
9527,img/img_00058618.jpg,full-body clothes,404,223,274,51,442,38
9528,img/img_00058639.jpg,full-body clothes,348,183,280,97,474,126
9529,img/img_00058646.jpg,lower-body clothes,322,237,298,61,349,27
9530,img/img_00058654.jpg,lower-body clothes,130,79,172,93,258,128
9531,img/img_00058660.jpg,lower-body clothes,204,111,238,127,360,156
9532,img/img_00058670.jpg,upper-body clothes,424,251,316,65,457,33
9533,img/img_00058672.jpg,upper-body clothes,222,134,262,128,330,108
9534,img/img_00058682.jpg,full-body clothes,496,361,362,1,504,8
9535,img/img_00058685.jpg,full-body clothes,296,264,264,0,296,0
9536,img/img_00058690.jpg,lower-body clothes,144,245,245,0,144,0
9537,img/img_00058692.jpg,full-body clothes,218,150,227,77,354,136
9538,img/img_00058695.jpg,full-body clothes,379,196,213,17,395,16
9539,img/img_00058704.jpg,lower-body clothes,142,98,217,119,241,99
9540,img/img_00058707.jpg,lower-body clothes,82,277,378,101,415,333
9541,img/img_00058723.jpg,full-body clothes,285,163,312,149,465,180
9542,img/img_00058737.jpg,full-body clothes,278,139,227,88,422,144
9543,img/img_00058738.jpg,full-body clothes,295,197,293,96,331,36
9544,img/img_00058741.jpg,full-body clothes,278,169,380,211,386,108
9545,img/img_00058743.jpg,upper-body clothes,343,268,305,37,465,122
9546,img/img_00058745.jpg,upper-body clothes,356,256,271,15,377,21
9547,img/img_00058754.jpg,lower-body clothes,215,121,227,106,415,200
9548,img/img_00058763.jpg,full-body clothes,150,112,234,122,346,196
9549,img/img_00058766.jpg,full-body clothes,314,233,233,0,314,0
9550,img/img_00058772.jpg,lower-body clothes,328,107,201,94,379,51
9551,img/img_00058773.jpg,lower-body clothes,80,257,257,0,80,0
9552,img/img_00058781.jpg,upper-body clothes,500,222,222,0,500,0
9553,img/img_00058783.jpg,lower-body clothes,361,152,271,119,408,47
9554,img/img_00058792.jpg,lower-body clothes,304,116,228,112,396,92
9555,img/img_00058796.jpg,lower-body clothes,309,50,190,140,412,103
9556,img/img_00058804.jpg,full-body clothes,318,186,284,98,433,115
9557,img/img_00058805.jpg,full-body clothes,345,184,333,149,433,88
9558,img/img_00058812.jpg,full-body clothes,101,50,217,167,191,90
9559,img/img_00058815.jpg,full-body clothes,302,167,248,81,406,104
9560,img/img_00058823.jpg,upper-body clothes,399,263,301,38,404,5
9561,img/img_00058842.jpg,full-body clothes,249,120,266,146,268,19
9562,img/img_00058843.jpg,full-body clothes,289,39,292,253,297,8
9563,img/img_00058856.jpg,lower-body clothes,211,159,260,101,290,79
9564,img/img_00058857.jpg,lower-body clothes,141,85,187,102,357,216
9565,img/img_00058866.jpg,lower-body clothes,480,313,313,0,480,0
9566,img/img_00058870.jpg,full-body clothes,308,209,303,94,457,149
9567,img/img_00058871.jpg,full-body clothes,288,451,451,0,288,0
9568,img/img_00058882.jpg,upper-body clothes,334,223,280,57,479,145
9569,img/img_00058886.jpg,upper-body clothes,326,229,280,51,350,24
9570,img/img_00058893.jpg,lower-body clothes,331,157,266,109,390,59
9571,img/img_00058898.jpg,lower-body clothes,132,120,207,87,179,47
9572,img/img_00058899.jpg,lower-body clothes,270,204,346,142,360,90
9573,img/img_00058907.jpg,upper-body clothes,145,402,402,0,145,0
9574,img/img_00058909.jpg,upper-body clothes,445,294,294,0,445,0
9575,img/img_00058921.jpg,lower-body clothes,327,321,321,0,327,0
9576,img/img_00058922.jpg,lower-body clothes,413,256,309,53,504,91
9577,img/img_00058926.jpg,lower-body clothes,376,279,279,0,376,0
9578,img/img_00058930.jpg,full-body clothes,227,103,214,111,382,155
9579,img/img_00058936.jpg,lower-body clothes,333,121,249,128,385,52
9580,img/img_00058938.jpg,full-body clothes,381,168,262,94,490,109
9581,img/img_00058940.jpg,full-body clothes,234,113,246,133,291,57
9582,img/img_00058957.jpg,full-body clothes,414,223,281,58,484,70
9583,img/img_00058972.jpg,full-body clothes,386,206,279,73,483,97
9584,img/img_00058974.jpg,full-body clothes,198,121,247,126,276,78
9585,img/img_00058975.jpg,full-body clothes,486,205,205,0,486,0
9586,img/img_00058994.jpg,lower-body clothes,299,300,323,23,388,89
9587,img/img_00058996.jpg,upper-body clothes,209,135,220,85,259,50
9588,img/img_00059014.jpg,full-body clothes,189,101,168,67,305,116
9589,img/img_00059015.jpg,full-body clothes,304,129,243,114,310,6
9590,img/img_00059019.jpg,upper-body clothes,347,309,323,14,430,83
9591,img/img_00059023.jpg,upper-body clothes,479,377,377,0,479,0
9592,img/img_00059038.jpg,full-body clothes,310,202,259,57,443,133
9593,img/img_00059049.jpg,full-body clothes,330,208,279,71,456,126
9594,img/img_00059058.jpg,lower-body clothes,318,106,293,187,366,48
9595,img/img_00059059.jpg,full-body clothes,144,192,253,61,263,119
9596,img/img_00059064.jpg,full-body clothes,194,120,259,139,292,98
9597,img/img_00059068.jpg,full-body clothes,320,238,340,102,466,146
9598,img/img_00059073.jpg,full-body clothes,490,296,314,18,491,1
9599,img/img_00059074.jpg,full-body clothes,430,283,318,35,506,76
9600,img/img_00059090.jpg,upper-body clothes,234,158,230,72,239,5
9601,img/img_00059092.jpg,lower-body clothes,225,237,237,0,225,0
9602,img/img_00059100.jpg,upper-body clothes,299,299,299,0,299,0
9603,img/img_00059101.jpg,upper-body clothes,505,364,364,0,505,0
9604,img/img_00059121.jpg,full-body clothes,351,234,375,141,391,40
9605,img/img_00059126.jpg,upper-body clothes,333,242,278,36,336,3
9606,img/img_00059132.jpg,upper-body clothes,366,226,283,57,381,15
9607,img/img_00059143.jpg,full-body clothes,438,234,234,0,438,0
9608,img/img_00059148.jpg,full-body clothes,331,171,258,87,473,142
9609,img/img_00059164.jpg,full-body clothes,319,243,243,0,319,0
9610,img/img_00059171.jpg,full-body clothes,395,282,357,75,427,32
9611,img/img_00059176.jpg,upper-body clothes,390,322,367,45,498,108
9612,img/img_00059179.jpg,upper-body clothes,132,197,197,0,132,0
9613,img/img_00059180.jpg,upper-body clothes,288,175,311,136,444,156
9614,img/img_00059181.jpg,lower-body clothes,334,179,239,60,338,4
9615,img/img_00059192.jpg,upper-body clothes,326,380,380,0,326,0
9616,img/img_00059205.jpg,lower-body clothes,433,248,248,0,433,0
9617,img/img_00059206.jpg,lower-body clothes,336,106,262,156,429,93
9618,img/img_00059213.jpg,lower-body clothes,253,71,191,120,345,92
9619,img/img_00059224.jpg,upper-body clothes,143,120,238,118,196,53
9620,img/img_00059225.jpg,lower-body clothes,387,235,274,39,418,31
9621,img/img_00059228.jpg,lower-body clothes,344,176,289,113,363,19
9622,img/img_00059230.jpg,lower-body clothes,198,85,253,168,487,289
9623,img/img_00059236.jpg,upper-body clothes,363,182,289,107,482,119
9624,img/img_00059241.jpg,upper-body clothes,169,147,270,123,176,7
9625,img/img_00059246.jpg,upper-body clothes,345,332,358,26,382,37
9626,img/img_00059248.jpg,upper-body clothes,507,323,323,0,507,0
9627,img/img_00059256.jpg,lower-body clothes,381,260,260,0,381,0
9628,img/img_00059260.jpg,lower-body clothes,158,88,190,102,293,135
9629,img/img_00059263.jpg,lower-body clothes,345,126,126,0,345,0
9630,img/img_00059267.jpg,lower-body clothes,96,58,188,130,247,151
9631,img/img_00059270.jpg,full-body clothes,316,216,278,62,472,156
9632,img/img_00059283.jpg,full-body clothes,325,121,259,138,449,124
9633,img/img_00059287.jpg,full-body clothes,287,211,276,65,413,126
9634,img/img_00059290.jpg,full-body clothes,377,178,238,60,448,71
9635,img/img_00059311.jpg,full-body clothes,231,351,351,0,231,0
9636,img/img_00059313.jpg,full-body clothes,329,114,218,104,464,135
9637,img/img_00059315.jpg,full-body clothes,139,63,159,96,189,50
9638,img/img_00059317.jpg,full-body clothes,133,65,195,130,275,142
9639,img/img_00059324.jpg,full-body clothes,281,133,239,106,481,200
9640,img/img_00059327.jpg,upper-body clothes,420,295,314,19,425,5
9641,img/img_00059331.jpg,upper-body clothes,291,262,262,0,291,0
9642,img/img_00059333.jpg,upper-body clothes,29,445,445,0,29,0
9643,img/img_00059345.jpg,full-body clothes,346,222,276,54,495,149
9644,img/img_00059351.jpg,full-body clothes,257,101,227,126,271,14
9645,img/img_00059352.jpg,upper-body clothes,371,267,306,39,388,17
9646,img/img_00059353.jpg,upper-body clothes,299,207,207,0,299,0
9647,img/img_00059356.jpg,upper-body clothes,298,192,211,19,322,24
9648,img/img_00059357.jpg,upper-body clothes,455,359,375,16,495,40
9649,img/img_00059366.jpg,upper-body clothes,313,249,289,40,319,6
9650,img/img_00059367.jpg,upper-body clothes,251,364,364,0,251,0
9651,img/img_00059376.jpg,upper-body clothes,382,304,323,19,471,89
9652,img/img_00059382.jpg,full-body clothes,434,273,330,57,453,19
9653,img/img_00059384.jpg,full-body clothes,432,288,349,61,442,10
9654,img/img_00059385.jpg,full-body clothes,328,196,275,79,457,129
9655,img/img_00059387.jpg,lower-body clothes,184,168,243,75,249,65
9656,img/img_00059389.jpg,full-body clothes,412,277,277,0,412,0
9657,img/img_00059395.jpg,full-body clothes,349,286,286,0,349,0
9658,img/img_00059398.jpg,upper-body clothes,285,234,234,0,285,0
9659,img/img_00059399.jpg,upper-body clothes,367,221,292,71,500,133
9660,img/img_00059402.jpg,upper-body clothes,146,249,332,83,273,127
9661,img/img_00059405.jpg,upper-body clothes,35,286,286,0,35,0
9662,img/img_00059406.jpg,upper-body clothes,137,130,335,205,256,119
9663,img/img_00059409.jpg,full-body clothes,311,171,261,90,449,138
9664,img/img_00059420.jpg,lower-body clothes,270,357,357,0,270,0
9665,img/img_00059427.jpg,lower-body clothes,206,211,298,87,294,88
9666,img/img_00059433.jpg,upper-body clothes,390,155,236,81,511,121
9667,img/img_00059436.jpg,full-body clothes,250,78,217,139,253,3
9668,img/img_00059443.jpg,lower-body clothes,359,154,233,79,403,44
9669,img/img_00059447.jpg,lower-body clothes,311,185,292,107,393,82
9670,img/img_00059449.jpg,lower-body clothes,189,94,256,162,314,125
9671,img/img_00059471.jpg,lower-body clothes,257,160,160,0,257,0
9672,img/img_00059489.jpg,upper-body clothes,447,349,371,22,454,7
9673,img/img_00059495.jpg,lower-body clothes,291,128,213,85,354,63
9674,img/img_00059509.jpg,upper-body clothes,303,243,292,49,457,154
9675,img/img_00059516.jpg,lower-body clothes,380,133,225,92,415,35
9676,img/img_00059528.jpg,lower-body clothes,178,174,183,9,183,5
9677,img/img_00059529.jpg,upper-body clothes,394,266,300,34,400,6
9678,img/img_00059534.jpg,full-body clothes,489,294,311,17,494,5
9679,img/img_00059545.jpg,full-body clothes,361,394,394,0,361,0
9680,img/img_00059546.jpg,full-body clothes,168,79,223,144,313,145
9681,img/img_00059549.jpg,full-body clothes,443,217,376,159,502,59
9682,img/img_00059550.jpg,full-body clothes,308,322,322,0,308,0
9683,img/img_00059560.jpg,full-body clothes,406,227,286,59,440,34
9684,img/img_00059563.jpg,full-body clothes,504,254,254,0,504,0
9685,img/img_00059577.jpg,full-body clothes,184,109,279,170,302,118
9686,img/img_00059578.jpg,full-body clothes,490,255,255,0,490,0
9687,img/img_00059587.jpg,upper-body clothes,135,132,318,186,409,274
9688,img/img_00059602.jpg,upper-body clothes,417,291,339,48,423,6
9689,img/img_00059608.jpg,upper-body clothes,362,279,309,30,406,44
9690,img/img_00059610.jpg,upper-body clothes,393,334,350,16,496,103
9691,img/img_00059611.jpg,upper-body clothes,386,280,306,26,394,8
9692,img/img_00059616.jpg,lower-body clothes,344,321,397,76,379,35
9693,img/img_00059617.jpg,lower-body clothes,382,370,370,0,382,0
9694,img/img_00059619.jpg,lower-body clothes,483,324,374,50,505,22
9695,img/img_00059625.jpg,full-body clothes,371,237,291,54,467,96
9696,img/img_00059626.jpg,full-body clothes,384,225,296,71,497,113
9697,img/img_00059627.jpg,full-body clothes,251,213,290,77,383,132
9698,img/img_00059639.jpg,upper-body clothes,352,251,251,0,352,0
9699,img/img_00059640.jpg,upper-body clothes,180,150,175,25,192,12
9700,img/img_00059649.jpg,lower-body clothes,505,375,375,0,505,0
9701,img/img_00059651.jpg,lower-body clothes,398,108,199,91,425,27
9702,img/img_00059655.jpg,full-body clothes,152,61,230,169,234,82
9703,img/img_00059663.jpg,full-body clothes,346,69,238,169,475,129
9704,img/img_00059672.jpg,full-body clothes,183,50,182,132,280,97
9705,img/img_00059676.jpg,full-body clothes,189,90,207,117,287,98
9706,img/img_00059679.jpg,full-body clothes,201,152,244,92,288,87
9707,img/img_00059682.jpg,full-body clothes,154,91,199,108,198,44
9708,img/img_00059688.jpg,full-body clothes,359,335,335,0,359,0
9709,img/img_00059717.jpg,upper-body clothes,326,242,286,44,338,12
9710,img/img_00059718.jpg,upper-body clothes,224,148,217,69,437,213
9711,img/img_00059725.jpg,upper-body clothes,254,244,332,88,271,17
9712,img/img_00059728.jpg,lower-body clothes,149,110,238,128,409,260
9713,img/img_00059746.jpg,upper-body clothes,387,274,312,38,398,11
9714,img/img_00059752.jpg,lower-body clothes,252,247,358,111,397,145
9715,img/img_00059754.jpg,lower-body clothes,231,195,282,87,252,21
9716,img/img_00059764.jpg,lower-body clothes,213,112,228,116,498,285
9717,img/img_00059770.jpg,full-body clothes,344,258,285,27,488,144
9718,img/img_00059808.jpg,full-body clothes,256,135,248,113,273,17
9719,img/img_00059819.jpg,upper-body clothes,302,240,278,38,335,33
9720,img/img_00059820.jpg,upper-body clothes,351,415,431,16,391,40
9721,img/img_00059823.jpg,full-body clothes,129,217,217,0,129,0
9722,img/img_00059826.jpg,lower-body clothes,388,236,295,59,440,52
9723,img/img_00059828.jpg,full-body clothes,426,158,242,84,491,65
9724,img/img_00059852.jpg,lower-body clothes,368,128,217,89,422,54
9725,img/img_00059854.jpg,lower-body clothes,460,173,254,81,489,29
9726,img/img_00059855.jpg,full-body clothes,295,163,240,77,473,178
9727,img/img_00059858.jpg,full-body clothes,443,176,299,123,497,54
9728,img/img_00059860.jpg,full-body clothes,295,333,333,0,295,0
9729,img/img_00059863.jpg,lower-body clothes,165,88,236,148,318,153
9730,img/img_00059866.jpg,lower-body clothes,480,202,258,56,494,14
9731,img/img_00059868.jpg,lower-body clothes,224,172,172,0,224,0
9732,img/img_00059881.jpg,full-body clothes,186,77,240,163,326,140
9733,img/img_00059882.jpg,full-body clothes,251,137,224,87,366,115
9734,img/img_00059888.jpg,full-body clothes,269,96,211,115,380,111
9735,img/img_00059894.jpg,upper-body clothes,407,274,307,33,424,17
9736,img/img_00059896.jpg,lower-body clothes,232,151,266,115,259,27
9737,img/img_00059897.jpg,lower-body clothes,216,153,334,181,295,79
9738,img/img_00059904.jpg,full-body clothes,358,213,306,93,488,130
9739,img/img_00059914.jpg,full-body clothes,129,67,159,92,373,244
9740,img/img_00059917.jpg,full-body clothes,316,204,216,12,416,100
9741,img/img_00059921.jpg,full-body clothes,269,110,228,118,283,14
9742,img/img_00059926.jpg,lower-body clothes,155,137,218,81,366,211
9743,img/img_00059930.jpg,lower-body clothes,122,113,205,92,349,227
9744,img/img_00059932.jpg,full-body clothes,421,303,358,55,495,74
9745,img/img_00059934.jpg,full-body clothes,359,144,246,102,477,118
9746,img/img_00059941.jpg,lower-body clothes,428,236,236,0,428,0
9747,img/img_00059942.jpg,lower-body clothes,107,68,226,158,338,231
9748,img/img_00059943.jpg,lower-body clothes,280,162,162,0,280,0
9749,img/img_00059958.jpg,lower-body clothes,111,78,182,104,222,111
9750,img/img_00059962.jpg,lower-body clothes,197,142,201,59,346,149
9751,img/img_00059964.jpg,upper-body clothes,367,284,311,27,381,14
9752,img/img_00060005.jpg,upper-body clothes,164,114,179,65,272,108
9753,img/img_00060008.jpg,upper-body clothes,303,255,339,84,383,80
9754,img/img_00060012.jpg,full-body clothes,337,168,303,135,498,161
9755,img/img_00060013.jpg,full-body clothes,470,287,287,0,470,0
9756,img/img_00060019.jpg,full-body clothes,463,326,326,0,463,0
9757,img/img_00060025.jpg,full-body clothes,233,130,248,118,403,170
9758,img/img_00060030.jpg,full-body clothes,435,276,310,34,496,61
9759,img/img_00060035.jpg,upper-body clothes,320,243,274,31,323,3
9760,img/img_00060036.jpg,upper-body clothes,492,357,371,14,495,3
9761,img/img_00060039.jpg,lower-body clothes,201,143,239,96,246,45
9762,img/img_00060045.jpg,upper-body clothes,143,162,167,5,276,133
9763,img/img_00060053.jpg,upper-body clothes,230,166,258,92,353,123
9764,img/img_00060054.jpg,upper-body clothes,370,328,351,23,470,100
9765,img/img_00060069.jpg,lower-body clothes,134,129,251,122,398,264
9766,img/img_00060076.jpg,lower-body clothes,486,299,348,49,498,12
9767,img/img_00060080.jpg,lower-body clothes,386,250,310,60,396,10
9768,img/img_00060081.jpg,lower-body clothes,436,251,251,0,436,0
9769,img/img_00060082.jpg,full-body clothes,210,192,217,25,330,120
9770,img/img_00060091.jpg,lower-body clothes,154,44,190,146,268,114
9771,img/img_00060094.jpg,full-body clothes,379,175,266,91,482,103
9772,img/img_00060096.jpg,full-body clothes,372,274,274,0,372,0
9773,img/img_00060106.jpg,lower-body clothes,305,211,211,0,305,0
9774,img/img_00060122.jpg,lower-body clothes,264,62,153,91,300,36
9775,img/img_00060125.jpg,lower-body clothes,104,101,241,140,317,213
9776,img/img_00060128.jpg,upper-body clothes,504,377,377,0,504,0
9777,img/img_00060129.jpg,upper-body clothes,440,312,320,8,447,7
9778,img/img_00060136.jpg,upper-body clothes,378,279,310,31,381,3
9779,img/img_00060146.jpg,full-body clothes,404,223,297,74,446,42
9780,img/img_00060150.jpg,lower-body clothes,409,249,313,64,461,52
9781,img/img_00060158.jpg,lower-body clothes,104,284,284,0,104,0
9782,img/img_00060165.jpg,lower-body clothes,90,136,262,126,341,251
9783,img/img_00060170.jpg,full-body clothes,189,76,199,123,389,200
9784,img/img_00060173.jpg,full-body clothes,94,43,69,26,96,2
9785,img/img_00060174.jpg,lower-body clothes,419,141,272,131,429,10
9786,img/img_00060180.jpg,lower-body clothes,81,75,176,101,309,228
9787,img/img_00060184.jpg,full-body clothes,237,84,265,181,269,32
9788,img/img_00060195.jpg,full-body clothes,383,223,299,76,389,6
9789,img/img_00060200.jpg,full-body clothes,345,337,337,0,345,0
9790,img/img_00060203.jpg,lower-body clothes,446,146,261,115,479,33
9791,img/img_00060205.jpg,lower-body clothes,244,101,204,103,339,95
9792,img/img_00060214.jpg,upper-body clothes,204,158,257,99,348,144
9793,img/img_00060217.jpg,full-body clothes,384,331,331,0,384,0
9794,img/img_00060220.jpg,upper-body clothes,317,215,259,44,452,135
9795,img/img_00060236.jpg,lower-body clothes,71,42,151,109,223,152
9796,img/img_00060242.jpg,lower-body clothes,100,72,190,118,236,136
9797,img/img_00060246.jpg,lower-body clothes,153,177,177,0,153,0
9798,img/img_00060252.jpg,lower-body clothes,147,113,230,117,351,204
9799,img/img_00060257.jpg,lower-body clothes,359,255,255,0,359,0
9800,img/img_00060259.jpg,lower-body clothes,163,146,186,40,313,150
9801,img/img_00060265.jpg,lower-body clothes,322,269,372,103,330,8
9802,img/img_00060267.jpg,upper-body clothes,223,154,253,99,352,129
9803,img/img_00060280.jpg,upper-body clothes,215,145,242,97,332,117
9804,img/img_00060281.jpg,upper-body clothes,342,247,299,52,346,4
9805,img/img_00060285.jpg,upper-body clothes,168,117,168,51,227,59
9806,img/img_00060292.jpg,upper-body clothes,140,74,216,142,303,163
9807,img/img_00060294.jpg,lower-body clothes,326,152,247,95,358,32
9808,img/img_00060301.jpg,lower-body clothes,180,190,230,40,370,190
9809,img/img_00060310.jpg,lower-body clothes,208,95,259,164,277,69
9810,img/img_00060311.jpg,lower-body clothes,307,202,308,106,422,115
9811,img/img_00060332.jpg,lower-body clothes,73,72,191,119,213,140
9812,img/img_00060343.jpg,upper-body clothes,355,349,372,23,489,134
9813,img/img_00060344.jpg,upper-body clothes,450,380,380,0,450,0
9814,img/img_00060347.jpg,full-body clothes,341,458,458,0,341,0
9815,img/img_00060348.jpg,full-body clothes,455,306,306,0,455,0
9816,img/img_00060355.jpg,full-body clothes,220,194,270,76,441,221
9817,img/img_00060363.jpg,full-body clothes,221,177,258,81,330,109
9818,img/img_00060371.jpg,full-body clothes,265,259,259,0,265,0
9819,img/img_00060376.jpg,full-body clothes,173,95,310,215,357,184
9820,img/img_00060377.jpg,full-body clothes,175,104,320,216,345,170
9821,img/img_00060378.jpg,full-body clothes,312,194,270,76,437,125
9822,img/img_00060379.jpg,full-body clothes,258,197,312,115,424,166
9823,img/img_00060380.jpg,full-body clothes,326,155,236,81,429,103
9824,img/img_00060384.jpg,lower-body clothes,232,125,217,92,293,61
9825,img/img_00060386.jpg,upper-body clothes,306,271,330,59,396,90
9826,img/img_00060387.jpg,upper-body clothes,300,262,321,59,391,91
9827,img/img_00060391.jpg,upper-body clothes,302,244,343,99,309,7
9828,img/img_00060392.jpg,upper-body clothes,208,150,262,112,310,102
9829,img/img_00060416.jpg,lower-body clothes,273,258,302,44,459,186
9830,img/img_00060417.jpg,lower-body clothes,117,54,144,90,354,237
9831,img/img_00060418.jpg,lower-body clothes,186,73,217,144,333,147
9832,img/img_00060425.jpg,full-body clothes,501,328,328,0,501,0
9833,img/img_00060447.jpg,full-body clothes,231,111,219,108,317,86
9834,img/img_00060449.jpg,upper-body clothes,400,231,288,57,429,29
9835,img/img_00060453.jpg,upper-body clothes,504,313,313,0,504,0
9836,img/img_00060455.jpg,full-body clothes,296,158,249,91,450,154
9837,img/img_00060461.jpg,upper-body clothes,473,346,359,13,489,16
9838,img/img_00060467.jpg,full-body clothes,381,359,359,0,381,0
9839,img/img_00060471.jpg,full-body clothes,452,342,342,0,452,0
9840,img/img_00060483.jpg,lower-body clothes,188,107,225,118,343,155
9841,img/img_00060486.jpg,lower-body clothes,252,52,197,145,374,122
9842,img/img_00060488.jpg,lower-body clothes,274,267,324,57,350,76
9843,img/img_00060498.jpg,lower-body clothes,248,89,236,147,313,65
9844,img/img_00060500.jpg,lower-body clothes,336,215,215,0,336,0
9845,img/img_00060504.jpg,lower-body clothes,260,222,280,58,320,60
9846,img/img_00060509.jpg,lower-body clothes,342,217,306,89,385,43
9847,img/img_00060516.jpg,upper-body clothes,302,279,332,53,411,109
9848,img/img_00060518.jpg,upper-body clothes,475,328,328,0,475,0
9849,img/img_00060524.jpg,upper-body clothes,143,117,264,147,170,27
9850,img/img_00060530.jpg,upper-body clothes,289,135,287,152,303,14
9851,img/img_00060534.jpg,upper-body clothes,224,179,262,83,241,17
9852,img/img_00060536.jpg,upper-body clothes,393,380,380,0,393,0
9853,img/img_00060565.jpg,upper-body clothes,284,241,468,227,302,18
9854,img/img_00060567.jpg,upper-body clothes,453,337,337,0,453,0
9855,img/img_00060580.jpg,upper-body clothes,138,107,245,138,187,49
9856,img/img_00060587.jpg,lower-body clothes,260,163,236,73,468,208
9857,img/img_00060600.jpg,lower-body clothes,311,290,383,93,398,87
9858,img/img_00060609.jpg,lower-body clothes,208,270,270,0,208,0
9859,img/img_00060616.jpg,upper-body clothes,488,347,347,0,488,0
9860,img/img_00060621.jpg,full-body clothes,313,166,249,83,449,136
9861,img/img_00060625.jpg,lower-body clothes,213,175,264,89,258,45
9862,img/img_00060626.jpg,full-body clothes,437,303,319,16,497,60
9863,img/img_00060628.jpg,full-body clothes,484,298,369,71,492,8
9864,img/img_00060631.jpg,upper-body clothes,385,219,296,77,394,9
9865,img/img_00060647.jpg,upper-body clothes,325,229,319,90,488,163
9866,img/img_00060650.jpg,upper-body clothes,297,172,236,64,441,144
9867,img/img_00060657.jpg,lower-body clothes,350,231,287,56,378,28
9868,img/img_00060667.jpg,lower-body clothes,244,129,273,144,254,10
9869,img/img_00060679.jpg,lower-body clothes,163,60,205,145,350,187
9870,img/img_00060700.jpg,full-body clothes,332,112,214,102,477,145
9871,img/img_00060712.jpg,lower-body clothes,190,135,282,147,272,82
9872,img/img_00060716.jpg,lower-body clothes,99,87,142,55,104,5
9873,img/img_00060717.jpg,lower-body clothes,96,114,161,47,161,65
9874,img/img_00060719.jpg,lower-body clothes,129,112,224,112,328,199
9875,img/img_00060721.jpg,lower-body clothes,365,325,385,60,388,23
9876,img/img_00060725.jpg,upper-body clothes,387,66,183,117,427,40
9877,img/img_00060729.jpg,upper-body clothes,378,232,321,89,434,56
9878,img/img_00060738.jpg,upper-body clothes,201,208,208,0,201,0
9879,img/img_00060749.jpg,full-body clothes,305,171,238,67,397,92
9880,img/img_00060758.jpg,upper-body clothes,243,185,276,91,378,135
9881,img/img_00060764.jpg,upper-body clothes,127,106,133,27,180,53
9882,img/img_00060772.jpg,lower-body clothes,180,205,276,71,453,273
9883,img/img_00060779.jpg,lower-body clothes,89,93,223,130,308,219
9884,img/img_00060780.jpg,lower-body clothes,94,123,185,62,195,101
9885,img/img_00060787.jpg,lower-body clothes,119,184,258,74,448,329
9886,img/img_00060792.jpg,lower-body clothes,119,42,159,117,150,31
9887,img/img_00060799.jpg,lower-body clothes,125,170,243,73,451,326
9888,img/img_00060803.jpg,lower-body clothes,232,200,200,0,232,0
9889,img/img_00060804.jpg,lower-body clothes,117,153,180,27,150,33
9890,img/img_00060807.jpg,lower-body clothes,87,98,134,36,270,183
9891,img/img_00060812.jpg,upper-body clothes,336,205,205,0,336,0
9892,img/img_00060813.jpg,upper-body clothes,291,260,260,0,291,0
9893,img/img_00060817.jpg,upper-body clothes,270,187,274,87,399,129
9894,img/img_00060827.jpg,upper-body clothes,127,73,143,70,198,71
9895,img/img_00060829.jpg,upper-body clothes,265,182,282,100,413,148
9896,img/img_00060834.jpg,upper-body clothes,348,92,199,107,440,92
9897,img/img_00060839.jpg,full-body clothes,229,114,175,61,319,90
9898,img/img_00060842.jpg,full-body clothes,125,43,97,54,164,39
9899,img/img_00060849.jpg,full-body clothes,284,107,199,92,377,93
9900,img/img_00060851.jpg,upper-body clothes,316,273,292,19,401,85
9901,img/img_00060853.jpg,upper-body clothes,266,202,475,273,312,46
9902,img/img_00060860.jpg,upper-body clothes,129,97,154,57,205,76
9903,img/img_00060868.jpg,upper-body clothes,376,281,395,114,457,81
9904,img/img_00060869.jpg,upper-body clothes,305,177,224,47,473,168
9905,img/img_00060872.jpg,lower-body clothes,373,34,248,214,376,3
9906,img/img_00060885.jpg,lower-body clothes,91,95,167,72,259,168
9907,img/img_00060889.jpg,lower-body clothes,197,70,227,157,423,226
9908,img/img_00060893.jpg,lower-body clothes,216,135,223,88,432,216
9909,img/img_00060896.jpg,lower-body clothes,226,99,187,88,446,220
9910,img/img_00060899.jpg,lower-body clothes,252,65,413,348,454,202
9911,img/img_00060904.jpg,lower-body clothes,233,96,248,152,441,208
9912,img/img_00060905.jpg,lower-body clothes,231,82,277,195,443,212
9913,img/img_00060916.jpg,lower-body clothes,284,65,302,237,291,7
9914,img/img_00060919.jpg,lower-body clothes,171,52,194,142,446,275
9915,img/img_00060932.jpg,lower-body clothes,237,98,205,107,246,9
9916,img/img_00060936.jpg,lower-body clothes,370,181,387,206,440,70
9917,img/img_00060945.jpg,lower-body clothes,450,225,225,0,450,0
9918,img/img_00060956.jpg,lower-body clothes,318,87,188,101,327,9
9919,img/img_00060962.jpg,lower-body clothes,359,156,229,73,442,83
9920,img/img_00060971.jpg,upper-body clothes,507,384,384,0,507,0
9921,img/img_00060973.jpg,upper-body clothes,301,182,284,102,446,145
9922,img/img_00060980.jpg,upper-body clothes,362,225,225,0,362,0
9923,img/img_00060987.jpg,upper-body clothes,200,154,214,60,348,148
9924,img/img_00060990.jpg,upper-body clothes,204,113,206,93,353,149
9925,img/img_00060993.jpg,upper-body clothes,128,106,150,44,218,90
9926,img/img_00060999.jpg,upper-body clothes,287,177,310,133,426,139
9927,img/img_00061001.jpg,lower-body clothes,400,36,181,145,412,12
9928,img/img_00061004.jpg,lower-body clothes,147,50,176,126,262,115
9929,img/img_00061029.jpg,lower-body clothes,1,1,1,0,1,0
9930,img/img_00061037.jpg,lower-body clothes,150,68,152,84,303,153
9931,img/img_00061048.jpg,lower-body clothes,208,112,226,114,395,187
9932,img/img_00061049.jpg,lower-body clothes,323,207,207,0,323,0
9933,img/img_00061063.jpg,upper-body clothes,170,154,254,100,321,151
9934,img/img_00061068.jpg,upper-body clothes,500,311,311,0,500,0
9935,img/img_00061071.jpg,upper-body clothes,392,451,451,0,392,0
9936,img/img_00061084.jpg,upper-body clothes,90,112,223,111,186,96
9937,img/img_00061087.jpg,upper-body clothes,488,270,270,0,488,0
9938,img/img_00061089.jpg,upper-body clothes,143,89,157,68,211,68
9939,img/img_00061099.jpg,full-body clothes,327,145,221,76,419,92
9940,img/img_00061100.jpg,full-body clothes,290,187,263,76,416,126
9941,img/img_00061112.jpg,upper-body clothes,118,55,179,124,208,90
9942,img/img_00061119.jpg,upper-body clothes,80,61,190,129,156,76
9943,img/img_00061128.jpg,upper-body clothes,114,345,345,0,114,0
9944,img/img_00061132.jpg,upper-body clothes,346,263,297,34,393,47
9945,img/img_00061139.jpg,full-body clothes,362,127,249,122,460,98
9946,img/img_00061141.jpg,full-body clothes,225,95,151,56,269,44
9947,img/img_00061149.jpg,full-body clothes,297,122,228,106,432,135
9948,img/img_00061152.jpg,full-body clothes,272,190,249,59,407,135
9949,img/img_00061170.jpg,upper-body clothes,126,108,231,123,252,126
9950,img/img_00061171.jpg,upper-body clothes,314,308,353,45,452,138
9951,img/img_00061172.jpg,upper-body clothes,448,383,383,0,448,0
9952,img/img_00061179.jpg,full-body clothes,181,77,465,388,242,61
9953,img/img_00061192.jpg,upper-body clothes,95,86,177,91,228,133
9954,img/img_00061194.jpg,upper-body clothes,310,220,220,0,310,0
9955,img/img_00061203.jpg,upper-body clothes,271,108,306,198,417,146
9956,img/img_00061206.jpg,upper-body clothes,98,73,120,47,164,66
9957,img/img_00061208.jpg,upper-body clothes,177,86,162,76,279,102
9958,img/img_00061210.jpg,upper-body clothes,281,192,321,129,466,185
9959,img/img_00061214.jpg,upper-body clothes,347,251,340,89,483,136
9960,img/img_00061215.jpg,upper-body clothes,286,193,247,54,379,93
9961,img/img_00061225.jpg,lower-body clothes,244,86,174,88,442,198
9962,img/img_00061232.jpg,lower-body clothes,69,28,46,18,81,12
9963,img/img_00061234.jpg,lower-body clothes,206,297,297,0,206,0
9964,img/img_00061248.jpg,lower-body clothes,364,121,219,98,434,70
9965,img/img_00061250.jpg,lower-body clothes,379,163,336,173,394,15
9966,img/img_00061257.jpg,lower-body clothes,409,32,161,129,452,43
9967,img/img_00061264.jpg,lower-body clothes,351,98,272,174,363,12
9968,img/img_00061281.jpg,upper-body clothes,180,126,190,64,277,97
9969,img/img_00061282.jpg,upper-body clothes,138,37,112,75,212,74
9970,img/img_00061284.jpg,upper-body clothes,285,216,310,94,426,141
9971,img/img_00061286.jpg,upper-body clothes,139,112,112,0,139,0
9972,img/img_00061291.jpg,full-body clothes,233,74,161,87,278,45
9973,img/img_00061296.jpg,full-body clothes,379,99,190,91,474,95
9974,img/img_00061299.jpg,full-body clothes,354,84,268,184,455,101
9975,img/img_00061302.jpg,full-body clothes,389,91,199,108,478,89
9976,img/img_00061306.jpg,upper-body clothes,327,184,237,53,496,169
9977,img/img_00061308.jpg,upper-body clothes,173,142,274,132,352,179
9978,img/img_00061323.jpg,upper-body clothes,267,183,266,83,496,229
9979,img/img_00061329.jpg,upper-body clothes,221,115,191,76,312,91
9980,img/img_00061334.jpg,upper-body clothes,207,96,192,96,325,118
9981,img/img_00061340.jpg,upper-body clothes,200,93,156,63,303,103
9982,img/img_00061349.jpg,full-body clothes,348,150,259,109,425,77
9983,img/img_00061350.jpg,full-body clothes,377,140,259,119,464,87
9984,img/img_00061354.jpg,full-body clothes,248,208,208,0,248,0
9985,img/img_00061356.jpg,full-body clothes,389,196,196,0,389,0
9986,img/img_00061366.jpg,lower-body clothes,351,154,214,60,440,89
9987,img/img_00061373.jpg,lower-body clothes,234,69,218,149,460,226
9988,img/img_00061375.jpg,lower-body clothes,401,115,248,133,422,21
9989,img/img_00061402.jpg,lower-body clothes,227,65,176,111,455,228
9990,img/img_00061409.jpg,lower-body clothes,262,75,226,151,486,224
9991,img/img_00061413.jpg,lower-body clothes,418,150,245,95,434,16
9992,img/img_00061429.jpg,lower-body clothes,177,142,226,84,468,291
9993,img/img_00061432.jpg,lower-body clothes,204,154,332,178,228,24
9994,img/img_00061445.jpg,lower-body clothes,114,128,312,184,175,61
9995,img/img_00061462.jpg,upper-body clothes,196,160,160,0,196,0
9996,img/img_00061476.jpg,upper-body clothes,148,92,228,136,250,102
9997,img/img_00061481.jpg,upper-body clothes,115,41,176,135,207,92
9998,img/img_00061494.jpg,upper-body clothes,236,175,355,180,394,158
9999,img/img_00061504.jpg,upper-body clothes,107,65,115,50,167,60
10000,img/img_00061533.jpg,lower-body clothes,228,53,188,135,406,178
10001,img/img_00061539.jpg,lower-body clothes,33,58,176,118,161,128
10002,img/img_00061542.jpg,lower-body clothes,254,100,258,158,470,216
10003,img/img_00061566.jpg,lower-body clothes,351,214,214,0,351,0
10004,img/img_00061567.jpg,lower-body clothes,204,85,184,99,406,202
10005,img/img_00061583.jpg,lower-body clothes,349,210,210,0,349,0
10006,img/img_00061584.jpg,lower-body clothes,352,134,235,101,365,13
10007,img/img_00061588.jpg,upper-body clothes,135,75,146,71,195,60
10008,img/img_00061610.jpg,lower-body clothes,156,60,105,45,168,12
10009,img/img_00061611.jpg,lower-body clothes,235,87,210,123,457,222
10010,img/img_00061613.jpg,lower-body clothes,332,184,286,102,440,108
10011,img/img_00061614.jpg,lower-body clothes,398,126,267,141,413,15
10012,img/img_00061617.jpg,lower-body clothes,328,115,203,88,352,24
10013,img/img_00061625.jpg,lower-body clothes,105,57,133,76,176,71
10014,img/img_00061626.jpg,lower-body clothes,209,89,139,50,250,41
10015,img/img_00061627.jpg,lower-body clothes,218,66,230,164,409,191
10016,img/img_00061637.jpg,lower-body clothes,262,72,247,175,474,212
10017,img/img_00061641.jpg,lower-body clothes,348,108,266,158,418,70
10018,img/img_00061645.jpg,lower-body clothes,228,71,157,86,471,243
10019,img/img_00061660.jpg,lower-body clothes,395,145,266,121,438,43
10020,img/img_00061661.jpg,lower-body clothes,427,155,285,130,436,9
10021,img/img_00061665.jpg,lower-body clothes,353,132,302,170,421,68
10022,img/img_00061699.jpg,lower-body clothes,422,157,289,132,441,19
10023,img/img_00061706.jpg,lower-body clothes,185,77,139,62,224,39
10024,img/img_00061711.jpg,lower-body clothes,182,73,128,55,205,23
10025,img/img_00061725.jpg,lower-body clothes,422,156,271,115,449,27
10026,img/img_00061731.jpg,lower-body clothes,150,56,108,52,320,170
10027,img/img_00061733.jpg,lower-body clothes,407,149,334,185,430,23
10028,img/img_00061736.jpg,lower-body clothes,311,96,213,117,494,183
10029,img/img_00061745.jpg,lower-body clothes,283,75,159,84,309,26
10030,img/img_00061758.jpg,upper-body clothes,223,139,214,75,260,37
10031,img/img_00061762.jpg,upper-body clothes,126,105,231,126,264,138
10032,img/img_00061764.jpg,upper-body clothes,132,149,231,82,239,107
10033,img/img_00061765.jpg,lower-body clothes,375,150,272,122,405,30
10034,img/img_00061778.jpg,lower-body clothes,225,121,209,88,237,12
10035,img/img_00061782.jpg,lower-body clothes,212,87,152,65,224,12
10036,img/img_00061785.jpg,lower-body clothes,360,150,255,105,386,26
10037,img/img_00061793.jpg,lower-body clothes,127,165,236,71,147,20
10038,img/img_00061797.jpg,lower-body clothes,304,108,232,124,324,20
10039,img/img_00061798.jpg,lower-body clothes,117,157,242,85,162,45
10040,img/img_00061803.jpg,lower-body clothes,188,60,183,123,209,21
10041,img/img_00061807.jpg,lower-body clothes,192,169,259,90,249,57
10042,img/img_00061815.jpg,lower-body clothes,187,143,228,85,200,13
10043,img/img_00061823.jpg,lower-body clothes,245,72,227,155,473,228
10044,img/img_00061826.jpg,full-body clothes,348,79,213,134,426,78
10045,img/img_00061833.jpg,full-body clothes,418,119,201,82,502,84
10046,img/img_00061834.jpg,full-body clothes,399,182,262,80,487,88
10047,img/img_00061849.jpg,lower-body clothes,201,106,179,73,328,127
10048,img/img_00061857.jpg,lower-body clothes,131,51,126,75,229,98
10049,img/img_00061871.jpg,lower-body clothes,267,134,216,82,472,205
10050,img/img_00061878.jpg,lower-body clothes,76,86,231,145,300,224
10051,img/img_00061883.jpg,lower-body clothes,64,38,186,148,202,138
10052,img/img_00061889.jpg,lower-body clothes,88,89,285,196,288,200
10053,img/img_00061896.jpg,lower-body clothes,78,89,125,36,229,151
10054,img/img_00061904.jpg,lower-body clothes,93,176,251,75,424,331
10055,img/img_00061908.jpg,lower-body clothes,282,113,113,0,282,0
10056,img/img_00061910.jpg,lower-body clothes,181,53,143,90,225,44
10057,img/img_00061916.jpg,lower-body clothes,355,125,294,169,410,55
10058,img/img_00061918.jpg,lower-body clothes,195,93,206,113,320,125
10059,img/img_00061919.jpg,lower-body clothes,432,137,225,88,461,29
10060,img/img_00061936.jpg,lower-body clothes,418,143,270,127,431,13
10061,img/img_00061944.jpg,lower-body clothes,75,73,141,68,89,14
10062,img/img_00061956.jpg,lower-body clothes,197,71,196,125,421,224
10063,img/img_00061968.jpg,lower-body clothes,423,175,254,79,451,28
10064,img/img_00061980.jpg,lower-body clothes,178,85,132,47,207,29
10065,img/img_00061989.jpg,lower-body clothes,23,229,229,0,23,0
10066,img/img_00061991.jpg,lower-body clothes,179,77,135,58,198,19
10067,img/img_00061993.jpg,lower-body clothes,232,104,214,110,449,217
10068,img/img_00061994.jpg,lower-body clothes,189,86,141,55,202,13
10069,img/img_00062002.jpg,lower-body clothes,191,75,144,69,207,16
10070,img/img_00062009.jpg,lower-body clothes,407,173,287,114,432,25
10071,img/img_00062010.jpg,lower-body clothes,347,230,230,0,347,0
10072,img/img_00062018.jpg,lower-body clothes,116,42,142,100,225,109
10073,img/img_00062019.jpg,lower-body clothes,414,149,277,128,460,46
10074,img/img_00062023.jpg,lower-body clothes,392,177,472,295,418,26
10075,img/img_00062028.jpg,lower-body clothes,182,66,148,82,216,34
10076,img/img_00062033.jpg,lower-body clothes,144,71,130,59,198,54
10077,img/img_00062035.jpg,lower-body clothes,175,76,129,53,202,27
10078,img/img_00062046.jpg,lower-body clothes,309,130,268,138,439,130
10079,img/img_00062054.jpg,lower-body clothes,281,210,210,0,281,0
10080,img/img_00062068.jpg,lower-body clothes,23,254,254,0,23,0
10081,img/img_00062072.jpg,lower-body clothes,345,443,453,10,358,13
10082,img/img_00062082.jpg,lower-body clothes,299,121,190,69,491,192
10083,img/img_00062097.jpg,full-body clothes,354,39,226,187,433,79
10084,img/img_00062100.jpg,full-body clothes,119,55,175,120,170,51
10085,img/img_00062108.jpg,lower-body clothes,92,132,207,75,376,284
10086,img/img_00062110.jpg,lower-body clothes,113,152,261,109,416,303
10087,img/img_00062113.jpg,lower-body clothes,68,79,132,53,269,201
10088,img/img_00062116.jpg,lower-body clothes,106,153,247,94,440,334
10089,img/img_00062118.jpg,lower-body clothes,108,168,244,76,408,300
10090,img/img_00062119.jpg,lower-body clothes,101,153,214,61,358,257
10091,img/img_00062123.jpg,lower-body clothes,225,309,320,11,326,101
10092,img/img_00062132.jpg,lower-body clothes,68,71,135,64,78,10
10093,img/img_00062134.jpg,lower-body clothes,171,196,266,70,496,325
10094,img/img_00062145.jpg,lower-body clothes,109,152,225,73,357,248
10095,img/img_00062149.jpg,lower-body clothes,69,56,217,161,266,197
10096,img/img_00062164.jpg,lower-body clothes,426,162,271,109,435,9
10097,img/img_00062184.jpg,upper-body clothes,145,84,201,117,246,101
10098,img/img_00062200.jpg,lower-body clothes,405,81,194,113,415,10
10099,img/img_00062202.jpg,lower-body clothes,404,131,252,121,422,18
10100,img/img_00062208.jpg,lower-body clothes,377,135,246,111,402,25
10101,img/img_00062210.jpg,lower-body clothes,448,37,202,165,454,6
10102,img/img_00062212.jpg,lower-body clothes,166,70,126,56,210,44
10103,img/img_00062219.jpg,lower-body clothes,425,158,269,111,439,14
10104,img/img_00062223.jpg,lower-body clothes,142,67,162,95,274,132
10105,img/img_00062237.jpg,upper-body clothes,166,103,256,153,302,136
10106,img/img_00062239.jpg,upper-body clothes,250,261,261,0,250,0
10107,img/img_00062242.jpg,upper-body clothes,116,95,138,43,192,76
10108,img/img_00062248.jpg,upper-body clothes,167,79,149,70,237,70
10109,img/img_00062249.jpg,upper-body clothes,196,138,197,59,289,93
10110,img/img_00062251.jpg,upper-body clothes,143,92,143,51,209,66
10111,img/img_00062267.jpg,upper-body clothes,355,70,242,172,460,105
10112,img/img_00062269.jpg,upper-body clothes,180,118,185,67,290,110
10113,img/img_00062270.jpg,upper-body clothes,444,282,282,0,444,0
10114,img/img_00062282.jpg,lower-body clothes,91,91,244,153,252,161
10115,img/img_00062285.jpg,full-body clothes,161,33,126,93,206,45
10116,img/img_00062286.jpg,full-body clothes,341,206,206,0,341,0
10117,img/img_00062297.jpg,lower-body clothes,298,118,209,91,320,22
10118,img/img_00062317.jpg,lower-body clothes,434,150,252,102,446,12
10119,img/img_00062319.jpg,lower-body clothes,389,122,243,121,431,42
10120,img/img_00062327.jpg,lower-body clothes,168,69,195,126,214,46
10121,img/img_00062338.jpg,upper-body clothes,188,180,265,85,345,157
10122,img/img_00062339.jpg,upper-body clothes,216,86,180,94,311,95
10123,img/img_00062346.jpg,upper-body clothes,234,116,266,150,382,148
10124,img/img_00062358.jpg,upper-body clothes,228,181,278,97,389,161
10125,img/img_00062363.jpg,upper-body clothes,180,105,200,95,262,82
10126,img/img_00062366.jpg,full-body clothes,178,248,248,0,178,0
10127,img/img_00062367.jpg,full-body clothes,299,174,212,38,416,117
10128,img/img_00062385.jpg,full-body clothes,336,128,252,124,447,111
10129,img/img_00062386.jpg,full-body clothes,205,122,215,93,311,106
10130,img/img_00062391.jpg,full-body clothes,197,132,212,80,277,80
10131,img/img_00062398.jpg,full-body clothes,385,170,303,133,495,110
10132,img/img_00062404.jpg,full-body clothes,189,96,153,57,241,52
10133,img/img_00062411.jpg,upper-body clothes,417,227,227,0,417,0
10134,img/img_00062416.jpg,upper-body clothes,189,90,192,102,215,26
10135,img/img_00062418.jpg,upper-body clothes,302,160,160,0,302,0
10136,img/img_00062420.jpg,upper-body clothes,179,225,296,71,324,145
10137,img/img_00062430.jpg,full-body clothes,154,58,146,88,211,57
10138,img/img_00062448.jpg,upper-body clothes,174,130,213,83,247,73
10139,img/img_00062456.jpg,upper-body clothes,237,81,215,134,395,158
10140,img/img_00062470.jpg,upper-body clothes,188,155,268,113,309,121
10141,img/img_00062472.jpg,upper-body clothes,214,171,171,0,214,0
10142,img/img_00062479.jpg,upper-body clothes,267,183,259,76,408,141
10143,img/img_00062492.jpg,upper-body clothes,246,163,384,221,379,133
10144,img/img_00062495.jpg,full-body clothes,306,57,199,142,390,84
10145,img/img_00062497.jpg,full-body clothes,221,149,253,104,284,63
10146,img/img_00062498.jpg,full-body clothes,230,120,208,88,267,37
10147,img/img_00062509.jpg,upper-body clothes,384,262,262,0,384,0
10148,img/img_00062518.jpg,upper-body clothes,335,235,235,0,335,0
10149,img/img_00062533.jpg,upper-body clothes,381,275,385,110,413,32
10150,img/img_00062534.jpg,upper-body clothes,348,271,394,123,431,83
10151,img/img_00062535.jpg,upper-body clothes,54,20,94,74,83,29
10152,img/img_00062538.jpg,upper-body clothes,334,198,280,82,349,15
10153,img/img_00062540.jpg,upper-body clothes,132,95,143,48,204,72
10154,img/img_00062542.jpg,upper-body clothes,151,71,132,61,245,94
10155,img/img_00062555.jpg,upper-body clothes,193,76,76,0,193,0
10156,img/img_00062558.jpg,upper-body clothes,129,103,227,124,218,89
10157,img/img_00062559.jpg,upper-body clothes,157,100,266,166,240,83
10158,img/img_00062567.jpg,full-body clothes,377,84,216,132,467,90
10159,img/img_00062571.jpg,full-body clothes,381,108,219,111,464,83
10160,img/img_00062587.jpg,full-body clothes,296,108,215,107,429,133
10161,img/img_00062595.jpg,full-body clothes,350,97,182,85,464,114
10162,img/img_00062596.jpg,full-body clothes,241,90,144,54,292,51
10163,img/img_00062606.jpg,upper-body clothes,125,44,170,126,201,76
10164,img/img_00062618.jpg,full-body clothes,396,211,284,73,491,95
10165,img/img_00062621.jpg,full-body clothes,220,119,199,80,287,67
10166,img/img_00062628.jpg,full-body clothes,371,194,249,55,476,105
10167,img/img_00062632.jpg,full-body clothes,285,60,221,161,379,94
10168,img/img_00062645.jpg,full-body clothes,248,127,265,138,325,77
10169,img/img_00062648.jpg,full-body clothes,197,124,237,113,275,78
10170,img/img_00062656.jpg,upper-body clothes,288,69,218,149,402,114
10171,img/img_00062660.jpg,upper-body clothes,140,86,213,127,224,84
10172,img/img_00062669.jpg,upper-body clothes,244,99,194,95,404,160
10173,img/img_00062681.jpg,upper-body clothes,150,69,153,84,229,79
10174,img/img_00062690.jpg,upper-body clothes,129,114,257,143,228,99
10175,img/img_00062693.jpg,upper-body clothes,234,90,226,136,393,159
10176,img/img_00062701.jpg,upper-body clothes,190,109,260,151,289,99
10177,img/img_00062704.jpg,upper-body clothes,145,112,209,97,241,96
10178,img/img_00062707.jpg,upper-body clothes,127,112,250,138,274,147
10179,img/img_00062714.jpg,upper-body clothes,366,249,249,0,366,0
10180,img/img_00062720.jpg,upper-body clothes,152,104,195,91,253,101
10181,img/img_00062723.jpg,upper-body clothes,239,162,260,98,404,165
10182,img/img_00062726.jpg,upper-body clothes,251,93,210,117,416,165
10183,img/img_00062729.jpg,upper-body clothes,198,125,251,126,376,178
10184,img/img_00062737.jpg,upper-body clothes,296,167,268,101,432,136
10185,img/img_00062754.jpg,full-body clothes,259,173,256,83,266,7
10186,img/img_00062758.jpg,full-body clothes,423,242,242,0,423,0
10187,img/img_00062775.jpg,lower-body clothes,101,170,252,82,404,303
10188,img/img_00062786.jpg,upper-body clothes,383,445,445,0,383,0
10189,img/img_00062804.jpg,upper-body clothes,127,119,203,84,225,98
10190,img/img_00062810.jpg,upper-body clothes,313,201,281,80,478,165
10191,img/img_00062814.jpg,upper-body clothes,150,117,178,61,167,17
10192,img/img_00062815.jpg,upper-body clothes,292,146,435,289,453,161
10193,img/img_00062818.jpg,upper-body clothes,212,170,285,115,353,141
10194,img/img_00062822.jpg,upper-body clothes,123,99,156,57,206,83
10195,img/img_00062825.jpg,upper-body clothes,250,109,221,112,278,28
10196,img/img_00062826.jpg,upper-body clothes,228,143,293,150,375,147
10197,img/img_00062827.jpg,upper-body clothes,280,137,203,66,409,129
10198,img/img_00062828.jpg,upper-body clothes,273,163,252,89,384,111
10199,img/img_00062831.jpg,upper-body clothes,127,74,147,73,219,92
10200,img/img_00062837.jpg,upper-body clothes,137,99,172,73,206,69
10201,img/img_00062842.jpg,upper-body clothes,271,191,324,133,402,131
10202,img/img_00062850.jpg,upper-body clothes,227,172,248,76,382,155
10203,img/img_00062853.jpg,upper-body clothes,230,152,230,78,378,148
10204,img/img_00062856.jpg,upper-body clothes,289,134,223,89,415,126
10205,img/img_00062907.jpg,full-body clothes,237,93,174,81,317,80
10206,img/img_00062908.jpg,full-body clothes,126,19,88,69,171,45
10207,img/img_00062918.jpg,full-body clothes,286,165,228,63,397,111
10208,img/img_00062919.jpg,full-body clothes,191,95,214,119,268,77
10209,img/img_00062920.jpg,upper-body clothes,132,87,142,55,206,74
10210,img/img_00062930.jpg,upper-body clothes,242,114,299,185,389,147
10211,img/img_00062934.jpg,upper-body clothes,141,89,205,116,222,81
10212,img/img_00062939.jpg,upper-body clothes,87,63,82,19,147,60
10213,img/img_00062940.jpg,upper-body clothes,137,246,246,0,137,0
10214,img/img_00062957.jpg,upper-body clothes,148,116,209,93,245,97
10215,img/img_00062967.jpg,upper-body clothes,94,71,182,111,114,20
10216,img/img_00062971.jpg,upper-body clothes,205,164,447,283,228,23
10217,img/img_00062975.jpg,full-body clothes,193,70,172,102,269,76
10218,img/img_00062986.jpg,upper-body clothes,149,83,135,52,229,80
10219,img/img_00062991.jpg,upper-body clothes,274,248,301,53,340,66
10220,img/img_00063008.jpg,upper-body clothes,295,135,211,76,330,35
10221,img/img_00063010.jpg,upper-body clothes,391,270,330,60,482,91
10222,img/img_00063017.jpg,upper-body clothes,298,70,225,155,489,191
10223,img/img_00063018.jpg,upper-body clothes,132,99,199,100,234,102
10224,img/img_00063019.jpg,upper-body clothes,220,100,225,125,328,108
10225,img/img_00063032.jpg,upper-body clothes,141,88,447,359,207,66
10226,img/img_00063042.jpg,upper-body clothes,488,275,275,0,488,0
10227,img/img_00063046.jpg,upper-body clothes,186,39,165,126,278,92
10228,img/img_00063055.jpg,upper-body clothes,259,202,260,58,410,151
10229,img/img_00063056.jpg,upper-body clothes,295,68,251,183,415,120
10230,img/img_00063058.jpg,upper-body clothes,312,207,318,111,475,163
10231,img/img_00063061.jpg,lower-body clothes,249,58,193,135,446,197
10232,img/img_00063064.jpg,lower-body clothes,437,54,193,139,454,17
10233,img/img_00063070.jpg,lower-body clothes,199,86,181,95,216,17
10234,img/img_00063077.jpg,lower-body clothes,267,59,205,146,449,182
10235,img/img_00063079.jpg,lower-body clothes,264,50,198,148,448,184
10236,img/img_00063084.jpg,lower-body clothes,86,116,182,66,301,215
10237,img/img_00063090.jpg,lower-body clothes,158,121,188,67,358,200
10238,img/img_00063092.jpg,lower-body clothes,101,123,255,132,357,256
10239,img/img_00063100.jpg,upper-body clothes,200,135,454,319,272,72
10240,img/img_00063103.jpg,upper-body clothes,201,94,188,94,328,127
10241,img/img_00063106.jpg,upper-body clothes,153,83,235,152,228,75
10242,img/img_00063117.jpg,lower-body clothes,277,110,253,143,283,6
10243,img/img_00063119.jpg,lower-body clothes,230,61,196,135,233,3
10244,img/img_00063125.jpg,lower-body clothes,157,57,151,94,169,12
10245,img/img_00063135.jpg,full-body clothes,258,214,214,0,258,0
10246,img/img_00063143.jpg,lower-body clothes,350,112,311,199,357,7
10247,img/img_00063150.jpg,lower-body clothes,203,87,211,124,394,191
10248,img/img_00063163.jpg,lower-body clothes,114,44,180,136,399,285
10249,img/img_00063169.jpg,lower-body clothes,311,139,277,138,456,145
10250,img/img_00063182.jpg,lower-body clothes,57,111,236,125,291,234
10251,img/img_00063183.jpg,lower-body clothes,231,139,241,102,261,30
10252,img/img_00063186.jpg,lower-body clothes,109,134,282,148,141,32
10253,img/img_00063189.jpg,lower-body clothes,59,116,236,120,280,221
10254,img/img_00063194.jpg,lower-body clothes,146,19,165,146,258,112
10255,img/img_00063198.jpg,lower-body clothes,153,90,213,123,359,206
10256,img/img_00063199.jpg,lower-body clothes,272,98,259,161,476,204
10257,img/img_00063204.jpg,lower-body clothes,212,65,218,153,406,194
10258,img/img_00063211.jpg,lower-body clothes,237,71,167,96,264,27
10259,img/img_00063220.jpg,lower-body clothes,432,138,320,182,446,14
10260,img/img_00063225.jpg,lower-body clothes,216,75,204,129,372,156
10261,img/img_00063230.jpg,lower-body clothes,23,300,300,0,23,0
10262,img/img_00063231.jpg,lower-body clothes,375,172,246,74,411,36
10263,img/img_00063237.jpg,lower-body clothes,250,133,199,66,287,37
10264,img/img_00063239.jpg,lower-body clothes,88,138,167,29,174,86
10265,img/img_00063242.jpg,lower-body clothes,235,268,268,0,235,0
10266,img/img_00063244.jpg,lower-body clothes,338,262,380,118,374,36
10267,img/img_00063249.jpg,full-body clothes,218,99,200,101,286,68
10268,img/img_00063250.jpg,full-body clothes,253,138,224,86,330,77
10269,img/img_00063253.jpg,full-body clothes,131,46,153,107,182,51
10270,img/img_00063263.jpg,upper-body clothes,268,107,172,65,316,48
10271,img/img_00063264.jpg,upper-body clothes,423,203,260,57,483,60
10272,img/img_00063265.jpg,upper-body clothes,389,183,338,155,442,53
10273,img/img_00063268.jpg,full-body clothes,344,178,243,65,478,134
10274,img/img_00063272.jpg,full-body clothes,182,116,169,53,281,99
10275,img/img_00063285.jpg,lower-body clothes,210,167,261,94,258,48
10276,img/img_00063289.jpg,lower-body clothes,252,233,233,0,252,0
10277,img/img_00063293.jpg,lower-body clothes,237,87,254,167,430,193
10278,img/img_00063302.jpg,upper-body clothes,301,248,326,78,363,62
10279,img/img_00063305.jpg,upper-body clothes,151,121,198,77,247,96
10280,img/img_00063308.jpg,upper-body clothes,212,180,350,170,342,130
10281,img/img_00063310.jpg,upper-body clothes,62,223,223,0,62,0
10282,img/img_00063314.jpg,upper-body clothes,126,60,115,55,204,78
10283,img/img_00063319.jpg,upper-body clothes,124,73,138,65,197,73
10284,img/img_00063344.jpg,lower-body clothes,239,256,301,45,273,34
10285,img/img_00063351.jpg,lower-body clothes,177,78,203,125,199,22
10286,img/img_00063361.jpg,lower-body clothes,255,219,219,0,255,0
10287,img/img_00063367.jpg,lower-body clothes,222,76,218,142,246,24
10288,img/img_00063370.jpg,lower-body clothes,159,67,137,70,172,13
10289,img/img_00063372.jpg,lower-body clothes,232,99,232,133,498,266
10290,img/img_00063379.jpg,lower-body clothes,368,106,214,108,378,10
10291,img/img_00063385.jpg,lower-body clothes,440,94,210,116,470,30
10292,img/img_00063389.jpg,lower-body clothes,171,36,89,53,304,133
10293,img/img_00063393.jpg,lower-body clothes,52,305,305,0,52,0
10294,img/img_00063406.jpg,lower-body clothes,124,132,207,75,422,298
10295,img/img_00063407.jpg,lower-body clothes,117,156,331,175,143,26
10296,img/img_00063412.jpg,lower-body clothes,58,81,189,108,77,19
10297,img/img_00063413.jpg,lower-body clothes,59,56,56,0,59,0
10298,img/img_00063420.jpg,lower-body clothes,82,100,242,142,245,163
10299,img/img_00063421.jpg,lower-body clothes,174,170,170,0,174,0
10300,img/img_00063424.jpg,lower-body clothes,118,126,212,86,374,256
10301,img/img_00063438.jpg,upper-body clothes,254,28,224,196,335,81
10302,img/img_00063447.jpg,upper-body clothes,85,50,123,73,125,40
10303,img/img_00063461.jpg,upper-body clothes,243,165,260,95,331,88
10304,img/img_00063463.jpg,upper-body clothes,290,229,287,58,391,101
10305,img/img_00063471.jpg,upper-body clothes,427,287,287,0,427,0
10306,img/img_00063476.jpg,full-body clothes,323,140,245,105,438,115
10307,img/img_00063495.jpg,lower-body clothes,68,76,138,62,78,10
10308,img/img_00063501.jpg,lower-body clothes,187,296,340,44,208,21
10309,img/img_00063511.jpg,lower-body clothes,107,77,206,129,119,12
10310,img/img_00063515.jpg,lower-body clothes,106,50,209,159,124,18
10311,img/img_00063522.jpg,upper-body clothes,335,244,244,0,335,0
10312,img/img_00063523.jpg,upper-body clothes,342,52,203,151,479,137
10313,img/img_00063524.jpg,upper-body clothes,279,180,203,23,396,117
10314,img/img_00063525.jpg,upper-body clothes,349,228,228,0,349,0
10315,img/img_00063527.jpg,upper-body clothes,275,171,331,160,399,124
10316,img/img_00063528.jpg,upper-body clothes,183,138,196,58,253,70
10317,img/img_00063545.jpg,lower-body clothes,311,78,181,103,369,58
10318,img/img_00063546.jpg,lower-body clothes,332,121,213,92,352,20
10319,img/img_00063552.jpg,lower-body clothes,161,299,299,0,161,0
10320,img/img_00063555.jpg,lower-body clothes,391,110,215,105,405,14
10321,img/img_00063563.jpg,upper-body clothes,301,162,271,109,441,140
10322,img/img_00063573.jpg,lower-body clothes,126,114,147,33,332,206
10323,img/img_00063575.jpg,lower-body clothes,160,116,248,132,425,265
10324,img/img_00063576.jpg,lower-body clothes,109,90,145,55,111,2
10325,img/img_00063577.jpg,lower-body clothes,98,90,134,44,104,6
10326,img/img_00063583.jpg,lower-body clothes,398,125,240,115,447,49
10327,img/img_00063585.jpg,lower-body clothes,75,51,128,77,166,91
10328,img/img_00063590.jpg,lower-body clothes,233,177,332,155,254,21
10329,img/img_00063594.jpg,upper-body clothes,180,298,298,0,180,0
10330,img/img_00063597.jpg,upper-body clothes,262,202,305,103,368,106
10331,img/img_00063607.jpg,upper-body clothes,108,74,230,156,202,94
10332,img/img_00063613.jpg,upper-body clothes,78,71,194,123,188,110
10333,img/img_00063627.jpg,full-body clothes,148,13,263,250,234,86
10334,img/img_00063630.jpg,full-body clothes,229,114,175,61,325,96
10335,img/img_00063633.jpg,full-body clothes,173,259,259,0,173,0
10336,img/img_00063653.jpg,full-body clothes,261,224,224,0,261,0
10337,img/img_00063654.jpg,full-body clothes,356,36,194,158,438,82
10338,img/img_00063655.jpg,full-body clothes,326,75,162,87,413,87
10339,img/img_00063657.jpg,full-body clothes,362,48,84,36,438,76
10340,img/img_00063660.jpg,full-body clothes,304,129,240,111,395,91
10341,img/img_00063666.jpg,full-body clothes,258,141,265,124,336,78
10342,img/img_00063680.jpg,upper-body clothes,316,190,257,67,469,153
10343,img/img_00063683.jpg,lower-body clothes,114,100,209,109,356,242
10344,img/img_00063685.jpg,lower-body clothes,135,60,176,116,316,181
10345,img/img_00063697.jpg,lower-body clothes,148,51,183,132,264,116
10346,img/img_00063701.jpg,lower-body clothes,222,77,153,76,408,186
10347,img/img_00063721.jpg,lower-body clothes,241,76,213,137,458,217
10348,img/img_00063722.jpg,lower-body clothes,87,98,142,44,275,188
10349,img/img_00063726.jpg,lower-body clothes,333,223,223,0,333,0
10350,img/img_00063731.jpg,upper-body clothes,375,326,408,82,446,71
10351,img/img_00063734.jpg,upper-body clothes,175,89,141,52,262,87
10352,img/img_00063752.jpg,full-body clothes,275,163,243,80,393,118
10353,img/img_00063756.jpg,full-body clothes,277,168,275,107,402,125
10354,img/img_00063758.jpg,full-body clothes,155,76,162,86,218,63
10355,img/img_00063768.jpg,full-body clothes,345,152,260,108,450,105
10356,img/img_00063771.jpg,full-body clothes,162,88,146,58,238,76
10357,img/img_00063772.jpg,full-body clothes,131,30,128,98,178,47
10358,img/img_00063783.jpg,upper-body clothes,275,216,216,0,275,0
10359,img/img_00063784.jpg,upper-body clothes,294,176,259,83,450,156
10360,img/img_00063789.jpg,upper-body clothes,504,346,346,0,504,0
10361,img/img_00063798.jpg,full-body clothes,240,109,252,143,325,85
10362,img/img_00063812.jpg,upper-body clothes,268,214,349,135,429,161
10363,img/img_00063817.jpg,upper-body clothes,273,180,242,62,333,60
10364,img/img_00063819.jpg,upper-body clothes,197,294,294,0,197,0
10365,img/img_00063823.jpg,upper-body clothes,89,59,103,44,115,26
10366,img/img_00063830.jpg,upper-body clothes,170,107,168,61,287,117
10367,img/img_00063846.jpg,full-body clothes,315,48,124,76,383,68
10368,img/img_00063857.jpg,full-body clothes,428,243,243,0,428,0
10369,img/img_00063859.jpg,full-body clothes,313,128,222,94,444,131
10370,img/img_00063863.jpg,full-body clothes,352,76,214,138,466,114
10371,img/img_00063873.jpg,lower-body clothes,121,133,267,134,179,58
10372,img/img_00063875.jpg,lower-body clothes,140,143,166,23,146,6
10373,img/img_00063879.jpg,upper-body clothes,215,64,270,206,341,126
10374,img/img_00063887.jpg,upper-body clothes,292,80,180,100,391,99
10375,img/img_00063896.jpg,upper-body clothes,272,188,289,101,413,141
10376,img/img_00063897.jpg,upper-body clothes,197,156,291,135,301,104
10377,img/img_00063907.jpg,full-body clothes,409,206,374,168,470,61
10378,img/img_00063919.jpg,full-body clothes,318,198,232,34,432,114
10379,img/img_00063921.jpg,upper-body clothes,266,39,198,159,384,118
10380,img/img_00063937.jpg,upper-body clothes,237,95,227,132,365,128
10381,img/img_00063941.jpg,lower-body clothes,109,60,200,140,130,21
10382,img/img_00063943.jpg,lower-body clothes,423,318,318,0,423,0
10383,img/img_00063946.jpg,lower-body clothes,97,109,195,86,306,209
10384,img/img_00063958.jpg,lower-body clothes,219,128,251,123,238,19
10385,img/img_00063964.jpg,lower-body clothes,249,220,220,0,249,0
10386,img/img_00063965.jpg,lower-body clothes,211,238,300,62,488,277
10387,img/img_00063968.jpg,lower-body clothes,467,266,270,4,498,31
10388,img/img_00063969.jpg,lower-body clothes,114,51,180,129,401,287
10389,img/img_00063970.jpg,lower-body clothes,348,179,329,150,397,49
10390,img/img_00063971.jpg,lower-body clothes,486,51,135,84,501,15
10391,img/img_00063974.jpg,lower-body clothes,329,47,199,152,454,125
10392,img/img_00063977.jpg,lower-body clothes,183,44,150,106,292,109
10393,img/img_00063990.jpg,lower-body clothes,19,455,455,0,19,0
10394,img/img_00063994.jpg,lower-body clothes,151,66,228,162,304,153
10395,img/img_00063997.jpg,upper-body clothes,417,331,377,46,468,51
10396,img/img_00064000.jpg,upper-body clothes,455,315,415,100,493,38
10397,img/img_00064005.jpg,upper-body clothes,149,113,181,68,233,84
10398,img/img_00064009.jpg,upper-body clothes,466,291,314,23,483,17
10399,img/img_00064011.jpg,upper-body clothes,71,316,316,0,71,0
10400,img/img_00064023.jpg,full-body clothes,174,73,189,116,252,78
10401,img/img_00064031.jpg,full-body clothes,50,56,56,0,50,0
10402,img/img_00064038.jpg,full-body clothes,225,115,277,162,299,74
10403,img/img_00064044.jpg,full-body clothes,234,122,174,52,319,85
10404,img/img_00064064.jpg,lower-body clothes,69,58,130,72,222,153
10405,img/img_00064065.jpg,lower-body clothes,21,61,269,208,164,143
10406,img/img_00064067.jpg,lower-body clothes,97,142,208,66,195,98
10407,img/img_00064068.jpg,lower-body clothes,245,185,185,0,245,0
10408,img/img_00064080.jpg,lower-body clothes,296,118,224,106,377,81
10409,img/img_00064081.jpg,lower-body clothes,230,92,210,118,455,225
10410,img/img_00064092.jpg,lower-body clothes,364,185,276,91,415,51
10411,img/img_00064095.jpg,lower-body clothes,199,76,175,99,393,194
10412,img/img_00064096.jpg,lower-body clothes,131,85,130,45,173,42
10413,img/img_00064102.jpg,lower-body clothes,202,56,126,70,204,2
10414,img/img_00064128.jpg,lower-body clothes,173,73,218,145,347,174
10415,img/img_00064133.jpg,lower-body clothes,152,85,218,133,344,192
10416,img/img_00064137.jpg,lower-body clothes,124,60,223,163,252,128
10417,img/img_00064145.jpg,lower-body clothes,225,84,210,126,439,214
10418,img/img_00064151.jpg,lower-body clothes,346,172,172,0,346,0
10419,img/img_00064153.jpg,lower-body clothes,331,283,283,0,331,0
10420,img/img_00064159.jpg,lower-body clothes,366,151,252,101,425,59
10421,img/img_00064163.jpg,lower-body clothes,201,81,107,26,202,1
10422,img/img_00064173.jpg,lower-body clothes,103,39,119,80,217,114
10423,img/img_00064175.jpg,lower-body clothes,192,92,184,92,397,205
10424,img/img_00064176.jpg,upper-body clothes,145,114,154,40,215,70
10425,img/img_00064182.jpg,upper-body clothes,252,258,258,0,252,0
10426,img/img_00064184.jpg,upper-body clothes,157,130,258,128,246,89
10427,img/img_00064195.jpg,full-body clothes,214,124,264,140,308,94
10428,img/img_00064202.jpg,full-body clothes,365,201,286,85,494,129
10429,img/img_00064209.jpg,full-body clothes,296,162,328,166,408,112
10430,img/img_00064213.jpg,full-body clothes,350,241,241,0,350,0
10431,img/img_00064220.jpg,upper-body clothes,295,222,339,117,409,114
10432,img/img_00064221.jpg,upper-body clothes,228,172,291,119,374,146
10433,img/img_00064224.jpg,upper-body clothes,76,57,144,87,122,46
10434,img/img_00064231.jpg,upper-body clothes,157,278,278,0,157,0
10435,img/img_00064236.jpg,lower-body clothes,467,70,240,170,474,7
10436,img/img_00064252.jpg,lower-body clothes,193,89,148,59,201,8
10437,img/img_00064255.jpg,lower-body clothes,245,79,189,110,247,2
10438,img/img_00064262.jpg,lower-body clothes,95,36,58,22,100,5
10439,img/img_00064266.jpg,lower-body clothes,218,115,266,151,225,7
10440,img/img_00064268.jpg,lower-body clothes,331,129,217,88,337,6
10441,img/img_00064271.jpg,lower-body clothes,385,103,237,134,409,24
10442,img/img_00064303.jpg,full-body clothes,288,228,228,0,288,0
10443,img/img_00064318.jpg,upper-body clothes,126,95,154,59,172,46
10444,img/img_00064329.jpg,upper-body clothes,115,74,133,59,187,72
10445,img/img_00064344.jpg,upper-body clothes,198,121,188,67,273,75
10446,img/img_00064366.jpg,lower-body clothes,243,107,166,59,262,19
10447,img/img_00064374.jpg,lower-body clothes,390,188,277,89,416,26
10448,img/img_00064379.jpg,lower-body clothes,327,145,225,80,353,26
10449,img/img_00064384.jpg,lower-body clothes,381,66,223,157,440,59
10450,img/img_00064394.jpg,upper-body clothes,345,80,185,105,433,88
10451,img/img_00064402.jpg,upper-body clothes,264,123,262,139,391,127
10452,img/img_00064407.jpg,upper-body clothes,130,165,226,61,230,100
10453,img/img_00064422.jpg,lower-body clothes,357,100,270,170,424,67
10454,img/img_00064430.jpg,lower-body clothes,219,194,264,70,239,20
10455,img/img_00064442.jpg,lower-body clothes,69,90,149,59,99,30
10456,img/img_00064450.jpg,full-body clothes,202,78,240,162,286,84
10457,img/img_00064459.jpg,full-body clothes,213,114,290,176,308,95
10458,img/img_00064463.jpg,upper-body clothes,284,207,279,72,410,126
10459,img/img_00064465.jpg,upper-body clothes,98,119,119,0,98,0
10460,img/img_00064467.jpg,upper-body clothes,227,124,223,99,287,60
10461,img/img_00064471.jpg,upper-body clothes,170,140,188,48,235,65
10462,img/img_00064473.jpg,upper-body clothes,235,151,247,96,354,119
10463,img/img_00064475.jpg,upper-body clothes,413,162,162,0,413,0
10464,img/img_00064476.jpg,upper-body clothes,263,144,289,145,404,141
10465,img/img_00064482.jpg,upper-body clothes,275,46,188,142,404,129
10466,img/img_00064484.jpg,upper-body clothes,388,204,275,71,494,106
10467,img/img_00064485.jpg,upper-body clothes,294,200,268,68,352,58
10468,img/img_00064490.jpg,upper-body clothes,441,281,281,0,441,0
10469,img/img_00064504.jpg,upper-body clothes,266,139,217,78,377,111
10470,img/img_00064511.jpg,lower-body clothes,105,187,325,138,491,386
10471,img/img_00064517.jpg,lower-body clothes,200,73,203,130,417,217
10472,img/img_00064536.jpg,lower-body clothes,178,81,143,62,198,20
10473,img/img_00064540.jpg,lower-body clothes,400,168,251,83,426,26
10474,img/img_00064547.jpg,lower-body clothes,203,57,129,72,214,11
10475,img/img_00064551.jpg,lower-body clothes,175,75,133,58,201,26
10476,img/img_00064558.jpg,lower-body clothes,225,84,134,50,245,20
10477,img/img_00064564.jpg,lower-body clothes,153,78,223,145,351,198
10478,img/img_00064568.jpg,upper-body clothes,25,25,105,80,70,45
10479,img/img_00064569.jpg,upper-body clothes,222,282,282,0,222,0
10480,img/img_00064572.jpg,upper-body clothes,320,175,271,96,452,132
10481,img/img_00064576.jpg,lower-body clothes,62,53,117,64,176,114
10482,img/img_00064582.jpg,lower-body clothes,202,161,335,174,240,38
10483,img/img_00064587.jpg,lower-body clothes,203,72,135,63,229,26
10484,img/img_00064592.jpg,lower-body clothes,175,74,215,141,459,284
10485,img/img_00064593.jpg,lower-body clothes,146,166,350,184,170,24
10486,img/img_00064598.jpg,upper-body clothes,143,101,152,51,202,59
10487,img/img_00064600.jpg,upper-body clothes,167,93,146,53,221,54
10488,img/img_00064601.jpg,upper-body clothes,90,63,126,63,134,44
10489,img/img_00064610.jpg,upper-body clothes,171,252,252,0,171,0
10490,img/img_00064618.jpg,lower-body clothes,160,93,152,59,179,19
10491,img/img_00064620.jpg,lower-body clothes,103,93,149,56,109,6
10492,img/img_00064625.jpg,lower-body clothes,112,96,155,59,127,15
10493,img/img_00064632.jpg,lower-body clothes,51,44,114,70,166,115
10494,img/img_00064636.jpg,lower-body clothes,171,155,235,80,201,30
10495,img/img_00064646.jpg,full-body clothes,361,169,325,156,473,112
10496,img/img_00064648.jpg,full-body clothes,312,261,300,39,324,12
10497,img/img_00064651.jpg,full-body clothes,144,65,201,136,228,84
10498,img/img_00064653.jpg,upper-body clothes,231,351,351,0,231,0
10499,img/img_00064658.jpg,upper-body clothes,407,250,250,0,407,0
10500,img/img_00064661.jpg,upper-body clothes,404,257,257,0,404,0
10501,img/img_00064662.jpg,upper-body clothes,53,333,333,0,53,0
10502,img/img_00064663.jpg,upper-body clothes,123,326,326,0,123,0
10503,img/img_00064669.jpg,full-body clothes,118,69,143,74,124,6
10504,img/img_00064670.jpg,upper-body clothes,238,117,440,323,265,27
10505,img/img_00064676.jpg,upper-body clothes,303,113,200,87,425,122
10506,img/img_00064678.jpg,upper-body clothes,185,74,216,142,320,135
10507,img/img_00064689.jpg,upper-body clothes,102,55,119,64,167,65
10508,img/img_00064690.jpg,upper-body clothes,312,241,288,47,444,132
10509,img/img_00064695.jpg,upper-body clothes,256,246,274,28,406,150
10510,img/img_00064701.jpg,upper-body clothes,201,147,203,56,303,102
10511,img/img_00064708.jpg,upper-body clothes,194,155,447,292,457,263
10512,img/img_00064714.jpg,upper-body clothes,238,150,233,83,336,98
10513,img/img_00064715.jpg,upper-body clothes,353,321,417,96,500,147
10514,img/img_00064718.jpg,upper-body clothes,305,315,428,113,464,159
10515,img/img_00064719.jpg,upper-body clothes,88,91,172,81,157,69
10516,img/img_00064726.jpg,upper-body clothes,176,180,307,127,306,130
10517,img/img_00064727.jpg,upper-body clothes,104,103,175,72,201,97
10518,img/img_00064728.jpg,upper-body clothes,205,165,331,166,355,150
10519,img/img_00064730.jpg,upper-body clothes,102,93,159,66,166,64
10520,img/img_00064731.jpg,upper-body clothes,59,50,138,88,102,43
10521,img/img_00064757.jpg,lower-body clothes,186,162,242,80,210,24
10522,img/img_00064770.jpg,lower-body clothes,88,77,138,61,100,12
10523,img/img_00064779.jpg,lower-body clothes,331,322,322,0,331,0
10524,img/img_00064797.jpg,upper-body clothes,238,92,148,56,249,11
10525,img/img_00064801.jpg,upper-body clothes,464,136,323,187,511,47
10526,img/img_00064803.jpg,upper-body clothes,238,76,159,83,291,53
10527,img/img_00064806.jpg,upper-body clothes,154,130,225,95,196,42
10528,img/img_00064808.jpg,upper-body clothes,353,182,347,165,464,111
10529,img/img_00064826.jpg,lower-body clothes,155,196,258,62,461,306
10530,img/img_00064827.jpg,lower-body clothes,233,65,203,138,432,199
10531,img/img_00064830.jpg,lower-body clothes,203,92,154,62,226,23
10532,img/img_00064837.jpg,lower-body clothes,176,198,198,0,176,0
10533,img/img_00064838.jpg,lower-body clothes,427,23,211,188,469,42
10534,img/img_00064842.jpg,lower-body clothes,189,5,74,69,200,11
10535,img/img_00064843.jpg,lower-body clothes,148,171,261,90,188,40
10536,img/img_00064847.jpg,lower-body clothes,361,314,389,75,433,72
10537,img/img_00064860.jpg,full-body clothes,431,274,308,34,495,64
10538,img/img_00064862.jpg,upper-body clothes,131,244,244,0,131,0
10539,img/img_00064867.jpg,upper-body clothes,352,75,281,206,453,101
10540,img/img_00064868.jpg,upper-body clothes,264,177,365,188,435,171
10541,img/img_00064870.jpg,upper-body clothes,276,226,336,110,490,214
10542,img/img_00064885.jpg,upper-body clothes,88,70,225,155,218,130
10543,img/img_00064886.jpg,upper-body clothes,179,29,92,63,276,97
10544,img/img_00064896.jpg,upper-body clothes,297,145,300,155,473,176
10545,img/img_00064900.jpg,upper-body clothes,135,62,204,142,190,55
10546,img/img_00064912.jpg,upper-body clothes,122,76,212,136,210,88
10547,img/img_00064915.jpg,full-body clothes,239,92,102,10,245,6
10548,img/img_00064917.jpg,full-body clothes,248,295,295,0,248,0
10549,img/img_00064923.jpg,full-body clothes,293,272,272,0,293,0
10550,img/img_00064928.jpg,full-body clothes,384,125,201,76,483,99
10551,img/img_00064933.jpg,full-body clothes,240,263,263,0,240,0
10552,img/img_00064936.jpg,full-body clothes,328,117,285,168,404,76
10553,img/img_00064948.jpg,upper-body clothes,300,117,251,134,426,126
10554,img/img_00064950.jpg,upper-body clothes,327,166,299,133,473,146
10555,img/img_00064953.jpg,upper-body clothes,283,185,278,93,431,148
10556,img/img_00064963.jpg,upper-body clothes,358,344,344,0,358,0
10557,img/img_00064965.jpg,upper-body clothes,161,122,122,0,161,0
10558,img/img_00064971.jpg,upper-body clothes,193,129,231,102,302,109
10559,img/img_00064972.jpg,upper-body clothes,130,87,213,126,296,166
10560,img/img_00064974.jpg,upper-body clothes,326,76,100,24,454,128
10561,img/img_00064975.jpg,upper-body clothes,470,271,271,0,470,0
10562,img/img_00064993.jpg,upper-body clothes,278,31,150,119,359,81
10563,img/img_00065001.jpg,upper-body clothes,143,78,238,160,172,29
10564,img/img_00065002.jpg,upper-body clothes,110,121,242,121,195,85
10565,img/img_00065005.jpg,upper-body clothes,295,352,352,0,295,0
10566,img/img_00065019.jpg,upper-body clothes,90,79,121,42,115,25
10567,img/img_00065022.jpg,upper-body clothes,187,194,293,99,327,140
10568,img/img_00065024.jpg,upper-body clothes,182,149,189,40,207,25
10569,img/img_00065029.jpg,upper-body clothes,105,457,457,0,105,0
10570,img/img_00065030.jpg,upper-body clothes,472,444,444,0,472,0
10571,img/img_00065032.jpg,upper-body clothes,174,85,122,37,197,23
10572,img/img_00065037.jpg,lower-body clothes,226,51,188,137,407,181
10573,img/img_00065042.jpg,lower-body clothes,193,50,131,81,208,15
10574,img/img_00065070.jpg,full-body clothes,245,93,230,137,251,6
10575,img/img_00065077.jpg,full-body clothes,304,144,241,97,438,134
10576,img/img_00065082.jpg,upper-body clothes,373,312,312,0,373,0
10577,img/img_00065086.jpg,upper-body clothes,461,227,227,0,461,0
10578,img/img_00065088.jpg,upper-body clothes,111,199,199,0,111,0
10579,img/img_00065089.jpg,upper-body clothes,285,218,265,47,424,139
10580,img/img_00065093.jpg,full-body clothes,201,53,171,118,280,79
10581,img/img_00065095.jpg,full-body clothes,283,65,178,113,419,136
10582,img/img_00065107.jpg,lower-body clothes,243,82,204,122,422,179
10583,img/img_00065108.jpg,lower-body clothes,242,109,234,125,406,164
10584,img/img_00065109.jpg,lower-body clothes,254,81,218,137,455,201
10585,img/img_00065127.jpg,lower-body clothes,262,76,148,72,455,193
10586,img/img_00065139.jpg,full-body clothes,314,225,225,0,314,0
10587,img/img_00065140.jpg,full-body clothes,402,66,235,169,426,24
10588,img/img_00065186.jpg,full-body clothes,159,65,180,115,222,63
10589,img/img_00065191.jpg,lower-body clothes,128,36,195,159,375,247
10590,img/img_00065207.jpg,lower-body clothes,204,96,229,133,354,150
10591,img/img_00065217.jpg,lower-body clothes,167,84,223,139,326,159
10592,img/img_00065231.jpg,upper-body clothes,262,252,291,39,381,119
10593,img/img_00065246.jpg,upper-body clothes,237,161,244,83,372,135
10594,img/img_00065260.jpg,full-body clothes,346,175,287,112,467,121
10595,img/img_00065269.jpg,full-body clothes,197,87,197,110,288,91
10596,img/img_00065272.jpg,full-body clothes,240,181,181,0,240,0
10597,img/img_00065275.jpg,full-body clothes,210,72,139,67,275,65
10598,img/img_00065278.jpg,full-body clothes,253,213,213,0,253,0
10599,img/img_00065288.jpg,full-body clothes,177,31,131,100,231,54
10600,img/img_00065292.jpg,full-body clothes,172,92,154,62,263,91
10601,img/img_00065301.jpg,full-body clothes,299,50,168,118,422,123
10602,img/img_00065306.jpg,full-body clothes,304,74,168,94,432,128
10603,img/img_00065314.jpg,full-body clothes,266,148,260,112,455,189
10604,img/img_00065323.jpg,lower-body clothes,64,69,157,88,190,126
10605,img/img_00065332.jpg,lower-body clothes,37,64,184,120,168,131
10606,img/img_00065342.jpg,full-body clothes,281,56,112,56,377,96
10607,img/img_00065350.jpg,full-body clothes,405,43,193,150,457,52
10608,img/img_00065359.jpg,lower-body clothes,103,93,247,154,287,184
10609,img/img_00065360.jpg,lower-body clothes,152,169,248,79,397,245
10610,img/img_00065377.jpg,upper-body clothes,298,80,199,119,415,117
10611,img/img_00065406.jpg,full-body clothes,396,135,224,89,479,83
10612,img/img_00065412.jpg,full-body clothes,347,116,227,111,458,111
10613,img/img_00065421.jpg,upper-body clothes,128,81,122,41,189,61
10614,img/img_00065429.jpg,upper-body clothes,392,281,281,0,392,0
10615,img/img_00065432.jpg,upper-body clothes,140,57,430,373,235,95
10616,img/img_00065439.jpg,upper-body clothes,269,133,204,71,388,119
10617,img/img_00065441.jpg,upper-body clothes,138,97,165,68,207,69
10618,img/img_00065444.jpg,lower-body clothes,240,267,320,53,340,100
10619,img/img_00065447.jpg,lower-body clothes,90,18,110,92,99,9
10620,img/img_00065448.jpg,lower-body clothes,176,141,215,74,432,256
10621,img/img_00065455.jpg,lower-body clothes,149,15,123,108,419,270
10622,img/img_00065457.jpg,lower-body clothes,84,104,252,148,308,224
10623,img/img_00065460.jpg,full-body clothes,469,298,298,0,469,0
10624,img/img_00065471.jpg,full-body clothes,328,130,298,168,420,92
10625,img/img_00065486.jpg,upper-body clothes,443,288,344,56,490,47
10626,img/img_00065498.jpg,upper-body clothes,292,244,379,135,472,180
10627,img/img_00065506.jpg,full-body clothes,193,69,253,184,273,80
10628,img/img_00065515.jpg,full-body clothes,191,99,185,86,263,72
10629,img/img_00065520.jpg,full-body clothes,168,91,203,112,256,88
10630,img/img_00065529.jpg,upper-body clothes,208,166,414,248,489,281
10631,img/img_00065535.jpg,upper-body clothes,318,213,275,62,392,74
10632,img/img_00065537.jpg,full-body clothes,430,306,306,0,430,0
10633,img/img_00065538.jpg,full-body clothes,216,77,233,156,291,75
10634,img/img_00065565.jpg,full-body clothes,156,86,130,44,209,53
10635,img/img_00065569.jpg,full-body clothes,209,90,193,103,289,80
10636,img/img_00065572.jpg,full-body clothes,146,77,141,64,241,95
10637,img/img_00065574.jpg,full-body clothes,232,89,222,133,316,84
10638,img/img_00065575.jpg,full-body clothes,150,40,122,82,204,54
10639,img/img_00065581.jpg,full-body clothes,382,167,274,107,494,112
10640,img/img_00065590.jpg,lower-body clothes,342,230,230,0,342,0
10641,img/img_00065600.jpg,lower-body clothes,142,73,190,117,270,128
10642,img/img_00065603.jpg,lower-body clothes,121,51,117,66,221,100
10643,img/img_00065612.jpg,lower-body clothes,181,67,288,221,398,217
10644,img/img_00065613.jpg,lower-body clothes,98,166,234,68,444,346
10645,img/img_00065615.jpg,lower-body clothes,106,148,261,113,388,282
10646,img/img_00065623.jpg,full-body clothes,255,50,161,111,428,173
10647,img/img_00065626.jpg,full-body clothes,301,273,310,37,444,143
10648,img/img_00065628.jpg,full-body clothes,212,56,207,151,282,70
10649,img/img_00065634.jpg,full-body clothes,239,47,185,138,290,51
10650,img/img_00065637.jpg,full-body clothes,472,249,249,0,472,0
10651,img/img_00065641.jpg,full-body clothes,382,119,249,130,474,92
10652,img/img_00065642.jpg,full-body clothes,330,159,220,61,433,103
10653,img/img_00065652.jpg,full-body clothes,301,62,190,128,358,57
10654,img/img_00065653.jpg,full-body clothes,383,102,233,131,490,107
10655,img/img_00065654.jpg,full-body clothes,208,92,161,69,280,72
10656,img/img_00065657.jpg,full-body clothes,355,74,202,128,448,93
10657,img/img_00065662.jpg,lower-body clothes,217,72,205,133,451,234
10658,img/img_00065663.jpg,lower-body clothes,203,69,160,91,454,251
10659,img/img_00065666.jpg,lower-body clothes,73,120,368,248,420,347
10660,img/img_00065671.jpg,lower-body clothes,122,88,147,59,176,54
10661,img/img_00065673.jpg,lower-body clothes,67,72,141,69,232,165
10662,img/img_00065684.jpg,lower-body clothes,223,82,209,127,449,226
10663,img/img_00065687.jpg,lower-body clothes,137,151,208,57,157,20
10664,img/img_00065694.jpg,lower-body clothes,82,39,125,86,144,62
10665,img/img_00065702.jpg,full-body clothes,274,74,160,86,331,57
10666,img/img_00065709.jpg,full-body clothes,263,121,254,133,352,89
10667,img/img_00065715.jpg,full-body clothes,148,84,164,80,206,58
10668,img/img_00065719.jpg,full-body clothes,150,40,120,80,193,43
10669,img/img_00065720.jpg,full-body clothes,384,52,197,145,473,89
10670,img/img_00065723.jpg,full-body clothes,348,221,221,0,348,0
10671,img/img_00065734.jpg,full-body clothes,335,154,211,57,443,108
10672,img/img_00065738.jpg,full-body clothes,227,135,186,51,301,74
10673,img/img_00065740.jpg,full-body clothes,447,250,250,0,447,0
10674,img/img_00065745.jpg,full-body clothes,150,95,140,45,220,70
10675,img/img_00065749.jpg,full-body clothes,154,76,133,57,235,81
10676,img/img_00065750.jpg,full-body clothes,130,82,189,107,180,50
10677,img/img_00065755.jpg,full-body clothes,436,284,284,0,436,0
10678,img/img_00065759.jpg,full-body clothes,328,42,187,145,466,138
10679,img/img_00065760.jpg,full-body clothes,220,96,214,118,308,88
10680,img/img_00065763.jpg,full-body clothes,248,122,205,83,326,78
10681,img/img_00065766.jpg,full-body clothes,207,102,162,60,297,90
10682,img/img_00065786.jpg,upper-body clothes,347,284,284,0,347,0
10683,img/img_00065791.jpg,upper-body clothes,67,45,123,78,120,53
10684,img/img_00065795.jpg,upper-body clothes,215,168,236,68,328,113
10685,img/img_00065800.jpg,upper-body clothes,142,95,144,49,213,71
10686,img/img_00065806.jpg,upper-body clothes,205,133,204,71,328,123
10687,img/img_00065809.jpg,full-body clothes,73,210,210,0,73,0
10688,img/img_00065821.jpg,full-body clothes,387,74,227,153,460,73
10689,img/img_00065826.jpg,full-body clothes,193,95,205,110,272,79
10690,img/img_00065842.jpg,full-body clothes,293,146,232,86,419,126
10691,img/img_00065845.jpg,full-body clothes,326,168,243,75,451,125
10692,img/img_00065846.jpg,full-body clothes,307,146,428,282,426,119
10693,img/img_00065853.jpg,full-body clothes,333,164,251,87,447,114
10694,img/img_00065855.jpg,full-body clothes,408,31,151,120,495,87
10695,img/img_00065858.jpg,full-body clothes,412,110,205,95,501,89
10696,img/img_00065862.jpg,full-body clothes,304,214,214,0,304,0
10697,img/img_00065880.jpg,full-body clothes,172,96,202,106,254,82
10698,img/img_00065885.jpg,full-body clothes,118,72,138,66,174,56
10699,img/img_00065892.jpg,full-body clothes,337,176,262,86,463,126
10700,img/img_00065896.jpg,full-body clothes,255,103,212,109,390,135
10701,img/img_00065902.jpg,full-body clothes,309,110,227,117,427,118
10702,img/img_00065918.jpg,full-body clothes,413,168,284,116,450,37
10703,img/img_00065923.jpg,full-body clothes,277,168,168,0,277,0
10704,img/img_00065926.jpg,full-body clothes,359,69,159,90,473,114
10705,img/img_00065934.jpg,full-body clothes,372,88,279,191,478,106
10706,img/img_00065937.jpg,full-body clothes,268,97,171,74,358,90
10707,img/img_00065947.jpg,upper-body clothes,217,132,269,137,373,156
10708,img/img_00065969.jpg,full-body clothes,258,232,232,0,258,0
10709,img/img_00065992.jpg,upper-body clothes,346,162,293,131,420,74
10710,img/img_00065995.jpg,full-body clothes,98,224,224,0,98,0
10711,img/img_00066010.jpg,full-body clothes,189,304,304,0,189,0
10712,img/img_00066022.jpg,full-body clothes,188,72,161,89,193,5
10713,img/img_00066029.jpg,full-body clothes,254,72,142,70,279,25
10714,img/img_00066043.jpg,full-body clothes,238,87,110,23,298,60
10715,img/img_00066056.jpg,full-body clothes,221,258,258,0,221,0
10716,img/img_00066062.jpg,full-body clothes,272,105,178,73,371,99
10717,img/img_00066070.jpg,full-body clothes,39,68,68,0,39,0
10718,img/img_00066071.jpg,full-body clothes,102,57,129,72,144,42
10719,img/img_00066072.jpg,full-body clothes,224,94,241,147,306,82
10720,img/img_00066082.jpg,full-body clothes,206,133,205,72,274,68
10721,img/img_00066083.jpg,full-body clothes,40,66,66,0,40,0
10722,img/img_00066106.jpg,full-body clothes,127,66,156,90,178,51
10723,img/img_00066108.jpg,full-body clothes,159,53,121,68,212,53
10724,img/img_00066110.jpg,full-body clothes,221,82,176,94,285,64
10725,img/img_00066124.jpg,full-body clothes,351,121,260,139,437,86
10726,img/img_00066133.jpg,full-body clothes,353,132,132,0,353,0
10727,img/img_00066139.jpg,full-body clothes,319,180,225,45,450,131
10728,img/img_00066156.jpg,full-body clothes,203,59,182,123,272,69
10729,img/img_00066163.jpg,full-body clothes,310,139,254,115,454,144
10730,img/img_00066166.jpg,full-body clothes,292,150,275,125,438,146
10731,img/img_00066168.jpg,full-body clothes,312,194,268,74,463,151
10732,img/img_00066174.jpg,full-body clothes,245,130,245,115,370,125
10733,img/img_00066184.jpg,full-body clothes,204,69,155,86,260,56
10734,img/img_00066186.jpg,full-body clothes,307,145,212,67,413,106
10735,img/img_00066194.jpg,full-body clothes,333,109,364,255,470,137
10736,img/img_00066196.jpg,full-body clothes,239,73,159,86,315,76
10737,img/img_00066211.jpg,full-body clothes,436,155,267,112,496,60
10738,img/img_00066218.jpg,full-body clothes,289,225,225,0,289,0
10739,img/img_00066224.jpg,full-body clothes,201,96,220,124,261,60
10740,img/img_00066227.jpg,full-body clothes,323,116,267,151,452,129
10741,img/img_00066228.jpg,full-body clothes,154,126,183,57,218,64
10742,img/img_00066231.jpg,full-body clothes,254,101,254,153,345,91
10743,img/img_00066233.jpg,full-body clothes,229,144,282,138,356,127
10744,img/img_00066236.jpg,full-body clothes,296,202,256,54,409,113
10745,img/img_00066243.jpg,upper-body clothes,111,69,142,73,181,70
10746,img/img_00066244.jpg,upper-body clothes,222,36,175,139,389,167
10747,img/img_00066245.jpg,upper-body clothes,135,78,104,26,194,59
10748,img/img_00066252.jpg,upper-body clothes,137,93,165,72,281,144
10749,img/img_00066255.jpg,upper-body clothes,193,100,245,145,324,131
10750,img/img_00066259.jpg,upper-body clothes,167,305,305,0,167,0
10751,img/img_00066266.jpg,upper-body clothes,140,233,233,0,140,0
10752,img/img_00066272.jpg,upper-body clothes,132,21,103,82,202,70
10753,img/img_00066285.jpg,lower-body clothes,46,109,226,117,273,227
10754,img/img_00066296.jpg,lower-body clothes,284,203,203,0,284,0
10755,img/img_00066297.jpg,lower-body clothes,121,66,185,119,348,227
10756,img/img_00066301.jpg,lower-body clothes,146,44,202,158,211,65
10757,img/img_00066304.jpg,lower-body clothes,94,87,220,133,291,197
10758,img/img_00066305.jpg,lower-body clothes,154,171,242,71,475,321
10759,img/img_00066316.jpg,upper-body clothes,162,95,144,49,234,72
10760,img/img_00066323.jpg,upper-body clothes,141,132,163,31,242,101
10761,img/img_00066330.jpg,upper-body clothes,117,89,161,72,215,98
10762,img/img_00066338.jpg,full-body clothes,220,91,177,86,277,57
10763,img/img_00066353.jpg,full-body clothes,178,89,205,116,252,74
10764,img/img_00066366.jpg,full-body clothes,327,103,203,100,459,132
10765,img/img_00066367.jpg,full-body clothes,428,242,242,0,428,0
10766,img/img_00066377.jpg,full-body clothes,305,221,221,0,305,0
10767,img/img_00066379.jpg,full-body clothes,315,172,258,86,429,114
10768,img/img_00066384.jpg,full-body clothes,288,54,175,121,412,124
10769,img/img_00066389.jpg,full-body clothes,228,119,230,111,298,70
10770,img/img_00066409.jpg,upper-body clothes,204,423,423,0,204,0
10771,img/img_00066415.jpg,lower-body clothes,76,98,203,105,265,189
10772,img/img_00066419.jpg,lower-body clothes,110,140,228,88,383,273
10773,img/img_00066431.jpg,lower-body clothes,98,114,179,65,303,205
10774,img/img_00066440.jpg,upper-body clothes,106,66,125,59,176,70
10775,img/img_00066442.jpg,upper-body clothes,199,70,180,110,327,128
10776,img/img_00066449.jpg,upper-body clothes,130,33,120,87,177,47
10777,img/img_00066452.jpg,upper-body clothes,257,42,176,134,375,118
10778,img/img_00066464.jpg,lower-body clothes,84,138,228,90,384,300
10779,img/img_00066472.jpg,lower-body clothes,99,178,228,50,432,333
10780,img/img_00066474.jpg,lower-body clothes,260,196,196,0,260,0
10781,img/img_00066498.jpg,lower-body clothes,43,87,425,338,250,207
10782,img/img_00066499.jpg,lower-body clothes,215,22,149,127,235,20
10783,img/img_00066512.jpg,lower-body clothes,300,144,231,87,372,72
10784,img/img_00066514.jpg,lower-body clothes,75,118,156,38,257,182
10785,img/img_00066526.jpg,lower-body clothes,174,237,311,74,205,31
10786,img/img_00066535.jpg,lower-body clothes,126,177,289,112,454,328
10787,img/img_00066538.jpg,lower-body clothes,135,145,145,0,135,0
10788,img/img_00066540.jpg,lower-body clothes,428,490,490,0,428,0
10789,img/img_00066551.jpg,full-body clothes,317,179,252,73,450,133
10790,img/img_00066552.jpg,full-body clothes,294,128,229,101,445,151
10791,img/img_00066553.jpg,full-body clothes,218,117,193,76,314,96
10792,img/img_00066557.jpg,full-body clothes,355,335,335,0,355,0
10793,img/img_00066558.jpg,full-body clothes,314,153,300,147,457,143
10794,img/img_00066560.jpg,full-body clothes,158,81,133,52,219,61
10795,img/img_00066568.jpg,upper-body clothes,164,28,166,138,205,41
10796,img/img_00066569.jpg,upper-body clothes,314,213,312,99,464,150
10797,img/img_00066572.jpg,upper-body clothes,356,281,398,117,395,39
10798,img/img_00066573.jpg,upper-body clothes,271,154,306,152,290,19
10799,img/img_00066579.jpg,upper-body clothes,137,75,191,116,218,81
10800,img/img_00066584.jpg,full-body clothes,204,255,255,0,204,0
10801,img/img_00066617.jpg,full-body clothes,362,156,156,0,362,0
10802,img/img_00066631.jpg,full-body clothes,410,90,207,117,491,81
10803,img/img_00066638.jpg,upper-body clothes,263,165,220,55,397,134
10804,img/img_00066646.jpg,upper-body clothes,312,149,223,74,450,138
10805,img/img_00066653.jpg,full-body clothes,286,184,253,69,395,109
10806,img/img_00066654.jpg,full-body clothes,320,200,200,0,320,0
10807,img/img_00066661.jpg,full-body clothes,361,239,321,82,464,103
10808,img/img_00066663.jpg,full-body clothes,326,187,274,87,448,122
10809,img/img_00066669.jpg,full-body clothes,349,154,289,135,487,138
10810,img/img_00066675.jpg,full-body clothes,161,55,121,66,199,38
10811,img/img_00066682.jpg,full-body clothes,324,64,187,123,440,116
10812,img/img_00066688.jpg,full-body clothes,377,282,282,0,377,0
10813,img/img_00066692.jpg,full-body clothes,151,145,145,0,151,0
10814,img/img_00066705.jpg,full-body clothes,205,194,257,63,286,81
10815,img/img_00066713.jpg,lower-body clothes,192,50,194,144,366,174
10816,img/img_00066718.jpg,lower-body clothes,188,77,205,128,358,170
10817,img/img_00066720.jpg,lower-body clothes,138,51,235,184,419,281
10818,img/img_00066727.jpg,lower-body clothes,280,131,252,121,286,6
10819,img/img_00066735.jpg,lower-body clothes,291,129,330,201,496,205
10820,img/img_00066749.jpg,upper-body clothes,423,278,401,123,456,33
10821,img/img_00066762.jpg,upper-body clothes,229,317,317,0,229,0
10822,img/img_00066767.jpg,upper-body clothes,446,320,320,0,446,0
10823,img/img_00066770.jpg,upper-body clothes,313,189,379,190,360,47
10824,img/img_00066777.jpg,upper-body clothes,337,223,317,94,460,123
10825,img/img_00066781.jpg,upper-body clothes,141,86,118,32,215,74
10826,img/img_00066785.jpg,upper-body clothes,271,210,275,65,323,52
10827,img/img_00066794.jpg,upper-body clothes,229,192,222,30,298,69
10828,img/img_00066795.jpg,upper-body clothes,402,311,311,0,402,0
10829,img/img_00066796.jpg,upper-body clothes,81,16,52,36,118,37
10830,img/img_00066797.jpg,upper-body clothes,275,116,226,110,424,149
10831,img/img_00066822.jpg,upper-body clothes,261,209,209,0,261,0
10832,img/img_00066832.jpg,upper-body clothes,258,62,189,127,279,21
10833,img/img_00066833.jpg,full-body clothes,404,129,260,131,477,73
10834,img/img_00066834.jpg,full-body clothes,420,108,222,114,504,84
10835,img/img_00066836.jpg,full-body clothes,375,95,234,139,460,85
10836,img/img_00066837.jpg,full-body clothes,418,52,205,153,506,88
10837,img/img_00066839.jpg,full-body clothes,368,95,308,213,454,86
10838,img/img_00066841.jpg,full-body clothes,336,128,182,54,396,60
10839,img/img_00066842.jpg,full-body clothes,346,147,258,111,419,73
10840,img/img_00066848.jpg,full-body clothes,364,326,326,0,364,0
10841,img/img_00066863.jpg,upper-body clothes,307,161,284,123,478,171
10842,img/img_00066876.jpg,upper-body clothes,160,120,191,71,268,108
10843,img/img_00066880.jpg,upper-body clothes,273,190,212,22,305,32
10844,img/img_00066881.jpg,upper-body clothes,101,60,129,69,177,76
10845,img/img_00066882.jpg,upper-body clothes,92,61,126,65,162,70
10846,img/img_00066884.jpg,upper-body clothes,20,245,245,0,20,0
10847,img/img_00066886.jpg,upper-body clothes,286,56,147,91,415,129
10848,img/img_00066896.jpg,upper-body clothes,221,124,500,376,237,16
10849,img/img_00066897.jpg,upper-body clothes,122,77,246,169,208,86
10850,img/img_00066898.jpg,upper-body clothes,45,172,172,0,45,0
10851,img/img_00066900.jpg,upper-body clothes,462,101,101,0,462,0
10852,img/img_00066907.jpg,full-body clothes,211,121,227,106,291,80
10853,img/img_00066914.jpg,full-body clothes,242,111,173,62,336,94
10854,img/img_00066915.jpg,full-body clothes,221,65,219,154,300,79
10855,img/img_00066916.jpg,full-body clothes,333,215,274,59,448,115
10856,img/img_00066918.jpg,full-body clothes,320,152,240,88,423,103
10857,img/img_00066933.jpg,full-body clothes,228,114,228,114,297,69
10858,img/img_00066940.jpg,upper-body clothes,276,145,228,83,455,179
10859,img/img_00066960.jpg,upper-body clothes,204,134,220,86,286,82
10860,img/img_00066962.jpg,upper-body clothes,157,127,221,94,274,117
10861,img/img_00066965.jpg,upper-body clothes,147,40,153,113,204,57
10862,img/img_00066968.jpg,upper-body clothes,351,134,245,111,429,78
10863,img/img_00066976.jpg,lower-body clothes,346,158,240,82,453,107
10864,img/img_00066980.jpg,lower-body clothes,97,52,133,81,212,115
10865,img/img_00066991.jpg,lower-body clothes,152,22,167,145,364,212
10866,img/img_00066992.jpg,lower-body clothes,174,84,434,350,356,182
10867,img/img_00066995.jpg,lower-body clothes,254,114,174,60,274,20
10868,img/img_00067000.jpg,lower-body clothes,201,122,419,297,456,255
10869,img/img_00067003.jpg,lower-body clothes,145,81,165,84,313,168
10870,img/img_00067008.jpg,full-body clothes,351,200,285,85,465,114
10871,img/img_00067012.jpg,full-body clothes,345,166,230,64,475,130
10872,img/img_00067013.jpg,full-body clothes,180,163,163,0,180,0
10873,img/img_00067035.jpg,upper-body clothes,147,56,242,186,227,80
10874,img/img_00067036.jpg,upper-body clothes,409,260,260,0,409,0
10875,img/img_00067040.jpg,upper-body clothes,78,68,68,0,78,0
10876,img/img_00067045.jpg,full-body clothes,222,183,183,0,222,0
10877,img/img_00067076.jpg,full-body clothes,337,183,208,25,482,145
10878,img/img_00067077.jpg,full-body clothes,261,136,198,62,350,89
10879,img/img_00067080.jpg,full-body clothes,356,104,223,119,459,103
10880,img/img_00067082.jpg,full-body clothes,350,171,279,108,460,110
10881,img/img_00067086.jpg,full-body clothes,128,52,85,33,213,85
10882,img/img_00067093.jpg,full-body clothes,336,123,236,113,461,125
10883,img/img_00067094.jpg,full-body clothes,193,112,235,123,319,126
10884,img/img_00067100.jpg,full-body clothes,300,191,236,45,429,129
10885,img/img_00067104.jpg,full-body clothes,360,215,272,57,476,116
10886,img/img_00067107.jpg,full-body clothes,105,49,115,66,181,76
10887,img/img_00067109.jpg,full-body clothes,288,186,262,76,411,123
10888,img/img_00067113.jpg,full-body clothes,420,262,304,42,499,79
10889,img/img_00067122.jpg,full-body clothes,149,468,468,0,149,0
10890,img/img_00067125.jpg,full-body clothes,169,86,141,55,236,67
10891,img/img_00067127.jpg,full-body clothes,397,96,222,126,479,82
10892,img/img_00067138.jpg,full-body clothes,338,154,212,58,439,101
10893,img/img_00067143.jpg,full-body clothes,161,91,147,56,222,61
10894,img/img_00067161.jpg,full-body clothes,334,143,222,79,462,128
10895,img/img_00067173.jpg,full-body clothes,177,134,193,59,285,108
10896,img/img_00067176.jpg,full-body clothes,353,184,313,129,453,100
10897,img/img_00067184.jpg,full-body clothes,155,87,149,62,225,70
10898,img/img_00067210.jpg,lower-body clothes,104,133,223,90,339,235
10899,img/img_00067222.jpg,lower-body clothes,58,66,173,107,195,137
10900,img/img_00067224.jpg,lower-body clothes,157,174,216,42,173,16
10901,img/img_00067230.jpg,upper-body clothes,181,159,203,44,260,79
10902,img/img_00067231.jpg,upper-body clothes,301,38,135,97,413,112
10903,img/img_00067237.jpg,upper-body clothes,295,61,213,152,445,150
10904,img/img_00067239.jpg,upper-body clothes,297,162,216,54,447,150
10905,img/img_00067247.jpg,upper-body clothes,154,78,78,0,154,0
10906,img/img_00067254.jpg,upper-body clothes,295,170,259,89,435,140
10907,img/img_00067257.jpg,upper-body clothes,210,257,257,0,210,0
10908,img/img_00067265.jpg,full-body clothes,458,165,165,0,458,0
10909,img/img_00067268.jpg,full-body clothes,489,218,218,0,489,0
10910,img/img_00067271.jpg,full-body clothes,382,181,293,112,484,102
10911,img/img_00067275.jpg,full-body clothes,260,90,165,75,318,58
10912,img/img_00067279.jpg,full-body clothes,341,171,199,28,450,109
10913,img/img_00067282.jpg,full-body clothes,421,105,216,111,496,75
10914,img/img_00067306.jpg,full-body clothes,241,73,168,95,331,90
10915,img/img_00067310.jpg,full-body clothes,167,121,232,111,227,60
10916,img/img_00067317.jpg,full-body clothes,354,87,227,140,481,127
10917,img/img_00067325.jpg,full-body clothes,347,219,219,0,347,0
10918,img/img_00067332.jpg,full-body clothes,260,146,220,74,343,83
10919,img/img_00067341.jpg,full-body clothes,294,84,203,119,353,59
10920,img/img_00067348.jpg,full-body clothes,228,219,219,0,228,0
10921,img/img_00067353.jpg,full-body clothes,423,45,203,158,501,78
10922,img/img_00067358.jpg,full-body clothes,485,143,151,8,506,21
10923,img/img_00067390.jpg,full-body clothes,101,300,300,0,101,0
10924,img/img_00067395.jpg,full-body clothes,274,132,235,103,313,39
10925,img/img_00067414.jpg,full-body clothes,414,151,312,161,484,70
10926,img/img_00067422.jpg,full-body clothes,196,120,199,79,329,133
10927,img/img_00067425.jpg,full-body clothes,253,83,205,122,432,179
10928,img/img_00067426.jpg,full-body clothes,304,165,238,73,457,153
10929,img/img_00067433.jpg,full-body clothes,181,53,147,94,267,86
10930,img/img_00067450.jpg,lower-body clothes,271,283,311,28,292,21
10931,img/img_00067454.jpg,lower-body clothes,113,66,198,132,125,12
10932,img/img_00067459.jpg,lower-body clothes,17,74,74,0,17,0
10933,img/img_00067464.jpg,lower-body clothes,124,181,280,99,429,305
10934,img/img_00067472.jpg,lower-body clothes,71,110,187,77,267,196
10935,img/img_00067483.jpg,lower-body clothes,363,296,296,0,363,0
10936,img/img_00067490.jpg,lower-body clothes,75,107,159,52,286,211
10937,img/img_00067495.jpg,lower-body clothes,158,290,338,48,225,67
10938,img/img_00067507.jpg,full-body clothes,99,128,128,0,99,0
10939,img/img_00067508.jpg,full-body clothes,337,86,181,95,467,130
10940,img/img_00067536.jpg,full-body clothes,247,126,214,88,325,78
10941,img/img_00067537.jpg,full-body clothes,341,92,167,75,455,114
10942,img/img_00067543.jpg,full-body clothes,240,100,150,50,328,88
10943,img/img_00067556.jpg,full-body clothes,162,33,122,89,223,61
10944,img/img_00067563.jpg,full-body clothes,311,190,289,99,454,143
10945,img/img_00067566.jpg,full-body clothes,227,132,132,0,227,0
10946,img/img_00067590.jpg,upper-body clothes,144,111,161,50,222,78
10947,img/img_00067592.jpg,upper-body clothes,116,71,219,148,186,70
10948,img/img_00067593.jpg,upper-body clothes,308,222,325,103,458,150
10949,img/img_00067595.jpg,upper-body clothes,176,125,162,37,275,99
10950,img/img_00067606.jpg,upper-body clothes,111,69,100,31,181,70
10951,img/img_00067609.jpg,full-body clothes,227,77,150,73,322,95
10952,img/img_00067610.jpg,full-body clothes,305,186,271,85,425,120
10953,img/img_00067615.jpg,full-body clothes,337,311,311,0,337,0
10954,img/img_00067616.jpg,full-body clothes,240,57,134,77,298,58
10955,img/img_00067623.jpg,full-body clothes,283,101,193,92,378,95
10956,img/img_00067632.jpg,upper-body clothes,164,117,214,97,266,102
10957,img/img_00067658.jpg,full-body clothes,247,32,131,99,328,81
10958,img/img_00067667.jpg,upper-body clothes,242,131,228,97,358,116
10959,img/img_00067680.jpg,upper-body clothes,236,203,203,0,236,0
10960,img/img_00067696.jpg,upper-body clothes,177,146,214,68,286,109
10961,img/img_00067697.jpg,upper-body clothes,488,299,299,0,488,0
10962,img/img_00067704.jpg,upper-body clothes,151,107,224,117,273,122
10963,img/img_00067738.jpg,upper-body clothes,127,73,164,91,192,65
10964,img/img_00067751.jpg,lower-body clothes,180,65,208,143,359,179
10965,img/img_00067757.jpg,full-body clothes,107,116,116,0,107,0
10966,img/img_00067767.jpg,full-body clothes,171,93,160,67,225,54
10967,img/img_00067774.jpg,full-body clothes,317,298,298,0,317,0
10968,img/img_00067786.jpg,lower-body clothes,241,148,148,0,241,0
10969,img/img_00067790.jpg,lower-body clothes,65,79,156,77,214,149
10970,img/img_00067794.jpg,full-body clothes,213,95,151,56,294,81
10971,img/img_00067798.jpg,full-body clothes,335,156,245,89,476,141
10972,img/img_00067799.jpg,full-body clothes,222,117,150,33,304,82
10973,img/img_00067800.jpg,full-body clothes,192,69,132,63,255,63
10974,img/img_00067802.jpg,full-body clothes,356,53,216,163,452,96
10975,img/img_00067803.jpg,full-body clothes,384,138,236,98,487,103
10976,img/img_00067805.jpg,full-body clothes,335,71,170,99,451,116
10977,img/img_00067806.jpg,full-body clothes,177,94,195,101,262,85
10978,img/img_00067812.jpg,full-body clothes,147,79,139,60,207,60
10979,img/img_00067816.jpg,full-body clothes,221,134,192,58,314,93
10980,img/img_00067818.jpg,full-body clothes,160,78,125,47,226,66
10981,img/img_00067823.jpg,full-body clothes,346,184,258,74,475,129
10982,img/img_00067824.jpg,full-body clothes,194,61,119,58,281,87
10983,img/img_00067842.jpg,upper-body clothes,147,83,221,138,206,59
10984,img/img_00067843.jpg,upper-body clothes,163,94,178,84,266,103
10985,img/img_00067844.jpg,upper-body clothes,489,455,455,0,489,0
10986,img/img_00067846.jpg,upper-body clothes,133,91,198,107,280,147
10987,img/img_00067847.jpg,upper-body clothes,137,78,163,85,204,67
10988,img/img_00067866.jpg,upper-body clothes,229,169,244,75,365,136
10989,img/img_00067868.jpg,upper-body clothes,239,152,267,115,368,129
10990,img/img_00067871.jpg,upper-body clothes,261,141,182,41,377,116
10991,img/img_00067876.jpg,upper-body clothes,258,177,285,108,422,164
10992,img/img_00067877.jpg,full-body clothes,223,56,130,74,266,43
10993,img/img_00067879.jpg,full-body clothes,325,61,204,143,436,111
10994,img/img_00067891.jpg,full-body clothes,384,236,287,51,422,38
10995,img/img_00067929.jpg,full-body clothes,269,83,192,109,380,111
10996,img/img_00067944.jpg,full-body clothes,382,130,304,174,472,90
10997,img/img_00067948.jpg,full-body clothes,250,217,217,0,250,0
10998,img/img_00067949.jpg,full-body clothes,410,102,214,112,489,79
10999,img/img_00067955.jpg,full-body clothes,351,113,201,88,437,86
11000,img/img_00067958.jpg,full-body clothes,206,124,225,101,278,72
11001,img/img_00067965.jpg,full-body clothes,199,97,160,63,261,62
11002,img/img_00067970.jpg,full-body clothes,135,64,136,72,189,54
11003,img/img_00067971.jpg,full-body clothes,334,174,225,51,430,96
11004,img/img_00067986.jpg,lower-body clothes,106,160,234,74,412,306
11005,img/img_00067987.jpg,lower-body clothes,333,242,242,0,333,0
11006,img/img_00067997.jpg,lower-body clothes,266,327,337,10,284,18
11007,img/img_00068004.jpg,lower-body clothes,156,119,150,31,162,6
11008,img/img_00068021.jpg,full-body clothes,340,177,272,95,473,133
11009,img/img_00068027.jpg,full-body clothes,202,91,221,130,290,88
11010,img/img_00068039.jpg,upper-body clothes,413,287,287,0,413,0
11011,img/img_00068046.jpg,upper-body clothes,260,159,252,93,440,180
11012,img/img_00068048.jpg,lower-body clothes,256,67,191,124,456,200
11013,img/img_00068055.jpg,lower-body clothes,283,93,218,125,437,154
11014,img/img_00068057.jpg,lower-body clothes,119,48,174,126,247,128
11015,img/img_00068069.jpg,lower-body clothes,106,172,290,118,435,329
11016,img/img_00068071.jpg,lower-body clothes,123,22,192,170,130,7
11017,img/img_00068072.jpg,lower-body clothes,96,296,296,0,96,0
11018,img/img_00068079.jpg,lower-body clothes,319,291,291,0,319,0
11019,img/img_00068087.jpg,full-body clothes,196,118,195,77,301,105
11020,img/img_00068105.jpg,full-body clothes,198,77,181,104,263,65
11021,img/img_00068115.jpg,full-body clothes,314,102,185,83,445,131
11022,img/img_00068121.jpg,lower-body clothes,311,161,336,175,412,101
11023,img/img_00068122.jpg,lower-body clothes,114,142,267,125,448,334
11024,img/img_00068125.jpg,lower-body clothes,211,69,153,84,388,177
11025,img/img_00068131.jpg,lower-body clothes,273,102,231,129,480,207
11026,img/img_00068134.jpg,lower-body clothes,133,79,181,102,261,128
11027,img/img_00068137.jpg,lower-body clothes,119,129,216,87,374,255
11028,img/img_00068139.jpg,lower-body clothes,127,126,172,46,140,13
11029,img/img_00068157.jpg,full-body clothes,358,204,292,88,475,117
11030,img/img_00068164.jpg,full-body clothes,205,50,172,122,286,81
11031,img/img_00068172.jpg,full-body clothes,209,134,243,109,296,87
11032,img/img_00068181.jpg,upper-body clothes,173,161,161,0,173,0
11033,img/img_00068184.jpg,upper-body clothes,230,269,269,0,230,0
11034,img/img_00068185.jpg,upper-body clothes,289,91,212,121,448,159
11035,img/img_00068192.jpg,upper-body clothes,139,86,160,74,207,68
11036,img/img_00068202.jpg,upper-body clothes,268,152,303,151,417,149
11037,img/img_00068209.jpg,full-body clothes,176,73,124,51,246,70
11038,img/img_00068219.jpg,full-body clothes,176,124,160,36,226,50
11039,img/img_00068229.jpg,full-body clothes,376,334,334,0,376,0
11040,img/img_00068239.jpg,full-body clothes,263,177,242,65,373,110
11041,img/img_00068244.jpg,full-body clothes,436,253,292,39,483,47
11042,img/img_00068245.jpg,full-body clothes,491,246,246,0,491,0
11043,img/img_00068248.jpg,full-body clothes,298,97,185,88,355,57
11044,img/img_00068250.jpg,full-body clothes,216,54,171,117,269,53
11045,img/img_00068251.jpg,full-body clothes,320,124,221,97,402,82
11046,img/img_00068264.jpg,upper-body clothes,182,97,171,74,285,103
11047,img/img_00068271.jpg,upper-body clothes,140,79,147,68,219,79
11048,img/img_00068274.jpg,upper-body clothes,496,290,290,0,496,0
11049,img/img_00068276.jpg,upper-body clothes,200,144,328,184,347,147
11050,img/img_00068283.jpg,lower-body clothes,66,105,185,80,258,192
11051,img/img_00068284.jpg,lower-body clothes,254,266,266,0,254,0
11052,img/img_00068285.jpg,lower-body clothes,442,255,255,0,442,0
11053,img/img_00068286.jpg,lower-body clothes,106,192,266,74,443,337
11054,img/img_00068294.jpg,lower-body clothes,87,124,227,103,266,179
11055,img/img_00068299.jpg,lower-body clothes,177,152,254,102,464,287
11056,img/img_00068304.jpg,lower-body clothes,368,154,154,0,368,0
11057,img/img_00068310.jpg,lower-body clothes,107,146,242,96,126,19
11058,img/img_00068315.jpg,lower-body clothes,164,237,280,43,184,20
11059,img/img_00068320.jpg,lower-body clothes,244,35,151,116,355,111
11060,img/img_00068321.jpg,lower-body clothes,60,102,264,162,261,201
11061,img/img_00068328.jpg,lower-body clothes,148,98,350,252,322,174
11062,img/img_00068330.jpg,lower-body clothes,214,378,400,22,279,65
11063,img/img_00068340.jpg,lower-body clothes,120,162,268,106,417,297
11064,img/img_00068342.jpg,lower-body clothes,76,93,229,136,372,296
11065,img/img_00068346.jpg,lower-body clothes,94,151,222,71,380,286
11066,img/img_00068374.jpg,full-body clothes,172,41,116,75,215,43
11067,img/img_00068378.jpg,full-body clothes,370,98,210,112,462,92
11068,img/img_00068379.jpg,full-body clothes,259,90,189,99,308,49
11069,img/img_00068381.jpg,full-body clothes,334,248,306,58,474,140
11070,img/img_00068390.jpg,full-body clothes,320,197,269,72,479,159
11071,img/img_00068393.jpg,full-body clothes,135,103,159,56,185,50
11072,img/img_00068396.jpg,full-body clothes,223,132,186,54,303,80
11073,img/img_00068403.jpg,full-body clothes,90,48,126,78,132,42
11074,img/img_00068405.jpg,full-body clothes,294,152,258,106,429,135
11075,img/img_00068407.jpg,full-body clothes,321,189,257,68,461,140
11076,img/img_00068411.jpg,full-body clothes,333,164,321,157,477,144
11077,img/img_00068416.jpg,full-body clothes,318,159,274,115,461,143
11078,img/img_00068419.jpg,full-body clothes,276,163,225,62,427,151
11079,img/img_00068428.jpg,full-body clothes,194,186,186,0,194,0
11080,img/img_00068430.jpg,lower-body clothes,156,170,285,115,460,304
11081,img/img_00068436.jpg,lower-body clothes,59,116,282,166,278,219
11082,img/img_00068443.jpg,lower-body clothes,65,87,234,147,350,285
11083,img/img_00068445.jpg,lower-body clothes,96,92,213,121,314,218
11084,img/img_00068451.jpg,lower-body clothes,81,88,209,121,257,176
11085,img/img_00068458.jpg,lower-body clothes,103,170,248,78,448,345
11086,img/img_00068461.jpg,lower-body clothes,51,92,218,126,237,186
11087,img/img_00068466.jpg,full-body clothes,367,88,221,133,450,83
11088,img/img_00068471.jpg,full-body clothes,195,45,130,85,237,42
11089,img/img_00068473.jpg,full-body clothes,209,162,162,0,209,0
11090,img/img_00068480.jpg,full-body clothes,150,57,140,83,205,55
11091,img/img_00068485.jpg,full-body clothes,375,134,227,93,489,114
11092,img/img_00068487.jpg,full-body clothes,212,80,180,100,262,50
11093,img/img_00068490.jpg,full-body clothes,309,188,246,58,431,122
11094,img/img_00068491.jpg,full-body clothes,99,42,138,96,128,29
11095,img/img_00068497.jpg,full-body clothes,169,105,160,55,234,65
11096,img/img_00068503.jpg,full-body clothes,387,284,284,0,387,0
11097,img/img_00068505.jpg,full-body clothes,178,101,141,40,254,76
11098,img/img_00068509.jpg,full-body clothes,201,112,215,103,286,85
11099,img/img_00068512.jpg,full-body clothes,212,64,160,96,298,86
11100,img/img_00068513.jpg,full-body clothes,196,107,198,91,267,71
11101,img/img_00068515.jpg,full-body clothes,364,224,224,0,364,0
11102,img/img_00068528.jpg,full-body clothes,301,156,276,120,443,142
11103,img/img_00068530.jpg,full-body clothes,195,235,235,0,195,0
11104,img/img_00068532.jpg,full-body clothes,345,269,269,0,345,0
11105,img/img_00068537.jpg,full-body clothes,353,99,201,102,500,147
11106,img/img_00068543.jpg,full-body clothes,381,303,318,15,506,125
11107,img/img_00068546.jpg,full-body clothes,135,123,123,0,135,0
11108,img/img_00068551.jpg,full-body clothes,420,310,489,179,439,19
11109,img/img_00068565.jpg,full-body clothes,198,133,269,136,291,93
11110,img/img_00068568.jpg,full-body clothes,366,152,234,82,449,83
11111,img/img_00068588.jpg,full-body clothes,267,275,275,0,267,0
11112,img/img_00068599.jpg,full-body clothes,404,106,223,117,482,78
11113,img/img_00068604.jpg,upper-body clothes,179,121,224,103,313,134
11114,img/img_00068627.jpg,full-body clothes,170,130,130,0,170,0
11115,img/img_00068628.jpg,full-body clothes,203,113,233,120,307,104
11116,img/img_00068629.jpg,full-body clothes,202,81,204,123,363,161
11117,img/img_00068634.jpg,full-body clothes,234,89,159,70,296,62
11118,img/img_00068636.jpg,full-body clothes,228,121,231,110,318,90
11119,img/img_00068637.jpg,full-body clothes,322,73,193,120,409,87
11120,img/img_00068639.jpg,full-body clothes,201,104,219,115,287,86
11121,img/img_00068666.jpg,lower-body clothes,92,94,304,210,285,193
11122,img/img_00068682.jpg,full-body clothes,472,287,287,0,472,0
11123,img/img_00068692.jpg,upper-body clothes,84,76,141,65,149,65
11124,img/img_00068699.jpg,upper-body clothes,167,87,134,47,242,75
11125,img/img_00068700.jpg,upper-body clothes,65,55,127,72,156,91
11126,img/img_00068701.jpg,upper-body clothes,140,75,164,89,184,44
11127,img/img_00068717.jpg,upper-body clothes,109,26,75,49,178,69
11128,img/img_00068724.jpg,upper-body clothes,89,71,184,113,184,95
11129,img/img_00068733.jpg,lower-body clothes,264,211,286,75,347,83
11130,img/img_00068747.jpg,upper-body clothes,275,131,254,123,417,142
11131,img/img_00068756.jpg,full-body clothes,147,65,258,193,231,84
11132,img/img_00068759.jpg,full-body clothes,115,61,145,84,173,58
11133,img/img_00068770.jpg,upper-body clothes,273,199,215,16,431,158
11134,img/img_00068772.jpg,upper-body clothes,284,149,285,136,430,146
11135,img/img_00068776.jpg,upper-body clothes,203,58,204,146,302,99
11136,img/img_00068778.jpg,upper-body clothes,154,98,203,105,238,84
11137,img/img_00068787.jpg,upper-body clothes,179,71,254,183,281,102
11138,img/img_00068790.jpg,upper-body clothes,87,118,219,101,231,144
11139,img/img_00068798.jpg,upper-body clothes,142,115,179,64,239,97
11140,img/img_00068801.jpg,upper-body clothes,186,67,263,196,381,195
11141,img/img_00068804.jpg,upper-body clothes,155,148,191,43,253,98
11142,img/img_00068807.jpg,upper-body clothes,384,173,296,123,436,52
11143,img/img_00068817.jpg,upper-body clothes,187,105,171,66,328,141
11144,img/img_00068820.jpg,upper-body clothes,253,126,236,110,388,135
11145,img/img_00068822.jpg,upper-body clothes,260,147,261,114,390,130
11146,img/img_00068835.jpg,full-body clothes,188,305,305,0,188,0
11147,img/img_00068841.jpg,full-body clothes,233,58,196,138,321,88
11148,img/img_00068845.jpg,lower-body clothes,31,45,118,73,129,98
11149,img/img_00068846.jpg,lower-body clothes,132,177,287,110,497,365
11150,img/img_00068849.jpg,lower-body clothes,99,132,213,81,348,249
11151,img/img_00068861.jpg,lower-body clothes,106,87,192,105,465,359
11152,img/img_00068871.jpg,full-body clothes,206,90,166,76,285,79
11153,img/img_00068872.jpg,full-body clothes,302,132,256,124,367,65
11154,img/img_00068873.jpg,full-body clothes,154,92,219,127,207,53
11155,img/img_00068874.jpg,full-body clothes,328,74,191,117,448,120
11156,img/img_00068876.jpg,full-body clothes,412,373,400,27,450,38
11157,img/img_00068897.jpg,lower-body clothes,183,230,230,0,183,0
11158,img/img_00068899.jpg,full-body clothes,399,129,246,117,489,90
11159,img/img_00068915.jpg,full-body clothes,391,83,212,129,484,93
11160,img/img_00068935.jpg,full-body clothes,218,99,203,104,302,84
11161,img/img_00068950.jpg,full-body clothes,204,119,180,61,298,94
11162,img/img_00068952.jpg,full-body clothes,326,211,277,66,470,144
11163,img/img_00068955.jpg,full-body clothes,296,223,273,50,447,151
11164,img/img_00068957.jpg,full-body clothes,204,89,160,71,307,103
11165,img/img_00068958.jpg,full-body clothes,108,70,191,121,155,47
11166,img/img_00068961.jpg,full-body clothes,275,159,212,53,415,140
11167,img/img_00068972.jpg,full-body clothes,265,70,151,81,330,65
11168,img/img_00068973.jpg,full-body clothes,231,48,126,78,286,55
11169,img/img_00068979.jpg,full-body clothes,423,237,237,0,423,0
11170,img/img_00068984.jpg,full-body clothes,269,94,173,79,327,58
11171,img/img_00068990.jpg,upper-body clothes,221,128,231,103,385,164
11172,img/img_00068996.jpg,upper-body clothes,131,104,152,48,196,65
11173,img/img_00068999.jpg,upper-body clothes,170,77,184,107,292,122
11174,img/img_00069004.jpg,upper-body clothes,316,174,260,86,456,140
11175,img/img_00069008.jpg,upper-body clothes,90,62,232,170,184,94
11176,img/img_00069015.jpg,upper-body clothes,283,212,257,45,406,123
11177,img/img_00069021.jpg,full-body clothes,89,34,59,25,118,29
11178,img/img_00069025.jpg,full-body clothes,494,304,304,0,494,0
11179,img/img_00069028.jpg,full-body clothes,164,47,146,99,232,68
11180,img/img_00069037.jpg,full-body clothes,301,122,240,118,443,142
11181,img/img_00069039.jpg,full-body clothes,193,59,135,76,271,78
11182,img/img_00069043.jpg,full-body clothes,252,89,213,124,430,178
11183,img/img_00069047.jpg,full-body clothes,193,64,134,70,271,78
11184,img/img_00069054.jpg,full-body clothes,131,75,191,116,181,50
11185,img/img_00069056.jpg,full-body clothes,321,45,189,144,442,121
11186,img/img_00069063.jpg,full-body clothes,189,108,211,103,274,85
11187,img/img_00069069.jpg,full-body clothes,341,145,262,117,470,129
11188,img/img_00069071.jpg,full-body clothes,290,107,181,74,391,101
11189,img/img_00069074.jpg,full-body clothes,103,65,148,83,142,39
11190,img/img_00069079.jpg,full-body clothes,225,132,132,0,225,0
11191,img/img_00069082.jpg,full-body clothes,328,132,251,119,445,117
11192,img/img_00069085.jpg,full-body clothes,95,55,129,74,130,35
11193,img/img_00069092.jpg,upper-body clothes,194,123,225,102,314,120
11194,img/img_00069101.jpg,upper-body clothes,173,110,295,185,308,135
11195,img/img_00069102.jpg,upper-body clothes,207,96,185,89,310,103
11196,img/img_00069109.jpg,upper-body clothes,203,135,216,81,319,116
11197,img/img_00069118.jpg,full-body clothes,320,69,217,148,483,163
11198,img/img_00069120.jpg,full-body clothes,169,97,197,100,258,89
11199,img/img_00069121.jpg,full-body clothes,188,98,159,61,284,96
11200,img/img_00069123.jpg,full-body clothes,165,114,204,90,262,97
11201,img/img_00069129.jpg,upper-body clothes,227,178,199,21,303,76
11202,img/img_00069136.jpg,lower-body clothes,317,57,367,310,467,150
11203,img/img_00069144.jpg,lower-body clothes,470,192,315,123,490,20
11204,img/img_00069146.jpg,upper-body clothes,194,94,203,109,268,74
11205,img/img_00069153.jpg,upper-body clothes,281,210,210,0,281,0
11206,img/img_00069157.jpg,upper-body clothes,281,261,261,0,281,0
11207,img/img_00069159.jpg,upper-body clothes,221,178,239,61,346,125
11208,img/img_00069180.jpg,upper-body clothes,250,169,339,170,327,77
11209,img/img_00069182.jpg,upper-body clothes,107,148,357,209,198,91
11210,img/img_00069185.jpg,upper-body clothes,217,58,150,92,336,119
11211,img/img_00069199.jpg,upper-body clothes,158,87,260,173,222,64
11212,img/img_00069200.jpg,upper-body clothes,131,33,187,154,236,105
11213,img/img_00069207.jpg,upper-body clothes,85,82,138,56,161,76
11214,img/img_00069211.jpg,upper-body clothes,195,97,195,98,333,138
11215,img/img_00069213.jpg,upper-body clothes,243,54,241,187,395,152
11216,img/img_00069218.jpg,upper-body clothes,240,105,214,109,358,118
11217,img/img_00069219.jpg,upper-body clothes,275,170,333,163,444,169
11218,img/img_00069220.jpg,upper-body clothes,101,72,152,80,175,74
11219,img/img_00069223.jpg,upper-body clothes,129,87,146,59,215,86
11220,img/img_00069239.jpg,upper-body clothes,93,61,228,167,150,57
11221,img/img_00069243.jpg,upper-body clothes,280,215,215,0,280,0
11222,img/img_00069245.jpg,upper-body clothes,318,139,170,31,323,5
11223,img/img_00069247.jpg,upper-body clothes,232,434,434,0,232,0
11224,img/img_00069250.jpg,upper-body clothes,281,195,274,79,402,121
11225,img/img_00069254.jpg,upper-body clothes,291,203,203,0,291,0
11226,img/img_00069256.jpg,upper-body clothes,253,204,265,61,289,36
11227,img/img_00069257.jpg,upper-body clothes,453,255,255,0,453,0
11228,img/img_00069258.jpg,upper-body clothes,172,125,233,108,263,91
11229,img/img_00069270.jpg,upper-body clothes,120,50,112,62,175,55
11230,img/img_00069278.jpg,upper-body clothes,158,236,252,16,296,138
11231,img/img_00069279.jpg,upper-body clothes,178,158,197,39,315,137
11232,img/img_00069282.jpg,upper-body clothes,323,210,317,107,492,169
11233,img/img_00069283.jpg,upper-body clothes,153,129,145,16,193,40
11234,img/img_00069291.jpg,upper-body clothes,121,101,222,121,219,98
11235,img/img_00069295.jpg,upper-body clothes,428,285,333,48,505,77
11236,img/img_00069298.jpg,upper-body clothes,204,228,283,55,371,167
11237,img/img_00069306.jpg,upper-body clothes,226,137,242,105,239,13
11238,img/img_00069307.jpg,upper-body clothes,169,183,343,160,302,133
11239,img/img_00069308.jpg,upper-body clothes,243,221,221,0,243,0
11240,img/img_00069313.jpg,upper-body clothes,247,129,194,65,387,140
11241,img/img_00069314.jpg,upper-body clothes,161,128,235,107,290,129
11242,img/img_00069321.jpg,full-body clothes,415,111,212,101,490,75
11243,img/img_00069324.jpg,full-body clothes,253,212,212,0,253,0
11244,img/img_00069327.jpg,full-body clothes,232,243,243,0,232,0
11245,img/img_00069331.jpg,full-body clothes,324,171,251,80,453,129
11246,img/img_00069333.jpg,full-body clothes,134,36,159,123,145,11
11247,img/img_00069349.jpg,upper-body clothes,237,294,306,12,421,184
11248,img/img_00069350.jpg,upper-body clothes,231,63,319,256,364,133
11249,img/img_00069363.jpg,upper-body clothes,158,46,349,303,224,66
11250,img/img_00069364.jpg,upper-body clothes,206,131,250,119,366,160
11251,img/img_00069367.jpg,upper-body clothes,121,151,228,77,266,145
11252,img/img_00069372.jpg,full-body clothes,222,133,235,102,319,97
11253,img/img_00069374.jpg,full-body clothes,342,113,221,108,469,127
11254,img/img_00069375.jpg,full-body clothes,176,77,278,201,273,97
11255,img/img_00069383.jpg,full-body clothes,226,90,161,71,306,80
11256,img/img_00069386.jpg,full-body clothes,337,222,272,50,464,127
11257,img/img_00069392.jpg,full-body clothes,363,69,195,126,481,118
11258,img/img_00069393.jpg,full-body clothes,219,37,162,125,284,65
11259,img/img_00069396.jpg,full-body clothes,369,64,215,151,466,97
11260,img/img_00069403.jpg,full-body clothes,352,200,244,44,463,111
11261,img/img_00069405.jpg,full-body clothes,347,144,249,105,462,115
11262,img/img_00069414.jpg,full-body clothes,371,80,245,165,494,123
11263,img/img_00069418.jpg,full-body clothes,147,178,178,0,147,0
11264,img/img_00069425.jpg,full-body clothes,261,85,154,69,389,128
11265,img/img_00069426.jpg,full-body clothes,259,70,208,138,342,83
11266,img/img_00069427.jpg,full-body clothes,358,351,351,0,358,0
11267,img/img_00069429.jpg,full-body clothes,413,132,187,55,482,69
11268,img/img_00069432.jpg,full-body clothes,300,89,210,121,316,16
11269,img/img_00069436.jpg,full-body clothes,190,64,148,84,269,79
11270,img/img_00069439.jpg,full-body clothes,177,298,298,0,177,0
11271,img/img_00069452.jpg,full-body clothes,185,63,130,67,229,44
11272,img/img_00069456.jpg,full-body clothes,386,79,155,76,476,90
11273,img/img_00069468.jpg,full-body clothes,155,183,183,0,155,0
11274,img/img_00069470.jpg,full-body clothes,251,52,148,96,305,54
11275,img/img_00069473.jpg,full-body clothes,189,124,161,37,275,86
11276,img/img_00069493.jpg,full-body clothes,184,40,113,73,219,35
11277,img/img_00069501.jpg,full-body clothes,404,125,202,77,478,74
11278,img/img_00069514.jpg,full-body clothes,210,101,210,109,282,72
11279,img/img_00069527.jpg,full-body clothes,106,56,128,72,145,39
11280,img/img_00069532.jpg,full-body clothes,164,67,136,69,223,59
11281,img/img_00069543.jpg,full-body clothes,322,115,230,115,410,88
11282,img/img_00069548.jpg,lower-body clothes,46,35,185,150,159,113
11283,img/img_00069556.jpg,upper-body clothes,148,167,260,93,295,147
11284,img/img_00069559.jpg,upper-body clothes,168,28,60,32,210,42
11285,img/img_00069568.jpg,upper-body clothes,270,64,142,78,406,136
11286,img/img_00069585.jpg,full-body clothes,308,163,277,114,440,132
11287,img/img_00069596.jpg,full-body clothes,293,257,257,0,293,0
11288,img/img_00069599.jpg,full-body clothes,343,130,246,116,457,114
11289,img/img_00069603.jpg,full-body clothes,337,100,234,134,496,159
11290,img/img_00069605.jpg,upper-body clothes,193,106,224,118,271,78
11291,img/img_00069607.jpg,upper-body clothes,128,127,167,40,209,81
11292,img/img_00069612.jpg,upper-body clothes,197,106,142,36,296,99
11293,img/img_00069625.jpg,upper-body clothes,96,50,131,81,152,56
11294,img/img_00069628.jpg,upper-body clothes,167,86,251,165,268,101
11295,img/img_00069642.jpg,upper-body clothes,55,37,138,101,99,44
11296,img/img_00069653.jpg,upper-body clothes,123,62,133,71,191,68
11297,img/img_00069656.jpg,lower-body clothes,51,56,141,85,153,102
11298,img/img_00069657.jpg,lower-body clothes,63,84,155,71,234,171
11299,img/img_00069662.jpg,lower-body clothes,40,60,91,31,161,121
11300,img/img_00069668.jpg,lower-body clothes,115,152,216,64,134,19
11301,img/img_00069677.jpg,lower-body clothes,112,166,302,136,139,27
11302,img/img_00069691.jpg,lower-body clothes,102,84,252,168,325,223
11303,img/img_00069693.jpg,lower-body clothes,129,118,218,100,298,169
11304,img/img_00069697.jpg,lower-body clothes,243,22,191,169,454,211
11305,img/img_00069701.jpg,lower-body clothes,142,128,241,113,304,162
11306,img/img_00069739.jpg,lower-body clothes,303,196,359,163,356,53
11307,img/img_00069765.jpg,lower-body clothes,66,65,218,153,286,220
11308,img/img_00069767.jpg,lower-body clothes,120,155,250,95,389,269
11309,img/img_00069770.jpg,lower-body clothes,85,138,266,128,358,273
11310,img/img_00069776.jpg,lower-body clothes,170,224,302,78,295,125
11311,img/img_00069782.jpg,lower-body clothes,119,141,225,84,137,18
11312,img/img_00069783.jpg,lower-body clothes,123,182,235,53,294,171
11313,img/img_00069793.jpg,lower-body clothes,303,98,214,116,389,86
11314,img/img_00069795.jpg,lower-body clothes,35,56,185,129,157,122
11315,img/img_00069797.jpg,lower-body clothes,71,70,135,65,206,135
11316,img/img_00069803.jpg,lower-body clothes,127,157,230,73,145,18
11317,img/img_00069810.jpg,lower-body clothes,158,154,302,148,437,279
11318,img/img_00069811.jpg,lower-body clothes,67,94,194,100,93,26
11319,img/img_00069817.jpg,lower-body clothes,56,47,127,80,160,104
11320,img/img_00069827.jpg,lower-body clothes,64,96,265,169,216,152
11321,img/img_00069841.jpg,full-body clothes,279,281,281,0,279,0
11322,img/img_00069857.jpg,lower-body clothes,156,184,293,109,163,7
11323,img/img_00069862.jpg,lower-body clothes,40,51,125,74,139,99
11324,img/img_00069863.jpg,lower-body clothes,82,105,161,56,297,215
11325,img/img_00069870.jpg,lower-body clothes,260,115,205,90,398,138
11326,img/img_00069879.jpg,lower-body clothes,302,362,401,39,324,22
11327,img/img_00069880.jpg,lower-body clothes,271,499,499,0,271,0
11328,img/img_00069890.jpg,lower-body clothes,82,83,198,115,287,205
11329,img/img_00069893.jpg,lower-body clothes,127,153,236,83,187,60
11330,img/img_00069906.jpg,lower-body clothes,138,170,286,116,333,195
11331,img/img_00069907.jpg,lower-body clothes,344,409,449,40,414,70
11332,img/img_00069915.jpg,lower-body clothes,102,145,374,229,247,145
11333,img/img_00069927.jpg,upper-body clothes,408,62,258,196,452,44
11334,img/img_00069928.jpg,upper-body clothes,167,110,246,136,206,39
11335,img/img_00069947.jpg,lower-body clothes,66,67,120,53,229,163
11336,img/img_00069951.jpg,lower-body clothes,145,172,228,56,420,275
11337,img/img_00069964.jpg,lower-body clothes,171,171,252,81,189,18
11338,img/img_00069977.jpg,upper-body clothes,144,124,124,0,144,0
11339,img/img_00069985.jpg,lower-body clothes,62,95,203,108,274,212
11340,img/img_00069988.jpg,lower-body clothes,118,162,272,110,132,14
11341,img/img_00070011.jpg,upper-body clothes,87,52,139,87,144,57
11342,img/img_00070012.jpg,upper-body clothes,130,84,150,66,196,66
11343,img/img_00070013.jpg,upper-body clothes,176,94,210,116,306,130
11344,img/img_00070014.jpg,upper-body clothes,81,84,158,74,172,91
11345,img/img_00070030.jpg,lower-body clothes,204,54,172,118,372,168
11346,img/img_00070040.jpg,lower-body clothes,91,131,201,70,350,259
11347,img/img_00070047.jpg,upper-body clothes,342,260,260,0,342,0
11348,img/img_00070072.jpg,lower-body clothes,86,95,185,90,275,189
11349,img/img_00070073.jpg,lower-body clothes,57,75,142,67,213,156
11350,img/img_00070080.jpg,full-body clothes,346,36,216,180,458,112
11351,img/img_00070085.jpg,full-body clothes,324,109,188,79,476,152
11352,img/img_00070089.jpg,lower-body clothes,139,98,175,77,157,18
11353,img/img_00070093.jpg,lower-body clothes,108,150,169,19,175,67
11354,img/img_00070095.jpg,lower-body clothes,210,148,246,98,238,28
11355,img/img_00070116.jpg,upper-body clothes,220,169,208,39,289,69
11356,img/img_00070118.jpg,upper-body clothes,329,279,279,0,329,0
11357,img/img_00070125.jpg,upper-body clothes,193,96,215,119,307,114
11358,img/img_00070133.jpg,upper-body clothes,272,85,115,30,294,22
11359,img/img_00070135.jpg,upper-body clothes,169,68,194,126,251,82
11360,img/img_00070138.jpg,full-body clothes,240,113,204,91,290,50
11361,img/img_00070152.jpg,upper-body clothes,220,138,181,43,314,94
11362,img/img_00070164.jpg,upper-body clothes,211,56,145,89,285,74
11363,img/img_00070172.jpg,upper-body clothes,169,66,186,120,237,68
11364,img/img_00070176.jpg,upper-body clothes,313,79,194,115,425,112
11365,img/img_00070183.jpg,upper-body clothes,314,214,370,156,437,123
11366,img/img_00070185.jpg,upper-body clothes,276,245,281,36,412,136
11367,img/img_00070195.jpg,upper-body clothes,248,173,277,104,420,172
11368,img/img_00070204.jpg,upper-body clothes,286,229,229,0,286,0
11369,img/img_00070208.jpg,upper-body clothes,189,176,356,180,363,174
11370,img/img_00070224.jpg,full-body clothes,154,82,124,42,215,61
11371,img/img_00070229.jpg,full-body clothes,236,144,190,46,328,92
11372,img/img_00070230.jpg,full-body clothes,313,188,311,123,443,130
11373,img/img_00070231.jpg,upper-body clothes,331,161,282,121,457,126
11374,img/img_00070238.jpg,upper-body clothes,300,149,201,52,435,135
11375,img/img_00070243.jpg,upper-body clothes,193,120,286,166,273,80
11376,img/img_00070244.jpg,upper-body clothes,128,85,187,102,221,93
11377,img/img_00070246.jpg,upper-body clothes,106,243,243,0,106,0
11378,img/img_00070251.jpg,full-body clothes,115,51,101,50,154,39
11379,img/img_00070256.jpg,full-body clothes,238,87,200,113,306,68
11380,img/img_00070258.jpg,full-body clothes,277,53,196,143,366,89
11381,img/img_00070260.jpg,full-body clothes,191,71,131,60,230,39
11382,img/img_00070261.jpg,full-body clothes,159,104,188,84,203,44
11383,img/img_00070264.jpg,full-body clothes,132,67,123,56,177,45
11384,img/img_00070272.jpg,upper-body clothes,132,136,136,0,132,0
11385,img/img_00070275.jpg,upper-body clothes,240,123,214,91,350,110
11386,img/img_00070280.jpg,upper-body clothes,171,90,176,86,277,106
11387,img/img_00070288.jpg,upper-body clothes,128,49,123,74,189,61
11388,img/img_00070289.jpg,upper-body clothes,294,118,258,140,437,143
11389,img/img_00070298.jpg,upper-body clothes,124,130,316,186,215,91
11390,img/img_00070299.jpg,upper-body clothes,221,128,234,106,385,164
11391,img/img_00070307.jpg,upper-body clothes,196,122,195,73,322,126
11392,img/img_00070316.jpg,upper-body clothes,194,111,191,80,327,133
11393,img/img_00070326.jpg,upper-body clothes,160,325,325,0,160,0
11394,img/img_00070340.jpg,upper-body clothes,291,227,227,0,291,0
11395,img/img_00070345.jpg,upper-body clothes,72,51,178,127,137,65
11396,img/img_00070347.jpg,upper-body clothes,292,177,183,6,327,35
11397,img/img_00070351.jpg,upper-body clothes,230,405,405,0,230,0
11398,img/img_00070354.jpg,upper-body clothes,374,170,322,152,496,122
11399,img/img_00070368.jpg,upper-body clothes,95,67,129,62,164,69
11400,img/img_00070375.jpg,upper-body clothes,194,346,346,0,194,0
11401,img/img_00070387.jpg,lower-body clothes,128,108,220,112,149,21
11402,img/img_00070393.jpg,lower-body clothes,85,88,143,55,96,11
11403,img/img_00070396.jpg,lower-body clothes,113,82,482,400,308,195
11404,img/img_00070404.jpg,full-body clothes,361,220,277,57,495,134
11405,img/img_00070405.jpg,full-body clothes,354,199,285,86,477,123
11406,img/img_00070411.jpg,full-body clothes,401,311,311,0,401,0
11407,img/img_00070415.jpg,full-body clothes,256,92,268,176,298,42
11408,img/img_00070420.jpg,full-body clothes,357,22,180,158,479,122
11409,img/img_00070429.jpg,full-body clothes,276,133,326,193,398,122
11410,img/img_00070430.jpg,full-body clothes,354,197,283,86,460,106
11411,img/img_00070442.jpg,full-body clothes,358,84,207,123,463,105
11412,img/img_00070455.jpg,full-body clothes,354,204,256,52,474,120
11413,img/img_00070462.jpg,full-body clothes,280,175,261,86,416,136
11414,img/img_00070467.jpg,upper-body clothes,197,222,222,0,197,0
11415,img/img_00070468.jpg,upper-body clothes,267,113,229,116,392,125
11416,img/img_00070470.jpg,upper-body clothes,188,111,281,170,371,183
11417,img/img_00070488.jpg,upper-body clothes,263,77,193,116,409,146
11418,img/img_00070494.jpg,full-body clothes,227,110,167,57,307,80
11419,img/img_00070495.jpg,full-body clothes,355,187,261,74,485,130
11420,img/img_00070502.jpg,full-body clothes,117,61,158,97,176,59
11421,img/img_00070503.jpg,full-body clothes,179,133,211,78,243,64
11422,img/img_00070506.jpg,full-body clothes,223,28,135,107,307,84
11423,img/img_00070509.jpg,full-body clothes,265,153,240,87,370,105
11424,img/img_00070512.jpg,full-body clothes,299,38,196,158,437,138
11425,img/img_00070521.jpg,full-body clothes,348,139,230,91,471,123
11426,img/img_00070525.jpg,full-body clothes,359,145,195,50,437,78
11427,img/img_00070526.jpg,full-body clothes,357,183,183,0,357,0
11428,img/img_00070531.jpg,full-body clothes,503,289,289,0,503,0
11429,img/img_00070539.jpg,full-body clothes,268,197,197,0,268,0
11430,img/img_00070540.jpg,full-body clothes,190,21,102,81,238,48
11431,img/img_00070541.jpg,full-body clothes,368,102,237,135,456,88
11432,img/img_00070546.jpg,full-body clothes,155,44,93,49,187,32
11433,img/img_00070548.jpg,full-body clothes,149,83,120,37,202,53
11434,img/img_00070551.jpg,full-body clothes,109,118,118,0,109,0
11435,img/img_00070553.jpg,full-body clothes,377,112,270,158,501,124
11436,img/img_00070555.jpg,full-body clothes,221,92,201,109,281,60
11437,img/img_00070557.jpg,full-body clothes,279,286,286,0,279,0
11438,img/img_00070558.jpg,full-body clothes,240,137,181,44,363,123
11439,img/img_00070560.jpg,full-body clothes,334,119,244,125,455,121
11440,img/img_00070570.jpg,full-body clothes,208,47,204,157,290,82
11441,img/img_00070575.jpg,full-body clothes,370,75,186,111,431,61
11442,img/img_00070579.jpg,upper-body clothes,419,237,237,0,419,0
11443,img/img_00070583.jpg,upper-body clothes,111,66,214,148,286,175
11444,img/img_00070588.jpg,upper-body clothes,66,42,65,23,92,26
11445,img/img_00070598.jpg,upper-body clothes,482,226,226,0,482,0
11446,img/img_00070603.jpg,upper-body clothes,154,111,227,116,272,118
11447,img/img_00070611.jpg,full-body clothes,251,164,222,58,333,82
11448,img/img_00070620.jpg,full-body clothes,366,256,290,34,500,134
11449,img/img_00070630.jpg,full-body clothes,470,251,251,0,470,0
11450,img/img_00070662.jpg,full-body clothes,234,163,256,93,414,180
11451,img/img_00070663.jpg,full-body clothes,187,125,169,44,284,97
11452,img/img_00070679.jpg,upper-body clothes,298,40,132,92,398,100
11453,img/img_00070682.jpg,upper-body clothes,243,86,273,187,363,120
11454,img/img_00070686.jpg,upper-body clothes,129,105,227,122,238,109
11455,img/img_00070687.jpg,upper-body clothes,170,89,213,124,304,134
11456,img/img_00070691.jpg,upper-body clothes,96,46,116,70,146,50
11457,img/img_00070693.jpg,full-body clothes,409,53,201,148,496,87
11458,img/img_00070698.jpg,full-body clothes,430,64,197,133,510,80
11459,img/img_00070733.jpg,full-body clothes,281,51,199,148,362,81
11460,img/img_00070739.jpg,full-body clothes,213,51,152,101,277,64
11461,img/img_00070740.jpg,full-body clothes,164,73,152,79,214,50
11462,img/img_00070744.jpg,full-body clothes,338,212,212,0,338,0
11463,img/img_00070762.jpg,full-body clothes,133,53,114,61,172,39
11464,img/img_00070764.jpg,full-body clothes,197,87,221,134,258,61
11465,img/img_00070776.jpg,full-body clothes,214,242,242,0,214,0
11466,img/img_00070784.jpg,full-body clothes,271,147,147,0,271,0
11467,img/img_00070791.jpg,full-body clothes,217,58,158,100,267,50
11468,img/img_00070794.jpg,full-body clothes,294,62,147,85,351,57
11469,img/img_00070806.jpg,upper-body clothes,153,84,195,111,225,72
11470,img/img_00070807.jpg,upper-body clothes,185,115,197,82,302,117
11471,img/img_00070814.jpg,upper-body clothes,337,107,217,110,475,138
11472,img/img_00070825.jpg,upper-body clothes,346,236,236,0,346,0
11473,img/img_00070830.jpg,upper-body clothes,336,196,196,0,336,0
11474,img/img_00070845.jpg,full-body clothes,205,80,208,128,279,74
11475,img/img_00070848.jpg,full-body clothes,366,222,222,0,366,0
11476,img/img_00070860.jpg,full-body clothes,316,476,476,0,316,0
11477,img/img_00070861.jpg,full-body clothes,385,66,174,108,469,84
11478,img/img_00070867.jpg,full-body clothes,389,59,165,106,466,77
11479,img/img_00070873.jpg,full-body clothes,347,96,119,23,437,90
11480,img/img_00070877.jpg,full-body clothes,309,171,171,0,309,0
11481,img/img_00070879.jpg,full-body clothes,242,224,301,77,402,160
11482,img/img_00070884.jpg,full-body clothes,310,131,238,107,432,122
11483,img/img_00070888.jpg,full-body clothes,122,129,129,0,122,0
11484,img/img_00070891.jpg,full-body clothes,389,143,281,138,486,97
11485,img/img_00070897.jpg,upper-body clothes,153,81,140,59,234,81
11486,img/img_00070900.jpg,upper-body clothes,81,59,180,121,152,71
11487,img/img_00070907.jpg,upper-body clothes,107,73,139,66,177,70
11488,img/img_00070913.jpg,upper-body clothes,102,59,138,79,168,66
11489,img/img_00070915.jpg,full-body clothes,315,100,293,193,469,154
11490,img/img_00070916.jpg,full-body clothes,432,383,383,0,432,0
11491,img/img_00070922.jpg,full-body clothes,267,99,255,156,352,85
11492,img/img_00070924.jpg,full-body clothes,354,99,253,154,477,123
11493,img/img_00070926.jpg,full-body clothes,334,116,259,143,444,110
11494,img/img_00070928.jpg,full-body clothes,359,115,274,159,463,104
11495,img/img_00070938.jpg,upper-body clothes,171,132,191,59,272,101
11496,img/img_00070939.jpg,upper-body clothes,473,245,245,0,473,0
11497,img/img_00070941.jpg,upper-body clothes,258,85,173,88,348,90
11498,img/img_00070943.jpg,upper-body clothes,232,138,331,193,348,116
11499,img/img_00070952.jpg,full-body clothes,296,201,268,67,413,117
11500,img/img_00070955.jpg,full-body clothes,396,160,431,271,501,105
11501,img/img_00070956.jpg,full-body clothes,474,154,249,95,488,14
11502,img/img_00070958.jpg,full-body clothes,319,112,314,202,461,142
11503,img/img_00070960.jpg,full-body clothes,213,114,270,156,296,83
11504,img/img_00070962.jpg,full-body clothes,90,40,74,34,132,42
11505,img/img_00070980.jpg,full-body clothes,192,232,232,0,192,0
11506,img/img_00070992.jpg,lower-body clothes,340,76,230,154,386,46
11507,img/img_00071000.jpg,lower-body clothes,402,156,255,99,410,8
11508,img/img_00071002.jpg,lower-body clothes,410,122,215,93,417,7
11509,img/img_00071007.jpg,lower-body clothes,345,56,161,105,386,41
11510,img/img_00071008.jpg,lower-body clothes,167,113,163,50,169,2
11511,img/img_00071012.jpg,upper-body clothes,218,131,184,53,228,10
11512,img/img_00071013.jpg,upper-body clothes,267,133,200,67,376,109
11513,img/img_00071017.jpg,upper-body clothes,218,131,200,69,334,116
11514,img/img_00071020.jpg,upper-body clothes,260,155,185,30,346,86
11515,img/img_00071026.jpg,upper-body clothes,77,48,132,84,125,48
11516,img/img_00071027.jpg,upper-body clothes,209,98,161,63,327,118
11517,img/img_00071037.jpg,upper-body clothes,233,136,216,80,383,150
11518,img/img_00071042.jpg,full-body clothes,338,79,260,181,432,94
11519,img/img_00071044.jpg,full-body clothes,377,55,205,150,455,78
11520,img/img_00071045.jpg,full-body clothes,346,128,264,136,465,119
11521,img/img_00071046.jpg,full-body clothes,235,125,271,146,344,109
11522,img/img_00071047.jpg,full-body clothes,256,41,130,89,298,42
11523,img/img_00071049.jpg,full-body clothes,249,167,216,49,376,127
11524,img/img_00071057.jpg,full-body clothes,243,79,162,83,315,72
11525,img/img_00071070.jpg,full-body clothes,306,241,241,0,306,0
11526,img/img_00071071.jpg,full-body clothes,317,107,267,160,437,120
11527,img/img_00071072.jpg,full-body clothes,210,131,328,197,288,78
11528,img/img_00071079.jpg,full-body clothes,323,210,303,93,446,123
11529,img/img_00071084.jpg,full-body clothes,297,243,243,0,297,0
11530,img/img_00071089.jpg,full-body clothes,351,155,279,124,464,113
11531,img/img_00071090.jpg,full-body clothes,352,175,265,90,470,118
11532,img/img_00071096.jpg,full-body clothes,344,141,235,94,458,114
11533,img/img_00071100.jpg,full-body clothes,187,99,175,76,208,21
11534,img/img_00071103.jpg,full-body clothes,307,260,260,0,307,0
11535,img/img_00071108.jpg,full-body clothes,210,98,238,140,302,92
11536,img/img_00071129.jpg,full-body clothes,282,84,209,125,368,86
11537,img/img_00071134.jpg,full-body clothes,384,156,370,214,483,99
11538,img/img_00071137.jpg,full-body clothes,347,190,275,85,464,117
11539,img/img_00071139.jpg,full-body clothes,379,110,224,114,472,93
11540,img/img_00071140.jpg,full-body clothes,192,62,411,349,260,68
11541,img/img_00071159.jpg,upper-body clothes,251,138,248,110,401,150
11542,img/img_00071169.jpg,full-body clothes,268,261,261,0,268,0
11543,img/img_00071172.jpg,full-body clothes,429,47,250,203,504,75
11544,img/img_00071174.jpg,full-body clothes,347,41,170,129,458,111
11545,img/img_00071176.jpg,full-body clothes,346,140,268,128,470,124
11546,img/img_00071183.jpg,full-body clothes,336,145,237,92,464,128
11547,img/img_00071187.jpg,full-body clothes,160,42,178,136,207,47
11548,img/img_00071199.jpg,full-body clothes,227,89,252,163,292,65
11549,img/img_00071212.jpg,upper-body clothes,319,148,243,95,405,86
11550,img/img_00071214.jpg,upper-body clothes,276,127,235,108,404,128
11551,img/img_00071221.jpg,upper-body clothes,265,161,277,116,416,151
11552,img/img_00071229.jpg,upper-body clothes,220,130,205,75,362,142
11553,img/img_00071232.jpg,full-body clothes,332,184,276,92,478,146
11554,img/img_00071233.jpg,full-body clothes,206,142,271,129,288,82
11555,img/img_00071242.jpg,full-body clothes,339,161,296,135,472,133
11556,img/img_00071246.jpg,full-body clothes,194,50,162,112,267,73
11557,img/img_00071251.jpg,full-body clothes,216,43,226,183,304,88
11558,img/img_00071252.jpg,full-body clothes,192,71,147,76,251,59
11559,img/img_00071253.jpg,full-body clothes,211,45,139,94,270,59
11560,img/img_00071258.jpg,full-body clothes,241,112,230,118,328,87
11561,img/img_00071262.jpg,full-body clothes,197,82,185,103,273,76
11562,img/img_00071275.jpg,full-body clothes,279,215,234,19,380,101
11563,img/img_00071278.jpg,full-body clothes,309,59,208,149,437,128
11564,img/img_00071280.jpg,full-body clothes,174,105,197,92,259,85
11565,img/img_00071281.jpg,full-body clothes,175,87,154,67,229,54
11566,img/img_00071282.jpg,full-body clothes,310,80,185,105,377,67
11567,img/img_00071289.jpg,full-body clothes,309,130,231,101,425,116
11568,img/img_00071296.jpg,full-body clothes,360,108,226,118,471,111
11569,img/img_00071300.jpg,full-body clothes,309,157,285,128,471,162
11570,img/img_00071306.jpg,full-body clothes,262,82,306,224,379,117
11571,img/img_00071338.jpg,full-body clothes,371,90,292,202,501,130
11572,img/img_00071344.jpg,full-body clothes,230,92,207,115,305,75
11573,img/img_00071346.jpg,full-body clothes,366,268,268,0,366,0
11574,img/img_00071350.jpg,full-body clothes,250,139,180,41,343,93
11575,img/img_00071354.jpg,full-body clothes,315,299,299,0,315,0
11576,img/img_00071361.jpg,upper-body clothes,182,73,145,72,220,38
11577,img/img_00071365.jpg,upper-body clothes,35,290,290,0,35,0
11578,img/img_00071370.jpg,upper-body clothes,336,385,385,0,336,0
11579,img/img_00071384.jpg,upper-body clothes,171,76,184,108,238,67
11580,img/img_00071391.jpg,upper-body clothes,140,62,285,223,216,76
11581,img/img_00071396.jpg,upper-body clothes,137,96,146,50,214,77
11582,img/img_00071412.jpg,upper-body clothes,110,47,87,40,165,55
11583,img/img_00071422.jpg,upper-body clothes,171,143,143,0,171,0
11584,img/img_00071434.jpg,upper-body clothes,131,48,118,70,200,69
11585,img/img_00071437.jpg,upper-body clothes,421,406,406,0,421,0
11586,img/img_00071438.jpg,upper-body clothes,141,46,130,84,200,59
11587,img/img_00071443.jpg,upper-body clothes,222,202,202,0,222,0
11588,img/img_00071447.jpg,lower-body clothes,141,47,123,76,266,125
11589,img/img_00071449.jpg,lower-body clothes,214,74,187,113,424,210
11590,img/img_00071452.jpg,lower-body clothes,214,90,192,102,400,186
11591,img/img_00071476.jpg,full-body clothes,269,217,217,0,269,0
11592,img/img_00071479.jpg,full-body clothes,316,170,443,273,409,93
11593,img/img_00071480.jpg,lower-body clothes,170,239,295,56,415,245
11594,img/img_00071483.jpg,lower-body clothes,314,74,219,145,379,65
11595,img/img_00071498.jpg,lower-body clothes,122,148,258,110,412,290
11596,img/img_00071500.jpg,upper-body clothes,234,126,226,100,366,132
11597,img/img_00071502.jpg,upper-body clothes,141,83,203,120,243,102
11598,img/img_00071503.jpg,upper-body clothes,175,117,194,77,316,141
11599,img/img_00071510.jpg,lower-body clothes,59,76,189,113,167,108
11600,img/img_00071518.jpg,full-body clothes,345,316,316,0,345,0
11601,img/img_00071534.jpg,upper-body clothes,138,171,204,33,252,114
11602,img/img_00071545.jpg,upper-body clothes,208,374,374,0,208,0
11603,img/img_00071547.jpg,upper-body clothes,160,40,169,129,207,47
11604,img/img_00071548.jpg,lower-body clothes,50,134,466,332,298,248
11605,img/img_00071550.jpg,lower-body clothes,103,131,228,97,417,314
11606,img/img_00071553.jpg,lower-body clothes,127,181,206,25,187,60
11607,img/img_00071559.jpg,lower-body clothes,241,494,494,0,241,0
11608,img/img_00071568.jpg,lower-body clothes,57,108,150,42,274,217
11609,img/img_00071577.jpg,lower-body clothes,132,47,130,83,200,68
11610,img/img_00071579.jpg,lower-body clothes,224,87,155,68,403,179
11611,img/img_00071582.jpg,lower-body clothes,222,73,165,92,401,179
11612,img/img_00071586.jpg,lower-body clothes,155,28,111,83,217,62
11613,img/img_00071587.jpg,lower-body clothes,215,110,206,96,395,180
11614,img/img_00071596.jpg,lower-body clothes,148,64,190,126,256,108
11615,img/img_00071598.jpg,lower-body clothes,293,29,195,166,302,9
11616,img/img_00071604.jpg,lower-body clothes,212,285,330,45,293,81
11617,img/img_00071606.jpg,lower-body clothes,111,158,174,16,134,23
11618,img/img_00071610.jpg,lower-body clothes,7,121,121,0,7,0
11619,img/img_00071611.jpg,lower-body clothes,78,133,133,0,78,0
11620,img/img_00071616.jpg,upper-body clothes,157,125,226,101,280,123
11621,img/img_00071626.jpg,upper-body clothes,214,106,231,125,338,124
11622,img/img_00071633.jpg,upper-body clothes,168,102,167,65,291,123
11623,img/img_00071648.jpg,lower-body clothes,187,253,253,0,187,0
11624,img/img_00071668.jpg,upper-body clothes,496,359,373,14,498,2
11625,img/img_00071683.jpg,upper-body clothes,208,131,186,55,288,80
11626,img/img_00071689.jpg,lower-body clothes,106,173,260,87,415,309
11627,img/img_00071691.jpg,lower-body clothes,31,279,279,0,31,0
11628,img/img_00071695.jpg,lower-body clothes,240,210,210,0,240,0
11629,img/img_00071698.jpg,lower-body clothes,41,309,309,0,41,0
11630,img/img_00071714.jpg,full-body clothes,471,238,284,46,481,10
11631,img/img_00071734.jpg,lower-body clothes,413,92,218,126,469,56
11632,img/img_00071741.jpg,lower-body clothes,154,179,179,0,154,0
11633,img/img_00071771.jpg,lower-body clothes,254,86,202,116,458,204
11634,img/img_00071775.jpg,lower-body clothes,234,64,213,149,447,213
11635,img/img_00071782.jpg,lower-body clothes,234,89,212,123,455,221
11636,img/img_00071785.jpg,full-body clothes,241,112,248,136,319,78
11637,img/img_00071792.jpg,full-body clothes,346,158,260,102,471,125
11638,img/img_00071793.jpg,full-body clothes,171,92,168,76,327,156
11639,img/img_00071795.jpg,full-body clothes,230,65,244,179,308,78
11640,img/img_00071799.jpg,full-body clothes,342,214,301,87,486,144
11641,img/img_00071802.jpg,lower-body clothes,302,78,217,139,391,89
11642,img/img_00071811.jpg,lower-body clothes,63,101,441,340,264,201
11643,img/img_00071813.jpg,lower-body clothes,167,52,296,244,344,177
11644,img/img_00071816.jpg,lower-body clothes,417,303,303,0,417,0
11645,img/img_00071817.jpg,lower-body clothes,321,297,356,59,390,69
11646,img/img_00071825.jpg,full-body clothes,462,260,260,0,462,0
11647,img/img_00071831.jpg,full-body clothes,340,155,226,71,457,117
11648,img/img_00071844.jpg,full-body clothes,349,179,330,151,487,138
11649,img/img_00071872.jpg,lower-body clothes,170,97,97,0,170,0
11650,img/img_00071874.jpg,lower-body clothes,56,81,157,76,71,15
11651,img/img_00071881.jpg,upper-body clothes,110,149,259,110,248,138
11652,img/img_00071883.jpg,upper-body clothes,150,94,282,188,255,105
11653,img/img_00071885.jpg,upper-body clothes,249,140,140,0,249,0
11654,img/img_00071889.jpg,upper-body clothes,271,101,239,138,462,191
11655,img/img_00071892.jpg,upper-body clothes,266,134,134,0,266,0
11656,img/img_00071897.jpg,upper-body clothes,359,269,374,105,473,114
11657,img/img_00071901.jpg,upper-body clothes,119,104,210,106,318,199
11658,img/img_00071904.jpg,lower-body clothes,193,104,203,99,467,274
11659,img/img_00071915.jpg,full-body clothes,398,143,258,115,437,39
11660,img/img_00071920.jpg,full-body clothes,163,62,129,67,220,57
11661,img/img_00071937.jpg,full-body clothes,204,72,216,144,323,119
11662,img/img_00071939.jpg,full-body clothes,156,72,141,69,215,59
11663,img/img_00071945.jpg,full-body clothes,183,187,467,280,305,122
11664,img/img_00071951.jpg,full-body clothes,234,135,201,66,320,86
11665,img/img_00071953.jpg,full-body clothes,120,71,185,114,170,50
11666,img/img_00071954.jpg,full-body clothes,100,50,144,94,140,40
11667,img/img_00071972.jpg,full-body clothes,298,171,232,61,423,125
11668,img/img_00071982.jpg,full-body clothes,262,110,241,131,376,114
11669,img/img_00072012.jpg,full-body clothes,167,84,169,85,229,62
11670,img/img_00072019.jpg,full-body clothes,163,119,163,44,227,64
11671,img/img_00072023.jpg,lower-body clothes,293,34,196,162,304,11
11672,img/img_00072029.jpg,lower-body clothes,358,123,123,0,358,0
11673,img/img_00072033.jpg,lower-body clothes,450,78,302,224,458,8
11674,img/img_00072038.jpg,lower-body clothes,275,87,166,79,295,20
11675,img/img_00072043.jpg,lower-body clothes,240,46,184,138,425,185
11676,img/img_00072047.jpg,lower-body clothes,224,66,196,130,399,175
11677,img/img_00072048.jpg,lower-body clothes,390,140,238,98,431,41
11678,img/img_00072062.jpg,full-body clothes,322,48,139,91,450,128
11679,img/img_00072063.jpg,full-body clothes,319,113,151,38,433,114
11680,img/img_00072066.jpg,full-body clothes,156,99,158,59,213,57
11681,img/img_00072069.jpg,full-body clothes,167,83,141,58,224,57
11682,img/img_00072088.jpg,full-body clothes,168,78,200,122,287,119
11683,img/img_00072090.jpg,full-body clothes,198,108,211,103,284,86
11684,img/img_00072091.jpg,full-body clothes,349,73,167,94,455,106
11685,img/img_00072097.jpg,full-body clothes,361,98,244,146,481,120
11686,img/img_00072111.jpg,full-body clothes,360,167,282,115,466,106
11687,img/img_00072113.jpg,full-body clothes,206,93,201,108,278,72
11688,img/img_00072117.jpg,upper-body clothes,299,171,301,130,473,174
11689,img/img_00072119.jpg,upper-body clothes,225,112,201,89,362,137
11690,img/img_00072135.jpg,lower-body clothes,227,73,184,111,249,22
11691,img/img_00072146.jpg,lower-body clothes,413,118,256,138,432,19
11692,img/img_00072153.jpg,lower-body clothes,58,278,278,0,58,0
11693,img/img_00072159.jpg,lower-body clothes,444,188,347,159,471,27
11694,img/img_00072168.jpg,lower-body clothes,432,163,259,96,447,15
11695,img/img_00072181.jpg,lower-body clothes,406,183,293,110,411,5
11696,img/img_00072185.jpg,lower-body clothes,404,130,318,188,432,28
11697,img/img_00072186.jpg,lower-body clothes,493,125,310,185,496,3
11698,img/img_00072188.jpg,lower-body clothes,354,112,284,172,446,92
11699,img/img_00072190.jpg,lower-body clothes,59,71,117,46,66,7
11700,img/img_00072198.jpg,lower-body clothes,51,71,145,74,196,145
11701,img/img_00072200.jpg,lower-body clothes,163,222,365,143,438,275
11702,img/img_00072206.jpg,lower-body clothes,57,73,182,109,233,176
11703,img/img_00072209.jpg,lower-body clothes,99,151,253,102,409,310
11704,img/img_00072215.jpg,full-body clothes,494,179,256,77,501,7
11705,img/img_00072218.jpg,full-body clothes,261,83,244,161,334,73
11706,img/img_00072221.jpg,full-body clothes,223,50,243,193,312,89
11707,img/img_00072242.jpg,full-body clothes,291,124,207,83,386,95
11708,img/img_00072262.jpg,upper-body clothes,120,137,255,118,317,197
11709,img/img_00072268.jpg,full-body clothes,321,269,269,0,321,0
11710,img/img_00072272.jpg,full-body clothes,374,318,318,0,374,0
11711,img/img_00072283.jpg,full-body clothes,371,158,322,164,468,97
11712,img/img_00072287.jpg,full-body clothes,224,94,178,84,278,54
11713,img/img_00072291.jpg,full-body clothes,235,314,314,0,235,0
11714,img/img_00072303.jpg,full-body clothes,268,211,211,0,268,0
11715,img/img_00072306.jpg,full-body clothes,414,238,238,0,414,0
11716,img/img_00072310.jpg,full-body clothes,338,265,265,0,338,0
11717,img/img_00072316.jpg,full-body clothes,247,313,313,0,247,0
11718,img/img_00072328.jpg,upper-body clothes,134,81,137,56,223,89
11719,img/img_00072334.jpg,upper-body clothes,331,300,300,0,331,0
11720,img/img_00072337.jpg,upper-body clothes,449,390,390,0,449,0
11721,img/img_00072339.jpg,upper-body clothes,474,302,302,0,474,0
11722,img/img_00072343.jpg,upper-body clothes,322,386,386,0,322,0
11723,img/img_00072344.jpg,upper-body clothes,249,330,330,0,249,0
11724,img/img_00072349.jpg,upper-body clothes,325,185,286,101,334,9
11725,img/img_00072358.jpg,upper-body clothes,252,109,206,97,381,129
11726,img/img_00072361.jpg,upper-body clothes,145,71,131,60,163,18
11727,img/img_00072365.jpg,upper-body clothes,329,252,252,0,329,0
11728,img/img_00072373.jpg,upper-body clothes,460,237,237,0,460,0
11729,img/img_00072379.jpg,upper-body clothes,259,178,243,65,350,91
11730,img/img_00072385.jpg,upper-body clothes,346,434,434,0,346,0
11731,img/img_00072395.jpg,upper-body clothes,117,65,115,50,189,72
11732,img/img_00072397.jpg,upper-body clothes,142,93,149,56,224,82
11733,img/img_00072404.jpg,upper-body clothes,178,96,225,129,264,86
11734,img/img_00072414.jpg,upper-body clothes,188,97,153,56,281,93
11735,img/img_00072416.jpg,upper-body clothes,301,94,209,115,441,140
11736,img/img_00072417.jpg,upper-body clothes,79,49,91,42,109,30
11737,img/img_00072419.jpg,lower-body clothes,69,73,220,147,278,209
11738,img/img_00072424.jpg,lower-body clothes,137,173,291,118,458,321
11739,img/img_00072425.jpg,lower-body clothes,54,98,229,131,233,179
11740,img/img_00072429.jpg,lower-body clothes,93,121,257,136,356,263
11741,img/img_00072432.jpg,lower-body clothes,40,59,196,137,157,117
11742,img/img_00072449.jpg,upper-body clothes,129,99,188,89,205,76
11743,img/img_00072455.jpg,upper-body clothes,154,94,152,58,222,68
11744,img/img_00072456.jpg,upper-body clothes,162,94,150,56,280,118
11745,img/img_00072462.jpg,upper-body clothes,103,137,186,49,197,94
11746,img/img_00072464.jpg,upper-body clothes,337,286,286,0,337,0
11747,img/img_00072483.jpg,full-body clothes,188,132,218,86,262,74
11748,img/img_00072484.jpg,full-body clothes,208,140,237,97,315,107
11749,img/img_00072486.jpg,full-body clothes,104,56,168,112,158,54
11750,img/img_00072502.jpg,lower-body clothes,223,131,207,76,236,13
11751,img/img_00072508.jpg,lower-body clothes,130,100,242,142,368,238
11752,img/img_00072509.jpg,lower-body clothes,82,79,179,100,221,139
11753,img/img_00072516.jpg,full-body clothes,285,106,211,105,426,141
11754,img/img_00072518.jpg,full-body clothes,289,145,221,76,294,5
11755,img/img_00072526.jpg,full-body clothes,378,120,223,103,495,117
11756,img/img_00072538.jpg,full-body clothes,210,184,450,266,337,127
11757,img/img_00072557.jpg,full-body clothes,322,85,244,159,391,69
11758,img/img_00072559.jpg,full-body clothes,256,293,293,0,256,0
11759,img/img_00072562.jpg,full-body clothes,387,97,215,118,501,114
11760,img/img_00072573.jpg,full-body clothes,236,85,170,85,252,16
11761,img/img_00072575.jpg,full-body clothes,208,83,167,84,259,51
11762,img/img_00072577.jpg,full-body clothes,358,196,286,90,484,126
11763,img/img_00072578.jpg,full-body clothes,290,96,215,119,387,97
11764,img/img_00072579.jpg,full-body clothes,244,118,188,70,338,94
11765,img/img_00072582.jpg,full-body clothes,320,174,185,11,409,89
11766,img/img_00072591.jpg,full-body clothes,491,316,316,0,491,0
11767,img/img_00072601.jpg,full-body clothes,224,105,164,59,307,83
11768,img/img_00072606.jpg,full-body clothes,398,214,294,80,429,31
11769,img/img_00072607.jpg,full-body clothes,329,163,254,91,466,137
11770,img/img_00072609.jpg,full-body clothes,217,171,275,104,320,103
11771,img/img_00072617.jpg,full-body clothes,264,109,221,112,430,166
11772,img/img_00072625.jpg,lower-body clothes,194,317,334,17,308,114
11773,img/img_00072632.jpg,lower-body clothes,126,10,102,92,174,48
11774,img/img_00072641.jpg,lower-body clothes,61,74,132,58,223,162
11775,img/img_00072665.jpg,lower-body clothes,223,502,502,0,223,0
11776,img/img_00072668.jpg,lower-body clothes,231,104,234,130,455,224
11777,img/img_00072676.jpg,lower-body clothes,430,147,262,115,439,9
11778,img/img_00072679.jpg,lower-body clothes,381,111,333,222,382,1
11779,img/img_00072681.jpg,lower-body clothes,220,103,157,54,412,192
11780,img/img_00072683.jpg,full-body clothes,308,69,173,104,370,62
11781,img/img_00072685.jpg,full-body clothes,309,304,304,0,309,0
11782,img/img_00072689.jpg,full-body clothes,351,35,178,143,427,76
11783,img/img_00072696.jpg,full-body clothes,283,274,274,0,283,0
11784,img/img_00072702.jpg,full-body clothes,261,247,247,0,261,0
11785,img/img_00072703.jpg,full-body clothes,115,71,190,119,155,40
11786,img/img_00072723.jpg,full-body clothes,305,101,280,179,427,122
11787,img/img_00072727.jpg,full-body clothes,190,126,254,128,268,78
11788,img/img_00072729.jpg,full-body clothes,192,112,228,116,286,94
11789,img/img_00072733.jpg,upper-body clothes,274,295,325,30,461,187
11790,img/img_00072740.jpg,upper-body clothes,366,300,300,0,366,0
11791,img/img_00072749.jpg,lower-body clothes,446,34,146,112,458,12
11792,img/img_00072750.jpg,lower-body clothes,227,116,227,111,455,228
11793,img/img_00072751.jpg,lower-body clothes,268,237,237,0,268,0
11794,img/img_00072755.jpg,lower-body clothes,389,123,246,123,413,24
11795,img/img_00072761.jpg,lower-body clothes,370,147,240,93,424,54
11796,img/img_00072774.jpg,lower-body clothes,451,310,310,0,451,0
11797,img/img_00072779.jpg,lower-body clothes,37,54,150,96,207,170
11798,img/img_00072788.jpg,lower-body clothes,181,127,242,115,455,274
11799,img/img_00072805.jpg,full-body clothes,396,199,342,143,491,95
11800,img/img_00072812.jpg,full-body clothes,346,76,202,126,441,95
11801,img/img_00072815.jpg,full-body clothes,117,58,90,32,181,64
11802,img/img_00072821.jpg,full-body clothes,186,99,203,104,267,81
11803,img/img_00072824.jpg,lower-body clothes,140,63,235,172,304,164
11804,img/img_00072832.jpg,lower-body clothes,172,113,259,146,365,193
11805,img/img_00072843.jpg,lower-body clothes,216,83,191,108,502,286
11806,img/img_00072849.jpg,full-body clothes,238,129,229,100,310,72
11807,img/img_00072855.jpg,full-body clothes,182,115,431,316,277,95
11808,img/img_00072860.jpg,lower-body clothes,66,74,163,89,204,138
11809,img/img_00072869.jpg,lower-body clothes,160,157,256,99,473,313
11810,img/img_00072874.jpg,lower-body clothes,96,148,245,97,428,332
11811,img/img_00072890.jpg,lower-body clothes,108,126,265,139,406,298
11812,img/img_00072896.jpg,upper-body clothes,195,139,192,53,283,88
11813,img/img_00072898.jpg,upper-body clothes,486,278,278,0,486,0
11814,img/img_00072904.jpg,full-body clothes,251,75,142,67,313,62
11815,img/img_00072905.jpg,full-body clothes,388,129,236,107,492,104
11816,img/img_00072921.jpg,full-body clothes,423,221,270,49,454,31
11817,img/img_00072933.jpg,upper-body clothes,185,153,233,80,281,96
11818,img/img_00072938.jpg,upper-body clothes,302,138,232,94,373,71
11819,img/img_00072939.jpg,upper-body clothes,310,184,280,96,357,47
11820,img/img_00072941.jpg,upper-body clothes,316,137,196,59,390,74
11821,img/img_00072965.jpg,upper-body clothes,87,99,231,132,192,105
11822,img/img_00072991.jpg,lower-body clothes,117,130,234,104,432,315
11823,img/img_00073005.jpg,upper-body clothes,81,86,325,239,205,124
11824,img/img_00073006.jpg,upper-body clothes,183,140,407,267,328,145
11825,img/img_00073007.jpg,upper-body clothes,45,63,155,92,82,37
11826,img/img_00073017.jpg,lower-body clothes,180,98,231,133,405,225
11827,img/img_00073024.jpg,lower-body clothes,172,85,243,158,405,233
11828,img/img_00073033.jpg,lower-body clothes,194,75,304,229,439,245
11829,img/img_00073037.jpg,lower-body clothes,401,212,501,289,467,66
11830,img/img_00073040.jpg,lower-body clothes,21,351,351,0,21,0
11831,img/img_00073041.jpg,lower-body clothes,125,43,260,217,274,149
11832,img/img_00073047.jpg,lower-body clothes,148,149,465,316,256,108
11833,img/img_00073053.jpg,lower-body clothes,55,425,425,0,55,0
11834,img/img_00073060.jpg,lower-body clothes,66,102,225,123,293,227
11835,img/img_00073066.jpg,lower-body clothes,149,272,316,44,227,78
11836,img/img_00073073.jpg,lower-body clothes,98,438,438,0,98,0
11837,img/img_00073079.jpg,lower-body clothes,280,228,306,78,455,175
11838,img/img_00073080.jpg,lower-body clothes,88,135,235,100,374,286
11839,img/img_00073081.jpg,lower-body clothes,223,353,441,88,301,78
11840,img/img_00073082.jpg,lower-body clothes,45,76,423,347,254,209
11841,img/img_00073089.jpg,lower-body clothes,232,74,293,219,432,200
11842,img/img_00073102.jpg,lower-body clothes,210,118,191,73,225,15
11843,img/img_00073119.jpg,upper-body clothes,83,66,129,63,161,78
11844,img/img_00073120.jpg,upper-body clothes,318,214,359,145,486,168
11845,img/img_00073123.jpg,upper-body clothes,99,96,172,76,213,114
11846,img/img_00073126.jpg,upper-body clothes,176,157,194,37,269,93
11847,img/img_00073130.jpg,upper-body clothes,253,310,310,0,253,0
11848,img/img_00073134.jpg,lower-body clothes,291,68,281,213,484,193
11849,img/img_00073138.jpg,lower-body clothes,166,64,203,139,175,9
11850,img/img_00073145.jpg,lower-body clothes,205,104,207,103,408,203
11851,img/img_00073151.jpg,lower-body clothes,319,94,307,213,394,75
11852,img/img_00073155.jpg,lower-body clothes,409,100,227,127,465,56
11853,img/img_00073159.jpg,lower-body clothes,42,177,177,0,42,0
11854,img/img_00073161.jpg,upper-body clothes,457,462,462,0,457,0
11855,img/img_00073164.jpg,upper-body clothes,174,342,342,0,174,0
11856,img/img_00073176.jpg,upper-body clothes,320,162,195,33,440,120
11857,img/img_00073190.jpg,upper-body clothes,115,91,181,90,204,89
11858,img/img_00073192.jpg,lower-body clothes,165,102,236,134,380,215
11859,img/img_00073194.jpg,lower-body clothes,142,213,282,69,418,276
11860,img/img_00073205.jpg,lower-body clothes,93,39,129,90,205,112
11861,img/img_00073217.jpg,full-body clothes,290,114,242,128,394,104
11862,img/img_00073226.jpg,lower-body clothes,117,117,279,162,387,270
11863,img/img_00073229.jpg,lower-body clothes,152,108,240,132,437,285
11864,img/img_00073232.jpg,lower-body clothes,261,215,215,0,261,0
11865,img/img_00073241.jpg,lower-body clothes,65,73,112,39,73,8
11866,img/img_00073243.jpg,lower-body clothes,115,111,274,163,384,269
11867,img/img_00073246.jpg,upper-body clothes,320,186,264,78,446,126
11868,img/img_00073263.jpg,upper-body clothes,320,156,263,107,415,95
11869,img/img_00073267.jpg,upper-body clothes,239,172,245,73,445,206
11870,img/img_00073268.jpg,upper-body clothes,211,122,219,97,247,36
11871,img/img_00073278.jpg,lower-body clothes,38,45,120,75,133,95
11872,img/img_00073285.jpg,lower-body clothes,105,148,224,76,406,301
11873,img/img_00073303.jpg,full-body clothes,128,66,167,101,184,56
11874,img/img_00073308.jpg,full-body clothes,226,116,208,92,305,79
11875,img/img_00073310.jpg,full-body clothes,116,209,209,0,116,0
11876,img/img_00073321.jpg,upper-body clothes,236,153,239,86,371,135
11877,img/img_00073331.jpg,upper-body clothes,193,106,167,61,218,25
11878,img/img_00073352.jpg,full-body clothes,386,139,313,174,490,104
11879,img/img_00073357.jpg,full-body clothes,346,237,237,0,346,0
11880,img/img_00073360.jpg,upper-body clothes,263,132,242,110,359,96
11881,img/img_00073381.jpg,full-body clothes,276,81,313,232,285,9
11882,img/img_00073382.jpg,full-body clothes,249,228,228,0,249,0
11883,img/img_00073387.jpg,lower-body clothes,467,158,214,56,491,24
11884,img/img_00073395.jpg,lower-body clothes,152,32,112,80,215,63
11885,img/img_00073398.jpg,full-body clothes,240,289,289,0,240,0
11886,img/img_00073408.jpg,full-body clothes,161,44,132,88,198,37
11887,img/img_00073415.jpg,full-body clothes,261,375,375,0,261,0
11888,img/img_00073436.jpg,upper-body clothes,125,73,139,66,182,57
11889,img/img_00073441.jpg,upper-body clothes,307,199,199,0,307,0
11890,img/img_00073443.jpg,upper-body clothes,132,69,125,56,195,63
11891,img/img_00073448.jpg,lower-body clothes,307,465,465,0,307,0
11892,img/img_00073454.jpg,lower-body clothes,105,149,305,156,168,63
11893,img/img_00073484.jpg,lower-body clothes,325,96,256,160,373,48
11894,img/img_00073489.jpg,lower-body clothes,176,72,203,131,329,153
11895,img/img_00073494.jpg,lower-body clothes,196,69,225,156,423,227
11896,img/img_00073497.jpg,lower-body clothes,225,55,146,91,236,11
11897,img/img_00073506.jpg,lower-body clothes,215,71,379,308,226,11
11898,img/img_00073512.jpg,upper-body clothes,226,94,180,86,312,86
11899,img/img_00073514.jpg,upper-body clothes,132,94,168,74,207,75
11900,img/img_00073520.jpg,full-body clothes,204,88,204,116,270,66
11901,img/img_00073523.jpg,full-body clothes,357,90,209,119,464,107
11902,img/img_00073529.jpg,full-body clothes,316,121,239,118,429,113
11903,img/img_00073546.jpg,full-body clothes,237,75,152,77,287,50
11904,img/img_00073549.jpg,full-body clothes,288,55,157,102,344,56
11905,img/img_00073552.jpg,full-body clothes,307,334,334,0,307,0
11906,img/img_00073558.jpg,full-body clothes,220,137,234,97,312,92
11907,img/img_00073565.jpg,full-body clothes,178,42,233,191,298,120
11908,img/img_00073583.jpg,full-body clothes,477,342,342,0,477,0
11909,img/img_00073595.jpg,upper-body clothes,486,265,265,0,486,0
11910,img/img_00073600.jpg,lower-body clothes,405,108,282,174,424,19
11911,img/img_00073615.jpg,lower-body clothes,193,173,270,97,261,68
11912,img/img_00073629.jpg,lower-body clothes,116,105,220,115,306,190
11913,img/img_00073640.jpg,lower-body clothes,395,135,287,152,406,11
11914,img/img_00073651.jpg,lower-body clothes,99,36,83,47,183,84
11915,img/img_00073674.jpg,lower-body clothes,255,97,205,108,259,4
11916,img/img_00073677.jpg,lower-body clothes,425,90,226,136,443,18
11917,img/img_00073682.jpg,lower-body clothes,368,180,237,57,372,4
11918,img/img_00073695.jpg,lower-body clothes,85,43,199,156,299,214
11919,img/img_00073700.jpg,lower-body clothes,69,73,157,84,220,151
11920,img/img_00073724.jpg,full-body clothes,233,87,200,113,292,59
11921,img/img_00073734.jpg,lower-body clothes,111,103,107,4,185,74
11922,img/img_00073738.jpg,lower-body clothes,172,86,129,43,193,21
11923,img/img_00073748.jpg,lower-body clothes,301,142,202,60,324,23
11924,img/img_00073751.jpg,lower-body clothes,260,86,302,216,295,35
11925,img/img_00073771.jpg,upper-body clothes,241,254,254,0,241,0
11926,img/img_00073779.jpg,upper-body clothes,159,29,120,91,220,61
11927,img/img_00073782.jpg,upper-body clothes,266,73,201,128,382,116
11928,img/img_00073799.jpg,upper-body clothes,182,133,175,42,281,99
11929,img/img_00073801.jpg,upper-body clothes,155,89,192,103,235,80
11930,img/img_00073804.jpg,upper-body clothes,83,48,269,221,166,83
11931,img/img_00073811.jpg,upper-body clothes,246,124,229,105,359,113
11932,img/img_00073819.jpg,upper-body clothes,484,249,249,0,484,0
11933,img/img_00073824.jpg,upper-body clothes,113,86,193,107,184,71
11934,img/img_00073826.jpg,upper-body clothes,398,111,225,114,493,95
11935,img/img_00073827.jpg,upper-body clothes,267,187,273,86,471,204
11936,img/img_00073829.jpg,upper-body clothes,282,132,254,122,433,151
11937,img/img_00073832.jpg,upper-body clothes,135,97,176,79,223,88
11938,img/img_00073833.jpg,upper-body clothes,282,131,180,49,392,110
11939,img/img_00073834.jpg,upper-body clothes,132,106,244,138,276,144
11940,img/img_00073837.jpg,upper-body clothes,114,73,256,183,207,93
11941,img/img_00073838.jpg,upper-body clothes,187,99,267,168,330,143
11942,img/img_00073844.jpg,upper-body clothes,274,116,184,68,429,155
11943,img/img_00073845.jpg,upper-body clothes,309,125,229,104,461,152
11944,img/img_00073846.jpg,upper-body clothes,257,187,206,19,422,165
11945,img/img_00073850.jpg,upper-body clothes,165,134,191,57,282,117
11946,img/img_00073855.jpg,upper-body clothes,120,97,213,116,198,78
11947,img/img_00073860.jpg,upper-body clothes,275,188,469,281,427,152
11948,img/img_00073864.jpg,lower-body clothes,176,194,265,71,200,24
11949,img/img_00073868.jpg,lower-body clothes,109,159,255,96,412,303
11950,img/img_00073870.jpg,lower-body clothes,56,84,142,58,201,145
11951,img/img_00073874.jpg,lower-body clothes,209,251,251,0,209,0
11952,img/img_00073885.jpg,lower-body clothes,154,312,325,13,271,117
11953,img/img_00073887.jpg,lower-body clothes,276,123,294,171,452,176
11954,img/img_00073888.jpg,lower-body clothes,17,325,325,0,17,0
11955,img/img_00073890.jpg,lower-body clothes,194,328,420,92,406,212
11956,img/img_00073895.jpg,lower-body clothes,223,95,214,119,477,254
11957,img/img_00073898.jpg,lower-body clothes,52,96,311,215,253,201
11958,img/img_00073904.jpg,lower-body clothes,70,86,193,107,245,175
11959,img/img_00073911.jpg,lower-body clothes,119,158,241,83,417,298
11960,img/img_00073913.jpg,lower-body clothes,114,170,242,72,406,292
11961,img/img_00073914.jpg,lower-body clothes,104,128,163,35,156,52
11962,img/img_00073927.jpg,lower-body clothes,95,23,228,205,191,96
11963,img/img_00073930.jpg,lower-body clothes,150,247,319,72,176,26
11964,img/img_00073937.jpg,lower-body clothes,105,389,389,0,105,0
11965,img/img_00073941.jpg,lower-body clothes,212,90,415,325,419,207
11966,img/img_00073957.jpg,lower-body clothes,392,294,294,0,392,0
11967,img/img_00073963.jpg,lower-body clothes,254,107,177,70,260,6
11968,img/img_00073968.jpg,lower-body clothes,218,76,185,109,439,221
11969,img/img_00073988.jpg,lower-body clothes,67,66,122,56,181,114
11970,img/img_00073989.jpg,lower-body clothes,462,468,468,0,462,0
11971,img/img_00073997.jpg,lower-body clothes,204,86,463,377,445,241
11972,img/img_00073999.jpg,lower-body clothes,120,39,109,70,220,100
11973,img/img_00074002.jpg,lower-body clothes,119,40,127,87,226,107
11974,img/img_00074003.jpg,lower-body clothes,62,59,123,64,207,145
11975,img/img_00074006.jpg,lower-body clothes,132,150,260,110,447,315
11976,img/img_00074009.jpg,lower-body clothes,133,156,270,114,432,299
11977,img/img_00074011.jpg,lower-body clothes,124,134,199,65,386,262
11978,img/img_00074012.jpg,lower-body clothes,113,153,228,75,358,245
11979,img/img_00074020.jpg,lower-body clothes,44,68,192,124,177,133
11980,img/img_00074026.jpg,lower-body clothes,104,145,177,32,115,11
11981,img/img_00074033.jpg,upper-body clothes,140,131,220,89,252,112
11982,img/img_00074034.jpg,upper-body clothes,186,148,266,118,313,127
11983,img/img_00074036.jpg,upper-body clothes,421,210,210,0,421,0
11984,img/img_00074044.jpg,lower-body clothes,207,70,195,125,417,210
11985,img/img_00074046.jpg,lower-body clothes,234,85,274,189,455,221
11986,img/img_00074048.jpg,lower-body clothes,135,55,176,121,253,118
11987,img/img_00074067.jpg,lower-body clothes,489,314,314,0,489,0
11988,img/img_00074070.jpg,lower-body clothes,171,150,339,189,343,172
11989,img/img_00074071.jpg,lower-body clothes,160,251,278,27,261,101
11990,img/img_00074076.jpg,lower-body clothes,178,178,265,87,484,306
11991,img/img_00074077.jpg,lower-body clothes,101,80,225,145,347,246
11992,img/img_00074083.jpg,lower-body clothes,109,104,221,117,303,194
11993,img/img_00074085.jpg,lower-body clothes,217,141,253,112,232,15
11994,img/img_00074086.jpg,lower-body clothes,43,44,125,81,143,100
11995,img/img_00074094.jpg,lower-body clothes,138,98,212,114,339,201
11996,img/img_00074095.jpg,lower-body clothes,104,204,223,19,107,3
11997,img/img_00074098.jpg,lower-body clothes,235,281,435,154,321,86
11998,img/img_00074103.jpg,lower-body clothes,258,257,386,129,292,34
11999,img/img_00074104.jpg,lower-body clothes,339,166,269,103,401,62
12000,img/img_00074108.jpg,lower-body clothes,168,215,233,18,205,37
12001,img/img_00074111.jpg,lower-body clothes,75,86,182,96,284,209
12002,img/img_00074115.jpg,lower-body clothes,104,137,215,78,125,21
12003,img/img_00074126.jpg,lower-body clothes,204,271,327,56,322,118
12004,img/img_00074129.jpg,lower-body clothes,65,90,197,107,269,204
12005,img/img_00074136.jpg,upper-body clothes,390,402,402,0,390,0
12006,img/img_00074140.jpg,lower-body clothes,382,151,444,293,390,8
12007,img/img_00074141.jpg,lower-body clothes,294,120,234,114,379,85
12008,img/img_00074142.jpg,lower-body clothes,408,151,330,179,438,30
12009,img/img_00074145.jpg,lower-body clothes,152,56,131,75,295,143
12010,img/img_00074146.jpg,lower-body clothes,262,152,152,0,262,0
12011,img/img_00074158.jpg,lower-body clothes,61,64,139,75,220,159
12012,img/img_00074159.jpg,lower-body clothes,86,89,215,126,281,195
12013,img/img_00074171.jpg,lower-body clothes,61,28,234,206,298,237
12014,img/img_00074177.jpg,lower-body clothes,86,121,437,316,121,35
12015,img/img_00074178.jpg,lower-body clothes,168,168,393,225,245,77
12016,img/img_00074192.jpg,lower-body clothes,127,90,176,86,334,207
12017,img/img_00074193.jpg,lower-body clothes,165,121,248,127,459,294
12018,img/img_00074197.jpg,lower-body clothes,111,72,180,108,319,208
12019,img/img_00074204.jpg,lower-body clothes,134,71,200,129,369,235
12020,img/img_00074206.jpg,lower-body clothes,194,74,206,132,477,283
12021,img/img_00074207.jpg,lower-body clothes,159,128,241,113,438,279
12022,img/img_00074216.jpg,upper-body clothes,122,108,307,199,214,92
12023,img/img_00074245.jpg,lower-body clothes,220,97,208,111,389,169
12024,img/img_00074249.jpg,lower-body clothes,95,122,243,121,299,204
12025,img/img_00074250.jpg,lower-body clothes,83,124,162,38,147,64
12026,img/img_00074255.jpg,upper-body clothes,112,159,159,0,112,0
12027,img/img_00074269.jpg,upper-body clothes,237,159,263,104,384,147
12028,img/img_00074270.jpg,upper-body clothes,139,112,175,63,232,93
12029,img/img_00074271.jpg,upper-body clothes,437,407,407,0,437,0
12030,img/img_00074280.jpg,upper-body clothes,162,90,161,71,307,145
12031,img/img_00074282.jpg,upper-body clothes,112,71,251,180,211,99
12032,img/img_00074283.jpg,upper-body clothes,144,57,207,150,209,65
12033,img/img_00074285.jpg,upper-body clothes,274,127,238,111,425,151
12034,img/img_00074289.jpg,upper-body clothes,137,56,126,70,202,65
12035,img/img_00074300.jpg,lower-body clothes,60,113,254,141,244,184
12036,img/img_00074313.jpg,lower-body clothes,84,111,141,30,106,22
12037,img/img_00074318.jpg,lower-body clothes,244,79,222,143,460,216
12038,img/img_00074326.jpg,lower-body clothes,358,128,238,110,391,33
12039,img/img_00074330.jpg,lower-body clothes,172,159,193,34,180,8
12040,img/img_00074333.jpg,lower-body clothes,417,145,250,105,457,40
12041,img/img_00074335.jpg,lower-body clothes,204,188,188,0,204,0
12042,img/img_00074336.jpg,lower-body clothes,178,35,113,78,468,290
12043,img/img_00074337.jpg,lower-body clothes,181,60,160,100,315,134
12044,img/img_00074356.jpg,upper-body clothes,335,119,202,83,419,84
12045,img/img_00074367.jpg,upper-body clothes,300,150,208,58,430,130
12046,img/img_00074368.jpg,lower-body clothes,9,312,312,0,9,0
12047,img/img_00074375.jpg,lower-body clothes,119,162,242,80,417,298
12048,img/img_00074377.jpg,lower-body clothes,14,286,286,0,14,0
12049,img/img_00074384.jpg,lower-body clothes,213,65,219,154,395,182
12050,img/img_00074389.jpg,lower-body clothes,210,87,245,158,469,259
12051,img/img_00074391.jpg,lower-body clothes,213,99,99,0,213,0
12052,img/img_00074402.jpg,lower-body clothes,365,130,338,208,404,39
12053,img/img_00074403.jpg,lower-body clothes,417,221,398,177,432,15
12054,img/img_00074406.jpg,lower-body clothes,181,47,186,139,430,249
12055,img/img_00074412.jpg,upper-body clothes,210,120,244,124,385,175
12056,img/img_00074415.jpg,upper-body clothes,134,97,194,97,231,97
12057,img/img_00074416.jpg,upper-body clothes,390,395,395,0,390,0
12058,img/img_00074427.jpg,upper-body clothes,176,76,166,90,268,92
12059,img/img_00074431.jpg,upper-body clothes,73,41,113,72,116,43
12060,img/img_00074434.jpg,upper-body clothes,135,62,111,49,201,66
12061,img/img_00074438.jpg,lower-body clothes,235,113,231,118,446,211
12062,img/img_00074444.jpg,lower-body clothes,249,83,220,137,452,203
12063,img/img_00074445.jpg,lower-body clothes,203,64,193,129,410,207
12064,img/img_00074456.jpg,lower-body clothes,254,87,153,66,288,34
12065,img/img_00074458.jpg,lower-body clothes,386,205,248,43,397,11
12066,img/img_00074460.jpg,lower-body clothes,239,95,297,202,404,165
12067,img/img_00074470.jpg,upper-body clothes,254,59,189,130,387,133
12068,img/img_00074471.jpg,upper-body clothes,135,222,222,0,135,0
12069,img/img_00074473.jpg,upper-body clothes,183,30,121,91,262,79
12070,img/img_00074485.jpg,lower-body clothes,390,48,142,94,404,14
12071,img/img_00074487.jpg,lower-body clothes,400,146,258,112,425,25
12072,img/img_00074490.jpg,lower-body clothes,249,92,239,147,466,217
12073,img/img_00074501.jpg,lower-body clothes,273,86,238,152,444,171
12074,img/img_00074504.jpg,lower-body clothes,290,96,219,123,455,165
12075,img/img_00074507.jpg,lower-body clothes,140,66,317,251,313,173
12076,img/img_00074512.jpg,lower-body clothes,220,145,265,120,438,218
12077,img/img_00074520.jpg,lower-body clothes,203,84,233,149,403,200
12078,img/img_00074566.jpg,lower-body clothes,43,64,102,38,165,122
12079,img/img_00074568.jpg,lower-body clothes,77,116,169,53,301,224
12080,img/img_00074569.jpg,lower-body clothes,145,157,241,84,455,310
12081,img/img_00074588.jpg,upper-body clothes,159,112,205,93,256,97
12082,img/img_00074592.jpg,upper-body clothes,237,77,146,69,354,117
12083,img/img_00074596.jpg,upper-body clothes,104,66,99,33,182,78
12084,img/img_00074598.jpg,upper-body clothes,193,100,251,151,340,147
12085,img/img_00074612.jpg,upper-body clothes,130,104,213,109,215,85
12086,img/img_00074626.jpg,lower-body clothes,180,142,259,117,266,86
12087,img/img_00074632.jpg,lower-body clothes,125,122,211,89,384,259
12088,img/img_00074633.jpg,lower-body clothes,82,81,141,60,133,51
12089,img/img_00074643.jpg,lower-body clothes,88,76,138,62,113,25
12090,img/img_00074661.jpg,upper-body clothes,125,189,189,0,125,0
12091,img/img_00074662.jpg,upper-body clothes,241,92,233,141,387,146
12092,img/img_00074674.jpg,upper-body clothes,102,59,118,59,170,68
12093,img/img_00074675.jpg,upper-body clothes,215,97,221,124,355,140
12094,img/img_00074697.jpg,lower-body clothes,21,240,240,0,21,0
12095,img/img_00074708.jpg,upper-body clothes,92,106,219,113,202,110
12096,img/img_00074727.jpg,lower-body clothes,224,70,187,117,249,25
12097,img/img_00074735.jpg,lower-body clothes,215,71,176,105,422,207
12098,img/img_00074744.jpg,upper-body clothes,121,61,138,77,207,86
12099,img/img_00074745.jpg,upper-body clothes,153,229,229,0,153,0
12100,img/img_00074746.jpg,upper-body clothes,102,87,175,88,176,74
12101,img/img_00074750.jpg,upper-body clothes,151,40,150,110,210,59
12102,img/img_00074755.jpg,upper-body clothes,143,95,141,46,218,75
12103,img/img_00074758.jpg,upper-body clothes,313,266,266,0,313,0
12104,img/img_00074759.jpg,upper-body clothes,240,139,261,122,372,132
12105,img/img_00074763.jpg,upper-body clothes,223,96,217,121,326,103
12106,img/img_00074767.jpg,upper-body clothes,153,105,175,70,258,105
12107,img/img_00074770.jpg,upper-body clothes,352,236,485,249,476,124
12108,img/img_00074771.jpg,upper-body clothes,99,160,160,0,99,0
12109,img/img_00074778.jpg,lower-body clothes,463,110,244,134,484,21
12110,img/img_00074786.jpg,lower-body clothes,236,86,200,114,448,212
12111,img/img_00074792.jpg,lower-body clothes,138,56,426,370,291,153
12112,img/img_00074794.jpg,lower-body clothes,187,52,236,184,432,245
12113,img/img_00074800.jpg,lower-body clothes,233,66,161,95,411,178
12114,img/img_00074823.jpg,upper-body clothes,284,197,248,51,422,138
12115,img/img_00074830.jpg,upper-body clothes,114,124,124,0,114,0
12116,img/img_00074846.jpg,upper-body clothes,352,144,243,99,464,112
12117,img/img_00074848.jpg,upper-body clothes,359,262,308,46,453,94
12118,img/img_00074850.jpg,upper-body clothes,209,131,312,181,380,171
12119,img/img_00074869.jpg,lower-body clothes,179,64,215,151,199,20
12120,img/img_00074870.jpg,lower-body clothes,218,74,128,54,234,16
12121,img/img_00074871.jpg,lower-body clothes,420,142,242,100,458,38
12122,img/img_00074877.jpg,lower-body clothes,464,186,272,86,472,8
12123,img/img_00074879.jpg,lower-body clothes,412,137,242,105,442,30
12124,img/img_00074882.jpg,lower-body clothes,33,239,239,0,33,0
12125,img/img_00074884.jpg,lower-body clothes,168,55,116,61,174,6
12126,img/img_00074885.jpg,lower-body clothes,441,164,263,99,467,26
12127,img/img_00074888.jpg,lower-body clothes,206,91,140,49,249,43
12128,img/img_00074903.jpg,lower-body clothes,135,43,143,100,255,120
12129,img/img_00074927.jpg,full-body clothes,333,155,214,59,450,117
12130,img/img_00074931.jpg,full-body clothes,335,112,213,101,458,123
12131,img/img_00074934.jpg,full-body clothes,352,211,321,110,472,120
12132,img/img_00074936.jpg,full-body clothes,339,195,286,91,451,112
12133,img/img_00074947.jpg,full-body clothes,151,84,137,53,217,66
12134,img/img_00074950.jpg,full-body clothes,94,51,89,38,127,33
12135,img/img_00074951.jpg,full-body clothes,224,146,243,97,314,90
12136,img/img_00074958.jpg,full-body clothes,230,80,234,154,321,91
12137,img/img_00074974.jpg,full-body clothes,218,114,287,173,296,78
12138,img/img_00074975.jpg,full-body clothes,321,171,264,93,420,99
12139,img/img_00075003.jpg,upper-body clothes,219,93,213,120,350,131
12140,img/img_00075008.jpg,lower-body clothes,59,59,104,45,173,114
12141,img/img_00075009.jpg,lower-body clothes,99,189,311,122,461,362
12142,img/img_00075014.jpg,lower-body clothes,75,91,130,39,260,185
12143,img/img_00075015.jpg,lower-body clothes,57,80,125,45,223,166
12144,img/img_00075018.jpg,lower-body clothes,155,177,229,52,363,208
12145,img/img_00075025.jpg,full-body clothes,369,153,275,122,481,112
12146,img/img_00075026.jpg,full-body clothes,309,168,248,80,447,138
12147,img/img_00075028.jpg,full-body clothes,387,208,232,24,496,109
12148,img/img_00075031.jpg,full-body clothes,351,51,147,96,456,105
12149,img/img_00075036.jpg,full-body clothes,161,107,222,115,219,58
12150,img/img_00075041.jpg,full-body clothes,175,115,151,36,226,51
12151,img/img_00075046.jpg,full-body clothes,341,78,232,154,454,113
12152,img/img_00075049.jpg,full-body clothes,214,218,218,0,214,0
12153,img/img_00075053.jpg,full-body clothes,173,104,209,105,234,61
12154,img/img_00075057.jpg,upper-body clothes,467,258,258,0,467,0
12155,img/img_00075071.jpg,upper-body clothes,203,105,197,92,338,135
12156,img/img_00075074.jpg,lower-body clothes,393,84,418,334,417,24
12157,img/img_00075076.jpg,lower-body clothes,309,57,169,112,319,10
12158,img/img_00075077.jpg,lower-body clothes,316,117,213,96,319,3
12159,img/img_00075103.jpg,full-body clothes,361,186,310,124,465,104
12160,img/img_00075105.jpg,full-body clothes,307,345,345,0,307,0
12161,img/img_00075110.jpg,full-body clothes,362,83,226,143,483,121
12162,img/img_00075112.jpg,full-body clothes,447,236,236,0,447,0
12163,img/img_00075138.jpg,lower-body clothes,438,143,287,144,452,14
12164,img/img_00075146.jpg,lower-body clothes,206,92,198,106,252,46
12165,img/img_00075159.jpg,lower-body clothes,301,182,270,88,393,92
12166,img/img_00075163.jpg,full-body clothes,132,96,152,56,204,72
12167,img/img_00075168.jpg,full-body clothes,291,364,364,0,291,0
12168,img/img_00075192.jpg,lower-body clothes,273,131,274,143,367,94
12169,img/img_00075207.jpg,lower-body clothes,102,43,141,98,199,97
12170,img/img_00075208.jpg,lower-body clothes,217,68,195,127,397,180
12171,img/img_00075215.jpg,lower-body clothes,131,72,155,83,307,176
12172,img/img_00075223.jpg,full-body clothes,354,163,252,89,481,127
12173,img/img_00075249.jpg,lower-body clothes,153,159,272,113,194,41
12174,img/img_00075257.jpg,lower-body clothes,288,126,285,159,364,76
12175,img/img_00075261.jpg,upper-body clothes,156,91,139,48,227,71
12176,img/img_00075279.jpg,upper-body clothes,125,126,126,0,125,0
12177,img/img_00075280.jpg,upper-body clothes,378,370,408,38,475,97
12178,img/img_00075282.jpg,upper-body clothes,243,353,353,0,243,0
12179,img/img_00075286.jpg,upper-body clothes,291,155,332,177,454,163
12180,img/img_00075293.jpg,upper-body clothes,261,196,196,0,261,0
12181,img/img_00075297.jpg,lower-body clothes,211,62,148,86,259,48
12182,img/img_00075302.jpg,lower-body clothes,245,84,211,127,450,205
12183,img/img_00075304.jpg,lower-body clothes,382,145,274,129,404,22
12184,img/img_00075305.jpg,lower-body clothes,216,84,221,137,421,205
12185,img/img_00075308.jpg,lower-body clothes,234,91,257,166,451,217
12186,img/img_00075313.jpg,lower-body clothes,63,104,202,98,258,195
12187,img/img_00075316.jpg,lower-body clothes,244,70,206,136,441,197
12188,img/img_00075317.jpg,lower-body clothes,339,136,246,110,388,49
12189,img/img_00075324.jpg,upper-body clothes,76,31,60,29,115,39
12190,img/img_00075326.jpg,upper-body clothes,313,222,222,0,313,0
12191,img/img_00075333.jpg,upper-body clothes,274,58,272,214,432,158
12192,img/img_00075336.jpg,upper-body clothes,231,217,217,0,231,0
12193,img/img_00075338.jpg,full-body clothes,254,210,270,60,372,118
12194,img/img_00075339.jpg,full-body clothes,359,67,210,143,473,114
12195,img/img_00075346.jpg,upper-body clothes,278,163,279,116,347,69
12196,img/img_00075354.jpg,upper-body clothes,345,256,256,0,345,0
12197,img/img_00075358.jpg,upper-body clothes,245,88,206,118,363,118
12198,img/img_00075360.jpg,upper-body clothes,124,78,118,40,191,67
12199,img/img_00075368.jpg,lower-body clothes,163,226,287,61,245,82
12200,img/img_00075369.jpg,lower-body clothes,431,73,224,151,450,19
12201,img/img_00075370.jpg,lower-body clothes,284,207,257,50,287,3
12202,img/img_00075411.jpg,lower-body clothes,380,181,255,74,403,23
12203,img/img_00075412.jpg,lower-body clothes,216,104,219,115,437,221
12204,img/img_00075420.jpg,lower-body clothes,183,87,200,113,392,209
12205,img/img_00075424.jpg,lower-body clothes,356,144,209,65,364,8
12206,img/img_00075432.jpg,lower-body clothes,247,120,221,101,364,117
12207,img/img_00075436.jpg,lower-body clothes,313,149,231,82,374,61
12208,img/img_00075439.jpg,lower-body clothes,186,89,183,94,388,202
12209,img/img_00075444.jpg,lower-body clothes,297,196,196,0,297,0
12210,img/img_00075450.jpg,lower-body clothes,500,288,288,0,500,0
12211,img/img_00075451.jpg,lower-body clothes,414,325,325,0,414,0
12212,img/img_00075457.jpg,upper-body clothes,206,143,143,0,206,0
12213,img/img_00075461.jpg,upper-body clothes,172,282,282,0,172,0
12214,img/img_00075471.jpg,upper-body clothes,126,166,166,0,126,0
12215,img/img_00075477.jpg,upper-body clothes,135,44,88,44,200,65
12216,img/img_00075486.jpg,upper-body clothes,201,80,161,81,305,104
12217,img/img_00075489.jpg,lower-body clothes,360,164,245,81,390,30
12218,img/img_00075496.jpg,lower-body clothes,365,159,259,100,409,44
12219,img/img_00075498.jpg,lower-body clothes,330,148,221,73,372,42
12220,img/img_00075504.jpg,lower-body clothes,180,72,138,66,215,35
12221,img/img_00075508.jpg,lower-body clothes,273,312,333,21,336,63
12222,img/img_00075520.jpg,full-body clothes,145,92,206,114,240,95
12223,img/img_00075523.jpg,full-body clothes,204,129,255,126,300,96
12224,img/img_00075524.jpg,full-body clothes,124,101,340,239,276,152
12225,img/img_00075526.jpg,full-body clothes,315,167,307,140,460,145
12226,img/img_00075532.jpg,full-body clothes,382,91,221,130,480,98
12227,img/img_00075538.jpg,full-body clothes,383,68,207,139,426,43
12228,img/img_00075539.jpg,full-body clothes,201,111,234,123,296,95
12229,img/img_00075556.jpg,full-body clothes,334,209,281,72,447,113
12230,img/img_00075572.jpg,upper-body clothes,280,124,199,75,452,172
12231,img/img_00075581.jpg,upper-body clothes,344,260,260,0,344,0
12232,img/img_00075586.jpg,lower-body clothes,450,153,285,132,456,6
12233,img/img_00075591.jpg,lower-body clothes,214,76,131,55,218,4
12234,img/img_00075594.jpg,lower-body clothes,370,136,193,57,382,12
12235,img/img_00075596.jpg,lower-body clothes,409,248,248,0,409,0
12236,img/img_00075609.jpg,lower-body clothes,373,93,211,118,399,26
12237,img/img_00075620.jpg,upper-body clothes,284,54,191,137,404,120
12238,img/img_00075640.jpg,upper-body clothes,241,159,200,41,396,155
12239,img/img_00075643.jpg,upper-body clothes,367,377,377,0,367,0
12240,img/img_00075648.jpg,upper-body clothes,174,120,207,87,276,102
12241,img/img_00075656.jpg,upper-body clothes,136,46,119,73,218,82
12242,img/img_00075659.jpg,lower-body clothes,302,207,297,90,339,37
12243,img/img_00075660.jpg,lower-body clothes,96,79,149,70,99,3
12244,img/img_00075661.jpg,lower-body clothes,204,168,252,84,239,35
12245,img/img_00075672.jpg,lower-body clothes,85,121,156,35,290,205
12246,img/img_00075673.jpg,lower-body clothes,53,69,143,74,82,29
12247,img/img_00075675.jpg,lower-body clothes,101,113,163,50,166,65
12248,img/img_00075680.jpg,lower-body clothes,243,230,230,0,243,0
12249,img/img_00075682.jpg,lower-body clothes,44,56,152,96,201,157
12250,img/img_00075694.jpg,lower-body clothes,116,165,274,109,412,296
12251,img/img_00075712.jpg,lower-body clothes,123,146,226,80,413,290
12252,img/img_00075717.jpg,lower-body clothes,112,156,253,97,417,305
12253,img/img_00075729.jpg,lower-body clothes,70,117,190,73,76,6
12254,img/img_00075734.jpg,lower-body clothes,149,147,234,87,161,12
12255,img/img_00075735.jpg,lower-body clothes,72,116,212,96,306,234
12256,img/img_00075747.jpg,lower-body clothes,214,120,227,107,482,268
12257,img/img_00075749.jpg,lower-body clothes,202,100,204,104,211,9
12258,img/img_00075754.jpg,lower-body clothes,205,253,288,35,263,58
12259,img/img_00075762.jpg,upper-body clothes,311,192,192,0,311,0
12260,img/img_00075767.jpg,upper-body clothes,270,165,258,93,428,158
12261,img/img_00075769.jpg,upper-body clothes,213,174,246,72,351,138
12262,img/img_00075770.jpg,upper-body clothes,221,294,312,18,336,115
12263,img/img_00075777.jpg,upper-body clothes,278,242,284,42,381,103
12264,img/img_00075785.jpg,upper-body clothes,279,152,225,73,299,20
12265,img/img_00075798.jpg,full-body clothes,393,245,300,55,472,79
12266,img/img_00075799.jpg,full-body clothes,330,221,221,0,330,0
12267,img/img_00075802.jpg,full-body clothes,311,241,314,73,420,109
12268,img/img_00075803.jpg,full-body clothes,327,89,275,186,473,146
12269,img/img_00075806.jpg,full-body clothes,344,126,218,92,373,29
12270,img/img_00075811.jpg,full-body clothes,374,123,267,144,500,126
12271,img/img_00075819.jpg,lower-body clothes,127,97,163,66,207,80
12272,img/img_00075822.jpg,lower-body clothes,115,168,249,81,450,335
12273,img/img_00075833.jpg,lower-body clothes,77,100,199,99,265,188
12274,img/img_00075835.jpg,lower-body clothes,64,103,217,114,264,200
12275,img/img_00075846.jpg,full-body clothes,341,38,190,152,435,94
12276,img/img_00075849.jpg,full-body clothes,382,113,228,115,500,118
12277,img/img_00075852.jpg,full-body clothes,278,141,247,106,434,156
12278,img/img_00075858.jpg,upper-body clothes,410,266,266,0,410,0
12279,img/img_00075863.jpg,upper-body clothes,309,79,207,128,473,164
12280,img/img_00075865.jpg,upper-body clothes,128,103,163,60,195,67
12281,img/img_00075873.jpg,upper-body clothes,174,30,167,137,250,76
12282,img/img_00075879.jpg,lower-body clothes,217,183,241,58,382,165
12283,img/img_00075880.jpg,lower-body clothes,446,168,238,70,470,24
12284,img/img_00075881.jpg,lower-body clothes,185,202,202,0,185,0
12285,img/img_00075882.jpg,lower-body clothes,385,131,237,106,410,25
12286,img/img_00075885.jpg,lower-body clothes,298,158,168,10,489,191
12287,img/img_00075903.jpg,upper-body clothes,504,254,254,0,504,0
12288,img/img_00075908.jpg,upper-body clothes,217,271,271,0,217,0
12289,img/img_00075918.jpg,lower-body clothes,409,101,163,62,422,13
12290,img/img_00075921.jpg,lower-body clothes,185,68,457,389,346,161
12291,img/img_00075937.jpg,lower-body clothes,147,65,413,348,322,175
12292,img/img_00075942.jpg,upper-body clothes,289,248,248,0,289,0
12293,img/img_00075950.jpg,full-body clothes,293,206,206,0,293,0
12294,img/img_00075964.jpg,full-body clothes,404,131,279,148,495,91
12295,img/img_00075973.jpg,full-body clothes,262,88,173,85,354,92
12296,img/img_00075990.jpg,lower-body clothes,57,80,118,38,220,163
12297,img/img_00075998.jpg,lower-body clothes,288,59,163,104,354,66
12298,img/img_00075999.jpg,lower-body clothes,62,74,129,55,206,144
12299,img/img_00076013.jpg,upper-body clothes,167,146,146,0,167,0
12300,img/img_00076014.jpg,upper-body clothes,381,345,345,0,381,0
12301,img/img_00076017.jpg,upper-body clothes,162,115,133,18,252,90
12302,img/img_00076023.jpg,upper-body clothes,134,129,211,82,259,125
12303,img/img_00076038.jpg,upper-body clothes,298,195,308,113,420,122
12304,img/img_00076045.jpg,upper-body clothes,276,159,233,74,403,127
12305,img/img_00076053.jpg,upper-body clothes,220,36,202,166,308,88
12306,img/img_00076059.jpg,upper-body clothes,292,143,218,75,427,135
12307,img/img_00076069.jpg,full-body clothes,183,235,235,0,183,0
12308,img/img_00076085.jpg,lower-body clothes,201,170,235,65,209,8
12309,img/img_00076088.jpg,lower-body clothes,228,186,264,78,234,6
12310,img/img_00076091.jpg,lower-body clothes,67,51,128,77,166,99
12311,img/img_00076098.jpg,lower-body clothes,280,189,189,0,280,0
12312,img/img_00076104.jpg,upper-body clothes,301,140,220,80,425,124
12313,img/img_00076109.jpg,upper-body clothes,184,124,250,126,270,86
12314,img/img_00076115.jpg,upper-body clothes,438,232,232,0,438,0
12315,img/img_00076128.jpg,upper-body clothes,222,174,252,78,360,138
12316,img/img_00076132.jpg,upper-body clothes,248,63,261,198,280,32
12317,img/img_00076142.jpg,upper-body clothes,203,223,223,0,203,0
12318,img/img_00076148.jpg,full-body clothes,399,84,210,126,487,88
12319,img/img_00076149.jpg,full-body clothes,284,168,259,91,437,153
12320,img/img_00076161.jpg,upper-body clothes,253,134,229,95,380,127
12321,img/img_00076162.jpg,upper-body clothes,137,85,235,150,226,89
12322,img/img_00076172.jpg,full-body clothes,336,168,260,92,341,5
12323,img/img_00076179.jpg,upper-body clothes,168,111,130,19,192,24
12324,img/img_00076181.jpg,upper-body clothes,192,76,206,130,249,57
12325,img/img_00076187.jpg,upper-body clothes,412,292,292,0,412,0
12326,img/img_00076188.jpg,upper-body clothes,482,443,443,0,482,0
12327,img/img_00076239.jpg,upper-body clothes,293,172,238,66,401,108
12328,img/img_00076241.jpg,upper-body clothes,139,69,313,244,346,207
12329,img/img_00076242.jpg,upper-body clothes,319,148,465,317,408,89
12330,img/img_00076248.jpg,upper-body clothes,232,66,189,123,322,90
12331,img/img_00076252.jpg,upper-body clothes,301,207,275,68,488,187
12332,img/img_00076253.jpg,upper-body clothes,88,74,209,135,199,111
12333,img/img_00076258.jpg,upper-body clothes,243,65,126,61,326,83
12334,img/img_00076261.jpg,upper-body clothes,159,111,132,21,195,36
12335,img/img_00076264.jpg,upper-body clothes,295,136,231,95,395,100
12336,img/img_00076265.jpg,upper-body clothes,304,205,232,27,459,155
12337,img/img_00076272.jpg,full-body clothes,193,130,267,137,286,93
12338,img/img_00076273.jpg,full-body clothes,282,206,206,0,282,0
12339,img/img_00076277.jpg,upper-body clothes,302,115,238,123,438,136
12340,img/img_00076279.jpg,upper-body clothes,96,90,99,9,161,65
12341,img/img_00076280.jpg,upper-body clothes,245,167,234,67,377,132
12342,img/img_00076314.jpg,lower-body clothes,432,83,252,169,438,6
12343,img/img_00076320.jpg,lower-body clothes,256,143,287,144,429,173
12344,img/img_00076331.jpg,full-body clothes,259,116,248,132,341,82
12345,img/img_00076332.jpg,full-body clothes,236,140,160,20,266,30
12346,img/img_00076336.jpg,full-body clothes,304,92,258,166,379,75
12347,img/img_00076341.jpg,upper-body clothes,137,128,140,12,180,43
12348,img/img_00076342.jpg,upper-body clothes,183,107,227,120,282,99
12349,img/img_00076345.jpg,upper-body clothes,175,154,154,0,175,0
12350,img/img_00076346.jpg,upper-body clothes,209,58,343,285,286,77
12351,img/img_00076353.jpg,upper-body clothes,325,216,216,0,325,0
12352,img/img_00076355.jpg,upper-body clothes,248,264,264,0,248,0
12353,img/img_00076356.jpg,upper-body clothes,174,109,109,0,174,0
12354,img/img_00076360.jpg,upper-body clothes,472,306,343,37,507,35
12355,img/img_00076363.jpg,upper-body clothes,289,184,237,53,421,132
12356,img/img_00076365.jpg,upper-body clothes,286,195,261,66,431,145
12357,img/img_00076366.jpg,upper-body clothes,330,195,294,99,499,169
12358,img/img_00076374.jpg,upper-body clothes,123,22,100,78,204,81
12359,img/img_00076375.jpg,upper-body clothes,182,38,146,108,274,92
12360,img/img_00076376.jpg,upper-body clothes,93,64,146,82,163,70
12361,img/img_00076381.jpg,upper-body clothes,171,106,218,112,266,95
12362,img/img_00076398.jpg,full-body clothes,243,125,481,356,330,87
12363,img/img_00076399.jpg,full-body clothes,187,78,212,134,406,219
12364,img/img_00076404.jpg,lower-body clothes,202,83,263,180,224,22
12365,img/img_00076410.jpg,lower-body clothes,84,11,116,105,188,104
12366,img/img_00076412.jpg,lower-body clothes,372,68,283,215,380,8
12367,img/img_00076420.jpg,lower-body clothes,213,165,267,102,477,264
12368,img/img_00076429.jpg,full-body clothes,186,166,239,73,252,66
12369,img/img_00076434.jpg,full-body clothes,267,119,221,102,352,85
12370,img/img_00076435.jpg,full-body clothes,245,144,293,149,349,104
12371,img/img_00076441.jpg,full-body clothes,213,155,198,43,302,89
12372,img/img_00076443.jpg,full-body clothes,392,130,232,102,482,90
12373,img/img_00076448.jpg,full-body clothes,349,186,244,58,442,93
12374,img/img_00076452.jpg,upper-body clothes,133,86,146,60,216,83
12375,img/img_00076453.jpg,upper-body clothes,135,101,158,57,221,86
12376,img/img_00076456.jpg,upper-body clothes,201,62,192,130,329,128
12377,img/img_00076459.jpg,upper-body clothes,210,142,247,105,383,173
12378,img/img_00076478.jpg,upper-body clothes,103,87,184,97,232,129
12379,img/img_00076486.jpg,upper-body clothes,265,137,266,129,392,127
12380,img/img_00076487.jpg,upper-body clothes,357,183,183,0,357,0
12381,img/img_00076488.jpg,upper-body clothes,478,272,272,0,478,0
12382,img/img_00076497.jpg,upper-body clothes,320,241,241,0,320,0
12383,img/img_00076507.jpg,lower-body clothes,223,105,163,58,311,88
12384,img/img_00076515.jpg,lower-body clothes,261,76,264,188,476,215
12385,img/img_00076524.jpg,upper-body clothes,211,115,192,77,319,108
12386,img/img_00076528.jpg,full-body clothes,203,59,155,96,262,59
12387,img/img_00076539.jpg,full-body clothes,182,37,119,82,225,43
12388,img/img_00076554.jpg,lower-body clothes,438,369,403,34,440,2
12389,img/img_00076559.jpg,lower-body clothes,196,168,249,81,237,41
12390,img/img_00076562.jpg,lower-body clothes,445,333,428,95,465,20
12391,img/img_00076563.jpg,lower-body clothes,180,158,278,120,499,319
12392,img/img_00076570.jpg,lower-body clothes,466,195,284,89,490,24
12393,img/img_00076576.jpg,lower-body clothes,425,146,334,188,460,35
12394,img/img_00076579.jpg,full-body clothes,368,86,226,140,478,110
12395,img/img_00076582.jpg,full-body clothes,237,119,253,134,327,90
12396,img/img_00076584.jpg,lower-body clothes,434,382,445,63,470,36
12397,img/img_00076597.jpg,lower-body clothes,362,122,327,205,394,32
12398,img/img_00076618.jpg,lower-body clothes,78,116,189,73,344,266
12399,img/img_00076624.jpg,lower-body clothes,222,89,222,133,467,245
12400,img/img_00076632.jpg,lower-body clothes,42,47,119,72,156,114
12401,img/img_00076633.jpg,lower-body clothes,182,148,354,206,360,178
12402,img/img_00076635.jpg,lower-body clothes,154,124,243,119,426,272
12403,img/img_00076641.jpg,lower-body clothes,145,53,293,240,282,137
12404,img/img_00076648.jpg,lower-body clothes,173,23,180,157,257,84
12405,img/img_00076655.jpg,lower-body clothes,145,131,186,55,161,16
12406,img/img_00076671.jpg,lower-body clothes,75,95,221,126,254,179
12407,img/img_00076680.jpg,lower-body clothes,266,35,158,123,362,96
12408,img/img_00076684.jpg,lower-body clothes,152,156,210,54,163,11
12409,img/img_00076685.jpg,lower-body clothes,150,167,251,84,164,14
12410,img/img_00076689.jpg,lower-body clothes,80,102,202,100,290,210
12411,img/img_00076692.jpg,lower-body clothes,223,168,282,114,267,44
12412,img/img_00076695.jpg,lower-body clothes,75,95,218,123,270,195
12413,img/img_00076707.jpg,lower-body clothes,357,134,320,186,402,45
12414,img/img_00076710.jpg,lower-body clothes,199,91,311,220,407,208
12415,img/img_00076714.jpg,lower-body clothes,174,112,241,129,387,213
12416,img/img_00076715.jpg,lower-body clothes,27,410,410,0,27,0
12417,img/img_00076718.jpg,lower-body clothes,213,132,325,193,255,42
12418,img/img_00076725.jpg,lower-body clothes,240,93,227,134,447,207
12419,img/img_00076726.jpg,lower-body clothes,363,129,237,108,402,39
12420,img/img_00076734.jpg,lower-body clothes,105,36,84,48,183,78
12421,img/img_00076737.jpg,full-body clothes,353,454,454,0,353,0
12422,img/img_00076739.jpg,full-body clothes,324,284,284,0,324,0
12423,img/img_00076741.jpg,full-body clothes,476,207,277,70,486,10
12424,img/img_00076744.jpg,full-body clothes,450,245,503,258,468,18
12425,img/img_00076745.jpg,lower-body clothes,251,82,218,136,459,208
12426,img/img_00076768.jpg,lower-body clothes,381,132,229,97,425,44
12427,img/img_00076770.jpg,lower-body clothes,417,169,274,105,428,11
12428,img/img_00076775.jpg,lower-body clothes,211,74,213,139,419,208
12429,img/img_00076776.jpg,lower-body clothes,360,155,308,153,403,43
12430,img/img_00076816.jpg,lower-body clothes,72,80,127,47,226,154
12431,img/img_00076820.jpg,lower-body clothes,263,83,216,133,307,44
12432,img/img_00076836.jpg,lower-body clothes,94,102,205,103,100,6
12433,img/img_00076839.jpg,lower-body clothes,226,276,307,31,319,93
12434,img/img_00076841.jpg,lower-body clothes,157,47,182,135,471,314
12435,img/img_00076844.jpg,lower-body clothes,108,104,205,101,322,214
12436,img/img_00076846.jpg,lower-body clothes,86,94,256,162,278,192
12437,img/img_00076851.jpg,full-body clothes,224,234,234,0,224,0
12438,img/img_00076856.jpg,full-body clothes,126,67,150,83,195,69
12439,img/img_00076857.jpg,full-body clothes,384,41,176,135,476,92
12440,img/img_00076868.jpg,full-body clothes,227,25,228,203,310,83
12441,img/img_00076874.jpg,lower-body clothes,351,169,263,94,372,21
12442,img/img_00076875.jpg,lower-body clothes,363,133,236,103,398,35
12443,img/img_00076892.jpg,lower-body clothes,338,125,217,92,391,53
12444,img/img_00076893.jpg,lower-body clothes,220,191,267,76,236,16
12445,img/img_00076900.jpg,lower-body clothes,153,131,410,279,429,276
12446,img/img_00076902.jpg,lower-body clothes,92,79,93,14,98,6
12447,img/img_00076917.jpg,lower-body clothes,86,130,202,72,324,238
12448,img/img_00076919.jpg,lower-body clothes,150,132,195,63,422,272
12449,img/img_00076924.jpg,lower-body clothes,153,139,271,132,165,12
12450,img/img_00076937.jpg,lower-body clothes,149,133,204,71,425,276
12451,img/img_00076939.jpg,lower-body clothes,108,156,180,24,429,321
12452,img/img_00076940.jpg,lower-body clothes,102,145,206,61,128,26
12453,img/img_00076951.jpg,full-body clothes,230,176,249,73,435,205
12454,img/img_00076985.jpg,upper-body clothes,193,114,213,99,309,116
12455,img/img_00076988.jpg,upper-body clothes,283,66,125,59,413,130
12456,img/img_00077002.jpg,full-body clothes,154,366,366,0,154,0
12457,img/img_00077009.jpg,full-body clothes,305,289,289,0,305,0
12458,img/img_00077019.jpg,full-body clothes,376,105,202,97,480,104
12459,img/img_00077032.jpg,full-body clothes,354,66,205,139,458,104
12460,img/img_00077033.jpg,full-body clothes,159,54,131,77,195,36
12461,img/img_00077043.jpg,full-body clothes,395,380,380,0,395,0
12462,img/img_00077044.jpg,full-body clothes,52,43,69,26,79,27
12463,img/img_00077046.jpg,full-body clothes,158,100,171,71,205,47
12464,img/img_00077064.jpg,full-body clothes,185,74,292,218,283,98
12465,img/img_00077070.jpg,lower-body clothes,229,114,239,125,435,206
12466,img/img_00077076.jpg,lower-body clothes,238,248,248,0,238,0
12467,img/img_00077084.jpg,lower-body clothes,205,60,190,130,394,189
12468,img/img_00077087.jpg,lower-body clothes,361,45,193,148,378,17
12469,img/img_00077091.jpg,lower-body clothes,218,80,150,70,224,6
12470,img/img_00077105.jpg,lower-body clothes,393,36,178,142,402,9
12471,img/img_00077116.jpg,lower-body clothes,183,92,200,108,361,178
12472,img/img_00077118.jpg,lower-body clothes,409,54,188,134,417,8
12473,img/img_00077122.jpg,lower-body clothes,333,179,313,134,387,54
12474,img/img_00077125.jpg,upper-body clothes,227,54,140,86,369,142
12475,img/img_00077128.jpg,lower-body clothes,162,209,258,49,208,46
12476,img/img_00077130.jpg,lower-body clothes,55,101,228,127,200,145
12477,img/img_00077134.jpg,lower-body clothes,148,174,244,70,410,262
12478,img/img_00077144.jpg,upper-body clothes,127,90,144,54,206,79
12479,img/img_00077145.jpg,upper-body clothes,168,72,127,55,248,80
12480,img/img_00077148.jpg,upper-body clothes,241,191,273,82,341,100
12481,img/img_00077150.jpg,upper-body clothes,296,145,232,87,456,160
12482,img/img_00077154.jpg,upper-body clothes,96,40,139,99,157,61
12483,img/img_00077166.jpg,upper-body clothes,226,142,370,228,383,157
12484,img/img_00077170.jpg,upper-body clothes,144,81,159,78,229,85
12485,img/img_00077172.jpg,upper-body clothes,236,113,218,105,353,117
12486,img/img_00077173.jpg,upper-body clothes,251,127,155,28,397,146
12487,img/img_00077179.jpg,upper-body clothes,336,188,281,93,512,176
12488,img/img_00077186.jpg,lower-body clothes,334,156,215,59,381,47
12489,img/img_00077193.jpg,lower-body clothes,193,90,468,378,249,56
12490,img/img_00077197.jpg,lower-body clothes,270,135,248,113,305,35
12491,img/img_00077220.jpg,lower-body clothes,231,154,273,119,280,49
12492,img/img_00077223.jpg,lower-body clothes,272,145,229,84,301,29
12493,img/img_00077241.jpg,lower-body clothes,310,86,132,46,334,24
12494,img/img_00077249.jpg,upper-body clothes,179,169,230,61,333,154
12495,img/img_00077252.jpg,upper-body clothes,118,86,145,59,191,73
12496,img/img_00077257.jpg,upper-body clothes,256,68,223,155,402,146
12497,img/img_00077258.jpg,upper-body clothes,90,46,136,90,145,55
12498,img/img_00077264.jpg,upper-body clothes,260,79,234,155,384,124
12499,img/img_00077277.jpg,upper-body clothes,333,315,315,0,333,0
12500,img/img_00077279.jpg,upper-body clothes,183,149,280,131,224,41
12501,img/img_00077281.jpg,upper-body clothes,75,40,121,81,120,45
12502,img/img_00077306.jpg,upper-body clothes,210,82,224,142,289,79
12503,img/img_00077312.jpg,upper-body clothes,248,106,179,73,368,120
12504,img/img_00077314.jpg,upper-body clothes,78,40,110,70,120,42
12505,img/img_00077323.jpg,full-body clothes,391,149,267,118,502,111
12506,img/img_00077332.jpg,full-body clothes,210,104,199,95,262,52
12507,img/img_00077341.jpg,full-body clothes,272,112,230,118,305,33
12508,img/img_00077344.jpg,upper-body clothes,339,450,450,0,339,0
12509,img/img_00077346.jpg,upper-body clothes,149,108,108,0,149,0
12510,img/img_00077351.jpg,upper-body clothes,111,68,193,125,193,82
12511,img/img_00077357.jpg,upper-body clothes,392,312,312,0,392,0
12512,img/img_00077367.jpg,upper-body clothes,128,123,167,44,204,76
12513,img/img_00077371.jpg,upper-body clothes,348,441,441,0,348,0
12514,img/img_00077372.jpg,upper-body clothes,417,269,269,0,417,0
12515,img/img_00077374.jpg,upper-body clothes,334,126,252,126,454,120
12516,img/img_00077381.jpg,upper-body clothes,154,81,124,43,215,61
12517,img/img_00077385.jpg,upper-body clothes,436,236,236,0,436,0
12518,img/img_00077398.jpg,full-body clothes,470,359,359,0,470,0
12519,img/img_00077427.jpg,upper-body clothes,214,140,204,64,303,89
12520,img/img_00077434.jpg,upper-body clothes,129,159,159,0,129,0
12521,img/img_00077441.jpg,upper-body clothes,123,123,123,0,123,0
12522,img/img_00077449.jpg,upper-body clothes,125,182,182,0,125,0
12523,img/img_00077450.jpg,upper-body clothes,85,176,176,0,85,0
12524,img/img_00077464.jpg,upper-body clothes,252,35,189,154,369,117
12525,img/img_00077467.jpg,upper-body clothes,104,162,162,0,104,0
12526,img/img_00077469.jpg,upper-body clothes,77,326,326,0,77,0
12527,img/img_00077470.jpg,upper-body clothes,113,83,212,129,147,34
12528,img/img_00077477.jpg,upper-body clothes,290,234,234,0,290,0
12529,img/img_00077485.jpg,full-body clothes,114,63,193,130,145,31
12530,img/img_00077487.jpg,full-body clothes,322,128,234,106,462,140
12531,img/img_00077488.jpg,full-body clothes,207,99,186,87,267,60
12532,img/img_00077495.jpg,full-body clothes,110,45,142,97,156,46
12533,img/img_00077503.jpg,full-body clothes,275,111,173,62,367,92
12534,img/img_00077506.jpg,full-body clothes,351,95,214,119,468,117
12535,img/img_00077510.jpg,full-body clothes,193,118,222,104,273,80
12536,img/img_00077514.jpg,lower-body clothes,381,159,159,0,381,0
12537,img/img_00077521.jpg,lower-body clothes,114,39,95,56,215,101
12538,img/img_00077522.jpg,lower-body clothes,370,151,245,94,404,34
12539,img/img_00077525.jpg,lower-body clothes,204,79,208,129,394,190
12540,img/img_00077526.jpg,lower-body clothes,355,157,233,76,359,4
12541,img/img_00077530.jpg,lower-body clothes,155,62,141,79,178,23
12542,img/img_00077533.jpg,lower-body clothes,214,67,201,134,405,191
12543,img/img_00077539.jpg,lower-body clothes,351,270,270,0,351,0
12544,img/img_00077542.jpg,lower-body clothes,267,168,168,0,267,0
12545,img/img_00077559.jpg,lower-body clothes,210,69,183,114,399,189
12546,img/img_00077562.jpg,lower-body clothes,286,260,260,0,286,0
12547,img/img_00077571.jpg,lower-body clothes,141,53,174,121,268,127
12548,img/img_00077572.jpg,lower-body clothes,314,146,216,70,346,32
12549,img/img_00077592.jpg,lower-body clothes,109,91,129,38,113,4
12550,img/img_00077601.jpg,lower-body clothes,354,286,373,87,386,32
12551,img/img_00077603.jpg,lower-body clothes,435,93,265,172,447,12
12552,img/img_00077608.jpg,upper-body clothes,192,127,182,55,298,106
12553,img/img_00077619.jpg,upper-body clothes,147,85,150,65,218,71
12554,img/img_00077624.jpg,upper-body clothes,221,131,182,51,328,107
12555,img/img_00077626.jpg,lower-body clothes,222,144,228,84,237,15
12556,img/img_00077627.jpg,lower-body clothes,116,67,300,233,297,181
12557,img/img_00077632.jpg,lower-body clothes,167,156,238,82,194,27
12558,img/img_00077634.jpg,lower-body clothes,334,332,418,86,414,80
12559,img/img_00077646.jpg,upper-body clothes,165,87,222,135,252,87
12560,img/img_00077654.jpg,upper-body clothes,138,97,200,103,207,69
12561,img/img_00077661.jpg,upper-body clothes,124,88,135,47,208,84
12562,img/img_00077670.jpg,upper-body clothes,259,131,201,70,358,99
12563,img/img_00077671.jpg,upper-body clothes,340,257,257,0,340,0
12564,img/img_00077682.jpg,upper-body clothes,153,119,171,52,226,73
12565,img/img_00077683.jpg,upper-body clothes,334,128,234,106,476,142
12566,img/img_00077696.jpg,upper-body clothes,87,215,215,0,87,0
12567,img/img_00077701.jpg,upper-body clothes,166,122,166,44,225,59
12568,img/img_00077703.jpg,upper-body clothes,158,93,142,49,222,64
12569,img/img_00077708.jpg,upper-body clothes,267,123,210,87,411,144
12570,img/img_00077719.jpg,upper-body clothes,185,89,241,152,220,35
12571,img/img_00077720.jpg,upper-body clothes,181,88,235,147,212,31
12572,img/img_00077732.jpg,upper-body clothes,230,139,181,42,365,135
12573,img/img_00077737.jpg,upper-body clothes,286,84,228,144,415,129
12574,img/img_00077739.jpg,upper-body clothes,335,114,240,126,473,138
12575,img/img_00077743.jpg,upper-body clothes,125,100,138,38,193,68
12576,img/img_00077768.jpg,upper-body clothes,241,134,254,120,305,64
12577,img/img_00077778.jpg,upper-body clothes,155,103,234,131,303,148
12578,img/img_00077782.jpg,upper-body clothes,344,97,225,128,473,129
12579,img/img_00077799.jpg,upper-body clothes,107,71,132,61,176,69
12580,img/img_00077804.jpg,upper-body clothes,288,204,319,115,453,165
12581,img/img_00077809.jpg,upper-body clothes,253,359,359,0,253,0
12582,img/img_00077815.jpg,upper-body clothes,242,162,194,32,393,151
12583,img/img_00077822.jpg,upper-body clothes,372,243,243,0,372,0
12584,img/img_00077825.jpg,upper-body clothes,310,235,287,52,421,111
12585,img/img_00077850.jpg,lower-body clothes,66,59,115,56,168,102
12586,img/img_00077854.jpg,lower-body clothes,235,76,233,157,467,232
12587,img/img_00077860.jpg,lower-body clothes,66,71,165,94,223,157
12588,img/img_00077863.jpg,lower-body clothes,149,198,271,73,504,355
12589,img/img_00077864.jpg,lower-body clothes,84,107,212,105,306,222
12590,img/img_00077865.jpg,lower-body clothes,108,99,152,53,372,264
12591,img/img_00077868.jpg,lower-body clothes,133,119,190,71,197,64
12592,img/img_00077869.jpg,upper-body clothes,253,223,356,133,335,82
12593,img/img_00077874.jpg,upper-body clothes,39,44,248,204,334,295
12594,img/img_00077875.jpg,upper-body clothes,131,67,189,122,268,137
12595,img/img_00077880.jpg,upper-body clothes,303,65,250,185,443,140
12596,img/img_00077882.jpg,upper-body clothes,46,9,38,29,64,18
12597,img/img_00077885.jpg,upper-body clothes,72,53,204,151,217,145
12598,img/img_00077887.jpg,upper-body clothes,90,39,196,157,313,223
12599,img/img_00077888.jpg,upper-body clothes,232,296,296,0,232,0
12600,img/img_00077890.jpg,upper-body clothes,135,84,182,98,282,147
12601,img/img_00077891.jpg,upper-body clothes,179,96,182,86,317,138
12602,img/img_00077897.jpg,upper-body clothes,204,115,173,58,295,91
12603,img/img_00077902.jpg,upper-body clothes,280,217,297,80,407,127
12604,img/img_00077907.jpg,upper-body clothes,346,141,240,99,450,104
12605,img/img_00077935.jpg,upper-body clothes,303,169,256,87,426,123
12606,img/img_00077945.jpg,upper-body clothes,380,188,188,0,380,0
12607,img/img_00077949.jpg,upper-body clothes,287,256,326,70,451,164
12608,img/img_00077951.jpg,upper-body clothes,326,180,264,84,462,136
12609,img/img_00077958.jpg,upper-body clothes,397,294,294,0,397,0
12610,img/img_00077966.jpg,upper-body clothes,309,126,176,50,430,121
12611,img/img_00077976.jpg,upper-body clothes,105,95,126,31,174,69
12612,img/img_00077979.jpg,full-body clothes,101,226,226,0,101,0
12613,img/img_00077987.jpg,full-body clothes,410,36,161,125,470,60
12614,img/img_00077988.jpg,full-body clothes,189,115,203,88,269,80
12615,img/img_00077996.jpg,full-body clothes,332,82,207,125,446,114
12616,img/img_00078004.jpg,full-body clothes,217,76,181,105,276,59
12617,img/img_00078006.jpg,full-body clothes,367,64,99,35,444,77
12618,img/img_00078007.jpg,full-body clothes,355,123,229,106,436,81
12619,img/img_00078015.jpg,full-body clothes,144,70,149,79,199,55
12620,img/img_00078017.jpg,full-body clothes,254,80,177,97,328,74
12621,img/img_00078018.jpg,full-body clothes,245,127,211,84,346,101
12622,img/img_00078024.jpg,full-body clothes,243,152,193,41,331,88
12623,img/img_00078025.jpg,full-body clothes,110,168,168,0,110,0
12624,img/img_00078030.jpg,full-body clothes,217,141,187,46,295,78
12625,img/img_00078054.jpg,upper-body clothes,142,83,207,124,271,129
12626,img/img_00078058.jpg,upper-body clothes,314,127,267,140,450,136
12627,img/img_00078073.jpg,lower-body clothes,129,150,245,95,439,310
12628,img/img_00078083.jpg,lower-body clothes,118,178,211,33,372,254
12629,img/img_00078087.jpg,lower-body clothes,108,145,187,42,375,267
12630,img/img_00078088.jpg,lower-body clothes,43,45,118,73,156,113
12631,img/img_00078091.jpg,lower-body clothes,69,87,151,64,92,23
12632,img/img_00078092.jpg,lower-body clothes,46,44,113,69,166,120
12633,img/img_00078100.jpg,lower-body clothes,138,134,167,33,167,29
12634,img/img_00078107.jpg,lower-body clothes,220,166,263,97,245,25
12635,img/img_00078148.jpg,lower-body clothes,153,160,259,99,407,254
12636,img/img_00078155.jpg,lower-body clothes,279,74,170,96,342,63
12637,img/img_00078164.jpg,full-body clothes,361,206,505,299,475,114
12638,img/img_00078169.jpg,full-body clothes,348,94,203,109,482,134
12639,img/img_00078170.jpg,full-body clothes,238,145,263,118,325,87
12640,img/img_00078174.jpg,full-body clothes,354,90,183,93,490,136
12641,img/img_00078176.jpg,full-body clothes,368,73,218,145,478,110
12642,img/img_00078179.jpg,full-body clothes,330,178,414,236,429,99
12643,img/img_00078181.jpg,full-body clothes,68,133,133,0,68,0
12644,img/img_00078190.jpg,upper-body clothes,141,182,182,0,141,0
12645,img/img_00078194.jpg,upper-body clothes,88,58,128,70,158,70
12646,img/img_00078196.jpg,upper-body clothes,16,134,134,0,16,0
12647,img/img_00078197.jpg,upper-body clothes,129,60,130,70,197,68
12648,img/img_00078202.jpg,upper-body clothes,200,115,158,43,320,120
12649,img/img_00078203.jpg,upper-body clothes,195,310,310,0,195,0
12650,img/img_00078216.jpg,upper-body clothes,177,75,166,91,257,80
12651,img/img_00078244.jpg,full-body clothes,363,186,228,42,498,135
12652,img/img_00078247.jpg,full-body clothes,358,170,281,111,489,131
12653,img/img_00078250.jpg,full-body clothes,263,59,143,84,350,87
12654,img/img_00078252.jpg,full-body clothes,388,119,255,136,490,102
12655,img/img_00078260.jpg,full-body clothes,193,214,214,0,193,0
12656,img/img_00078261.jpg,full-body clothes,252,142,216,74,342,90
12657,img/img_00078262.jpg,full-body clothes,230,121,258,137,314,84
12658,img/img_00078267.jpg,full-body clothes,368,109,262,153,482,114
12659,img/img_00078277.jpg,full-body clothes,213,99,177,78,299,86
12660,img/img_00078285.jpg,full-body clothes,225,78,191,113,288,63
12661,img/img_00078289.jpg,full-body clothes,352,124,262,138,480,128
12662,img/img_00078292.jpg,full-body clothes,250,121,202,81,337,87
12663,img/img_00078294.jpg,full-body clothes,184,128,135,7,485,301
12664,img/img_00078296.jpg,full-body clothes,403,173,279,106,446,43
12665,img/img_00078310.jpg,lower-body clothes,212,162,238,76,233,21
12666,img/img_00078312.jpg,lower-body clothes,309,332,355,23,316,7
12667,img/img_00078317.jpg,lower-body clothes,164,143,228,85,473,309
12668,img/img_00078320.jpg,lower-body clothes,93,87,237,150,316,223
12669,img/img_00078328.jpg,lower-body clothes,175,142,241,99,198,23
12670,img/img_00078329.jpg,lower-body clothes,340,480,480,0,340,0
12671,img/img_00078341.jpg,full-body clothes,349,121,256,135,427,78
12672,img/img_00078346.jpg,full-body clothes,414,117,161,44,492,78
12673,img/img_00078356.jpg,full-body clothes,351,223,292,69,459,108
12674,img/img_00078357.jpg,full-body clothes,193,81,137,56,235,42
12675,img/img_00078358.jpg,full-body clothes,346,87,204,117,451,105
12676,img/img_00078367.jpg,upper-body clothes,255,149,266,117,397,142
12677,img/img_00078393.jpg,full-body clothes,181,101,234,133,257,76
12678,img/img_00078397.jpg,full-body clothes,275,170,259,89,446,171
12679,img/img_00078398.jpg,full-body clothes,207,227,227,0,207,0
12680,img/img_00078415.jpg,lower-body clothes,87,102,203,101,264,177
12681,img/img_00078418.jpg,lower-body clothes,121,150,277,127,408,287
12682,img/img_00078425.jpg,lower-body clothes,264,207,207,0,264,0
12683,img/img_00078426.jpg,lower-body clothes,155,128,247,119,163,8
12684,img/img_00078436.jpg,upper-body clothes,276,162,328,166,437,161
12685,img/img_00078440.jpg,upper-body clothes,47,252,252,0,47,0
12686,img/img_00078448.jpg,upper-body clothes,109,76,220,144,205,96
12687,img/img_00078450.jpg,upper-body clothes,290,237,345,108,452,162
12688,img/img_00078463.jpg,full-body clothes,238,111,278,167,318,80
12689,img/img_00078464.jpg,full-body clothes,351,266,266,0,351,0
12690,img/img_00078465.jpg,full-body clothes,355,134,223,89,461,106
12691,img/img_00078468.jpg,full-body clothes,227,134,134,0,227,0
12692,img/img_00078469.jpg,full-body clothes,213,79,251,172,301,88
12693,img/img_00078478.jpg,full-body clothes,402,93,221,128,483,81
12694,img/img_00078485.jpg,full-body clothes,343,241,241,0,343,0
12695,img/img_00078490.jpg,full-body clothes,304,65,184,119,326,22
12696,img/img_00078491.jpg,full-body clothes,243,111,228,117,321,78
12697,img/img_00078496.jpg,full-body clothes,230,94,169,75,284,54
12698,img/img_00078497.jpg,full-body clothes,350,315,327,12,411,61
12699,img/img_00078499.jpg,full-body clothes,253,133,206,73,345,92
12700,img/img_00078501.jpg,full-body clothes,184,41,172,131,277,93
12701,img/img_00078504.jpg,full-body clothes,370,153,233,80,476,106
12702,img/img_00078507.jpg,full-body clothes,416,206,274,68,463,47
12703,img/img_00078510.jpg,full-body clothes,262,73,180,107,333,71
12704,img/img_00078512.jpg,full-body clothes,256,112,182,70,331,75
12705,img/img_00078516.jpg,full-body clothes,286,102,248,146,362,76
12706,img/img_00078522.jpg,full-body clothes,356,119,251,132,451,95
12707,img/img_00078523.jpg,full-body clothes,155,92,151,59,207,52
12708,img/img_00078524.jpg,full-body clothes,253,120,280,160,331,78
12709,img/img_00078526.jpg,full-body clothes,184,112,220,108,265,81
12710,img/img_00078531.jpg,full-body clothes,419,278,278,0,419,0
12711,img/img_00078546.jpg,full-body clothes,216,79,200,121,303,87
12712,img/img_00078551.jpg,upper-body clothes,222,99,211,112,292,70
12713,img/img_00078559.jpg,upper-body clothes,189,121,205,84,261,72
12714,img/img_00078573.jpg,upper-body clothes,217,139,256,117,254,37
12715,img/img_00078581.jpg,upper-body clothes,290,180,263,83,409,119
12716,img/img_00078591.jpg,full-body clothes,372,288,288,0,372,0
12717,img/img_00078599.jpg,full-body clothes,495,216,216,0,495,0
12718,img/img_00078604.jpg,full-body clothes,229,231,231,0,229,0
12719,img/img_00078609.jpg,full-body clothes,456,126,246,120,496,40
12720,img/img_00078620.jpg,full-body clothes,317,98,238,140,466,149
12721,img/img_00078633.jpg,full-body clothes,123,83,177,94,180,57
12722,img/img_00078656.jpg,lower-body clothes,99,105,169,64,111,12
12723,img/img_00078657.jpg,lower-body clothes,71,99,282,183,234,163
12724,img/img_00078662.jpg,full-body clothes,303,117,252,135,345,42
12725,img/img_00078681.jpg,full-body clothes,289,70,223,153,373,84
12726,img/img_00078684.jpg,full-body clothes,371,239,239,0,371,0
12727,img/img_00078687.jpg,full-body clothes,260,50,122,72,311,51
12728,img/img_00078688.jpg,full-body clothes,329,141,223,82,425,96
12729,img/img_00078693.jpg,full-body clothes,179,228,228,0,179,0
12730,img/img_00078706.jpg,lower-body clothes,136,129,259,130,165,29
12731,img/img_00078707.jpg,lower-body clothes,122,61,150,89,271,149
12732,img/img_00078711.jpg,lower-body clothes,77,66,162,96,288,211
12733,img/img_00078714.jpg,lower-body clothes,148,103,270,167,330,182
12734,img/img_00078715.jpg,lower-body clothes,386,174,174,0,386,0
12735,img/img_00078737.jpg,upper-body clothes,261,69,162,93,389,128
12736,img/img_00078757.jpg,full-body clothes,307,122,193,71,394,87
12737,img/img_00078762.jpg,full-body clothes,161,137,137,0,161,0
12738,img/img_00078776.jpg,full-body clothes,324,150,262,112,442,118
12739,img/img_00078786.jpg,lower-body clothes,411,349,349,0,411,0
12740,img/img_00078794.jpg,lower-body clothes,61,96,222,126,254,193
12741,img/img_00078796.jpg,lower-body clothes,66,81,196,115,274,208
12742,img/img_00078802.jpg,full-body clothes,205,103,228,125,292,87
12743,img/img_00078812.jpg,full-body clothes,178,113,223,110,250,72
12744,img/img_00078825.jpg,full-body clothes,281,114,232,118,454,173
12745,img/img_00078833.jpg,lower-body clothes,67,92,147,55,75,8
12746,img/img_00078834.jpg,lower-body clothes,66,73,119,46,87,21
12747,img/img_00078844.jpg,lower-body clothes,100,173,242,69,111,11
12748,img/img_00078847.jpg,lower-body clothes,97,42,137,95,118,21
12749,img/img_00078849.jpg,lower-body clothes,153,152,245,93,182,29
12750,img/img_00078850.jpg,lower-body clothes,95,151,441,290,396,301
12751,img/img_00078859.jpg,lower-body clothes,132,160,227,67,454,322
12752,img/img_00078869.jpg,lower-body clothes,59,84,143,59,215,156
12753,img/img_00078871.jpg,lower-body clothes,37,32,111,79,132,95
12754,img/img_00078880.jpg,lower-body clothes,126,51,191,140,352,226
12755,img/img_00078882.jpg,lower-body clothes,157,88,223,135,361,204
12756,img/img_00078895.jpg,lower-body clothes,129,158,248,90,443,314
12757,img/img_00078899.jpg,lower-body clothes,154,83,233,150,159,5
12758,img/img_00078903.jpg,lower-body clothes,87,118,127,9,280,193
12759,img/img_00078908.jpg,full-body clothes,359,219,267,48,478,119
12760,img/img_00078910.jpg,full-body clothes,212,115,275,160,324,112
12761,img/img_00078911.jpg,full-body clothes,177,96,196,100,243,66
12762,img/img_00078915.jpg,full-body clothes,305,134,245,111,422,117
12763,img/img_00078916.jpg,full-body clothes,209,114,264,150,293,84
12764,img/img_00078922.jpg,lower-body clothes,261,71,190,119,267,6
12765,img/img_00078924.jpg,lower-body clothes,231,89,220,131,452,221
12766,img/img_00078943.jpg,upper-body clothes,257,171,242,71,309,52
12767,img/img_00078946.jpg,upper-body clothes,318,266,266,0,318,0
12768,img/img_00078948.jpg,upper-body clothes,153,120,171,51,248,95
12769,img/img_00078963.jpg,full-body clothes,377,124,237,113,499,122
12770,img/img_00078964.jpg,full-body clothes,256,259,259,0,256,0
12771,img/img_00078971.jpg,full-body clothes,357,117,234,117,478,121
12772,img/img_00078981.jpg,full-body clothes,202,59,182,123,276,74
12773,img/img_00078982.jpg,full-body clothes,478,265,265,0,478,0
12774,img/img_00078989.jpg,full-body clothes,289,106,159,53,387,98
12775,img/img_00078990.jpg,full-body clothes,439,317,317,0,439,0
12776,img/img_00078991.jpg,full-body clothes,497,290,290,0,497,0
12777,img/img_00078994.jpg,full-body clothes,399,280,280,0,399,0
12778,img/img_00079003.jpg,full-body clothes,411,260,305,45,461,50
12779,img/img_00079024.jpg,full-body clothes,148,51,119,68,192,44
12780,img/img_00079026.jpg,upper-body clothes,110,131,374,243,197,87
12781,img/img_00079037.jpg,upper-body clothes,121,497,497,0,121,0
12782,img/img_00079039.jpg,upper-body clothes,384,215,361,146,485,101
12783,img/img_00079046.jpg,full-body clothes,452,198,208,10,490,38
12784,img/img_00079051.jpg,full-body clothes,287,288,288,0,287,0
12785,img/img_00079054.jpg,full-body clothes,282,44,152,108,364,82
12786,img/img_00079058.jpg,full-body clothes,137,84,141,57,196,59
12787,img/img_00079063.jpg,full-body clothes,142,127,127,0,142,0
12788,img/img_00079075.jpg,full-body clothes,327,86,145,59,444,117
12789,img/img_00079081.jpg,full-body clothes,357,126,239,113,481,124
12790,img/img_00079099.jpg,lower-body clothes,129,153,322,169,432,303
12791,img/img_00079111.jpg,full-body clothes,395,168,241,73,506,111
12792,img/img_00079126.jpg,upper-body clothes,190,251,251,0,190,0
12793,img/img_00079128.jpg,upper-body clothes,353,217,418,201,492,139
12794,img/img_00079135.jpg,full-body clothes,261,103,103,0,261,0
12795,img/img_00079139.jpg,full-body clothes,271,247,314,67,388,117
12796,img/img_00079165.jpg,full-body clothes,355,92,242,150,448,93
12797,img/img_00079172.jpg,full-body clothes,203,122,265,143,283,80
12798,img/img_00079173.jpg,full-body clothes,358,188,317,129,457,99
12799,img/img_00079179.jpg,full-body clothes,382,140,267,127,483,101
12800,img/img_00079181.jpg,full-body clothes,332,103,251,148,474,142
12801,img/img_00079196.jpg,full-body clothes,369,53,280,227,463,94
12802,img/img_00079203.jpg,upper-body clothes,264,305,319,14,496,232
12803,img/img_00079221.jpg,upper-body clothes,367,348,348,0,367,0
12804,img/img_00079228.jpg,upper-body clothes,168,136,489,353,193,25
12805,img/img_00079236.jpg,upper-body clothes,201,113,267,154,357,156
12806,img/img_00079246.jpg,full-body clothes,507,305,305,0,507,0
12807,img/img_00079250.jpg,full-body clothes,346,292,292,0,346,0
12808,img/img_00079264.jpg,full-body clothes,309,43,146,103,445,136
12809,img/img_00079279.jpg,full-body clothes,415,153,346,193,486,71
12810,img/img_00079284.jpg,full-body clothes,494,242,242,0,494,0
12811,img/img_00079285.jpg,full-body clothes,374,137,152,15,475,101
12812,img/img_00079302.jpg,full-body clothes,409,110,185,75,492,83
12813,img/img_00079307.jpg,full-body clothes,347,196,256,60,486,139
12814,img/img_00079311.jpg,full-body clothes,318,214,272,58,451,133
12815,img/img_00079327.jpg,upper-body clothes,252,60,178,118,341,89
12816,img/img_00079328.jpg,upper-body clothes,336,238,238,0,336,0
12817,img/img_00079329.jpg,upper-body clothes,307,128,221,93,443,136
12818,img/img_00079337.jpg,upper-body clothes,338,61,238,177,449,111
12819,img/img_00079339.jpg,upper-body clothes,212,84,178,94,280,68
12820,img/img_00079347.jpg,full-body clothes,469,203,203,0,469,0
12821,img/img_00079349.jpg,full-body clothes,284,91,173,82,346,62
12822,img/img_00079350.jpg,full-body clothes,195,102,129,27,234,39
12823,img/img_00079365.jpg,upper-body clothes,142,78,144,66,199,57
12824,img/img_00079367.jpg,upper-body clothes,227,124,236,112,335,108
12825,img/img_00079370.jpg,upper-body clothes,223,139,195,56,349,126
12826,img/img_00079393.jpg,upper-body clothes,209,44,129,85,253,44
12827,img/img_00079394.jpg,upper-body clothes,303,135,284,149,403,100
12828,img/img_00079403.jpg,upper-body clothes,242,42,157,115,347,105
12829,img/img_00079404.jpg,upper-body clothes,132,103,186,83,223,91
12830,img/img_00079409.jpg,upper-body clothes,282,222,306,84,425,143
12831,img/img_00079420.jpg,upper-body clothes,181,104,104,0,181,0
12832,img/img_00079430.jpg,upper-body clothes,432,360,360,0,432,0
12833,img/img_00079440.jpg,upper-body clothes,220,158,267,109,331,111
12834,img/img_00079441.jpg,upper-body clothes,466,442,442,0,466,0
12835,img/img_00079442.jpg,upper-body clothes,188,131,289,158,296,108
12836,img/img_00079446.jpg,full-body clothes,315,221,221,0,315,0
12837,img/img_00079458.jpg,full-body clothes,230,167,261,94,307,77
12838,img/img_00079477.jpg,upper-body clothes,69,50,136,86,107,38
12839,img/img_00079483.jpg,upper-body clothes,309,459,459,0,309,0
12840,img/img_00079484.jpg,upper-body clothes,384,177,177,0,384,0
12841,img/img_00079487.jpg,upper-body clothes,346,232,232,0,346,0
12842,img/img_00079488.jpg,upper-body clothes,255,262,262,0,255,0
12843,img/img_00079492.jpg,upper-body clothes,296,67,156,89,399,103
12844,img/img_00079502.jpg,full-body clothes,264,59,124,65,341,77
12845,img/img_00079517.jpg,lower-body clothes,288,293,313,20,300,12
12846,img/img_00079542.jpg,upper-body clothes,178,169,169,0,178,0
12847,img/img_00079545.jpg,lower-body clothes,272,236,282,46,292,20
12848,img/img_00079547.jpg,lower-body clothes,411,292,350,58,428,17
12849,img/img_00079572.jpg,full-body clothes,349,191,293,102,495,146
12850,img/img_00079587.jpg,lower-body clothes,41,79,154,75,195,154
12851,img/img_00079596.jpg,lower-body clothes,95,150,279,129,149,54
12852,img/img_00079598.jpg,lower-body clothes,115,150,256,106,395,280
12853,img/img_00079610.jpg,lower-body clothes,134,96,216,120,148,14
12854,img/img_00079617.jpg,upper-body clothes,226,188,279,91,391,165
12855,img/img_00079628.jpg,upper-body clothes,243,186,227,41,327,84
12856,img/img_00079635.jpg,full-body clothes,438,321,321,0,438,0
12857,img/img_00079642.jpg,upper-body clothes,305,191,208,17,449,144
12858,img/img_00079657.jpg,upper-body clothes,143,103,167,64,244,101
12859,img/img_00079660.jpg,upper-body clothes,319,281,281,0,319,0
12860,img/img_00079671.jpg,lower-body clothes,86,114,222,108,306,220
12861,img/img_00079680.jpg,full-body clothes,367,144,293,149,503,136
12862,img/img_00079690.jpg,full-body clothes,210,104,232,128,291,81
12863,img/img_00079691.jpg,full-body clothes,239,111,186,75,259,20
12864,img/img_00079702.jpg,lower-body clothes,89,77,224,147,315,226
12865,img/img_00079722.jpg,upper-body clothes,16,415,415,0,16,0
12866,img/img_00079731.jpg,upper-body clothes,247,157,252,95,335,88
12867,img/img_00079737.jpg,upper-body clothes,100,48,110,62,149,49
12868,img/img_00079746.jpg,upper-body clothes,143,94,146,52,225,82
12869,img/img_00079757.jpg,upper-body clothes,307,265,265,0,307,0
12870,img/img_00079761.jpg,upper-body clothes,148,141,203,62,226,78
12871,img/img_00079766.jpg,full-body clothes,461,319,319,0,461,0
12872,img/img_00079769.jpg,full-body clothes,193,90,191,101,281,88
12873,img/img_00079774.jpg,full-body clothes,241,119,264,145,317,76
12874,img/img_00079775.jpg,full-body clothes,173,39,192,153,235,62
12875,img/img_00079777.jpg,full-body clothes,402,61,237,176,477,75
12876,img/img_00079811.jpg,lower-body clothes,127,143,219,76,357,230
12877,img/img_00079819.jpg,lower-body clothes,66,115,184,69,269,203
12878,img/img_00079830.jpg,lower-body clothes,90,112,187,75,312,222
12879,img/img_00079835.jpg,lower-body clothes,62,87,148,61,208,146
12880,img/img_00079837.jpg,lower-body clothes,69,98,124,26,267,198
12881,img/img_00079844.jpg,lower-body clothes,77,74,121,47,234,157
12882,img/img_00079856.jpg,upper-body clothes,148,104,208,104,224,76
12883,img/img_00079860.jpg,upper-body clothes,135,117,154,37,237,102
12884,img/img_00079867.jpg,upper-body clothes,140,100,199,99,241,101
12885,img/img_00079875.jpg,upper-body clothes,137,94,149,55,200,63
12886,img/img_00079880.jpg,upper-body clothes,289,385,385,0,289,0
12887,img/img_00079886.jpg,upper-body clothes,255,42,211,169,386,131
12888,img/img_00079900.jpg,full-body clothes,263,103,103,0,263,0
12889,img/img_00079907.jpg,full-body clothes,182,104,159,55,260,78
12890,img/img_00079919.jpg,full-body clothes,278,113,221,108,395,117
12891,img/img_00079924.jpg,full-body clothes,310,165,287,122,437,127
12892,img/img_00079928.jpg,full-body clothes,312,98,249,151,435,123
12893,img/img_00079936.jpg,full-body clothes,237,67,163,96,318,81
12894,img/img_00079938.jpg,full-body clothes,451,272,272,0,451,0
12895,img/img_00079942.jpg,full-body clothes,192,207,207,0,192,0
12896,img/img_00079957.jpg,full-body clothes,204,195,195,0,204,0
12897,img/img_00079959.jpg,full-body clothes,443,337,337,0,443,0
12898,img/img_00079963.jpg,full-body clothes,194,242,242,0,194,0
12899,img/img_00079970.jpg,full-body clothes,299,131,234,103,409,110
12900,img/img_00079977.jpg,full-body clothes,92,92,92,0,92,0
12901,img/img_00079986.jpg,full-body clothes,382,120,199,79,461,79
12902,img/img_00080002.jpg,full-body clothes,482,291,291,0,482,0
12903,img/img_00080007.jpg,full-body clothes,183,213,213,0,183,0
12904,img/img_00080010.jpg,full-body clothes,192,211,211,0,192,0
12905,img/img_00080017.jpg,full-body clothes,495,326,326,0,495,0
12906,img/img_00080027.jpg,full-body clothes,88,161,161,0,88,0
12907,img/img_00080029.jpg,full-body clothes,176,88,221,133,238,62
12908,img/img_00080033.jpg,full-body clothes,469,467,467,0,469,0
12909,img/img_00080034.jpg,full-body clothes,172,83,163,80,228,56
12910,img/img_00080035.jpg,full-body clothes,340,113,233,120,434,94
12911,img/img_00080040.jpg,full-body clothes,354,109,153,44,439,85
12912,img/img_00080041.jpg,full-body clothes,385,100,205,105,486,101
12913,img/img_00080042.jpg,full-body clothes,232,120,233,113,315,83
12914,img/img_00080049.jpg,upper-body clothes,285,128,198,70,421,136
12915,img/img_00080052.jpg,upper-body clothes,142,83,193,110,204,62
12916,img/img_00080061.jpg,lower-body clothes,112,148,225,77,369,257
12917,img/img_00080069.jpg,lower-body clothes,151,169,248,79,447,296
12918,img/img_00080075.jpg,lower-body clothes,123,154,258,104,402,279
12919,img/img_00080082.jpg,full-body clothes,116,56,175,119,164,48
12920,img/img_00080085.jpg,full-body clothes,339,183,276,93,460,121
12921,img/img_00080086.jpg,full-body clothes,314,109,199,90,422,108
12922,img/img_00080090.jpg,full-body clothes,262,124,199,75,360,98
12923,img/img_00080100.jpg,full-body clothes,434,209,356,147,495,61
12924,img/img_00080103.jpg,full-body clothes,161,90,228,138,291,130
12925,img/img_00080121.jpg,full-body clothes,375,102,219,117,485,110
12926,img/img_00080133.jpg,full-body clothes,209,231,231,0,209,0
12927,img/img_00080139.jpg,lower-body clothes,83,98,138,40,219,136
12928,img/img_00080142.jpg,lower-body clothes,124,150,250,100,439,315
12929,img/img_00080148.jpg,lower-body clothes,115,200,268,68,289,174
12930,img/img_00080152.jpg,full-body clothes,496,293,293,0,496,0
12931,img/img_00080155.jpg,full-body clothes,373,82,195,113,473,100
12932,img/img_00080160.jpg,full-body clothes,221,289,289,0,221,0
12933,img/img_00080162.jpg,full-body clothes,243,400,400,0,243,0
12934,img/img_00080167.jpg,full-body clothes,385,64,182,118,478,93
12935,img/img_00080172.jpg,full-body clothes,246,53,249,196,296,50
12936,img/img_00080177.jpg,full-body clothes,407,35,220,185,496,89
12937,img/img_00080178.jpg,full-body clothes,345,63,260,197,430,85
12938,img/img_00080189.jpg,upper-body clothes,212,102,197,95,340,128
12939,img/img_00080192.jpg,upper-body clothes,268,339,339,0,268,0
12940,img/img_00080194.jpg,upper-body clothes,118,76,125,49,187,69
12941,img/img_00080200.jpg,upper-body clothes,110,25,119,94,158,48
12942,img/img_00080203.jpg,upper-body clothes,150,87,138,51,213,63
12943,img/img_00080206.jpg,upper-body clothes,174,127,236,109,310,136
12944,img/img_00080219.jpg,upper-body clothes,256,182,254,72,407,151
12945,img/img_00080224.jpg,upper-body clothes,201,157,221,64,354,153
12946,img/img_00080233.jpg,upper-body clothes,222,141,308,167,374,152
12947,img/img_00080255.jpg,upper-body clothes,301,242,284,42,471,170
12948,img/img_00080275.jpg,upper-body clothes,140,66,132,66,207,67
12949,img/img_00080285.jpg,upper-body clothes,77,67,159,92,145,68
12950,img/img_00080289.jpg,upper-body clothes,155,74,188,114,237,82
12951,img/img_00080290.jpg,upper-body clothes,260,73,178,105,403,143
12952,img/img_00080295.jpg,upper-body clothes,219,136,209,73,349,130
12953,img/img_00080296.jpg,upper-body clothes,254,160,277,117,395,141
12954,img/img_00080300.jpg,lower-body clothes,70,100,149,49,196,126
12955,img/img_00080308.jpg,lower-body clothes,174,161,235,74,483,309
12956,img/img_00080310.jpg,lower-body clothes,101,187,247,60,425,324
12957,img/img_00080325.jpg,upper-body clothes,284,216,283,67,412,128
12958,img/img_00080333.jpg,full-body clothes,217,217,226,9,294,77
12959,img/img_00080357.jpg,full-body clothes,348,39,180,141,444,96
12960,img/img_00080367.jpg,lower-body clothes,370,42,117,75,386,16
12961,img/img_00080378.jpg,lower-body clothes,388,144,229,85,401,13
12962,img/img_00080390.jpg,lower-body clothes,133,59,150,91,263,130
12963,img/img_00080395.jpg,upper-body clothes,164,113,212,99,242,78
12964,img/img_00080398.jpg,upper-body clothes,165,98,175,77,249,84
12965,img/img_00080400.jpg,upper-body clothes,214,172,261,89,381,167
12966,img/img_00080406.jpg,lower-body clothes,253,123,233,110,464,211
12967,img/img_00080409.jpg,lower-body clothes,454,28,159,131,463,9
12968,img/img_00080412.jpg,lower-body clothes,183,83,186,103,319,136
12969,img/img_00080419.jpg,upper-body clothes,242,30,90,60,330,88
12970,img/img_00080422.jpg,upper-body clothes,307,71,213,142,333,26
12971,img/img_00080424.jpg,upper-body clothes,204,37,191,154,272,68
12972,img/img_00080427.jpg,upper-body clothes,192,108,180,72,265,73
12973,img/img_00080436.jpg,lower-body clothes,126,76,243,167,267,141
12974,img/img_00080442.jpg,lower-body clothes,373,64,198,134,438,65
12975,img/img_00080462.jpg,upper-body clothes,133,28,102,74,198,65
12976,img/img_00080464.jpg,upper-body clothes,188,106,221,115,322,134
12977,img/img_00080468.jpg,upper-body clothes,159,89,158,69,269,110
12978,img/img_00080479.jpg,upper-body clothes,298,249,303,54,455,157
12979,img/img_00080481.jpg,upper-body clothes,193,243,243,0,193,0
12980,img/img_00080487.jpg,upper-body clothes,477,299,299,0,477,0
12981,img/img_00080488.jpg,upper-body clothes,172,106,215,109,259,87
12982,img/img_00080505.jpg,upper-body clothes,232,192,269,77,365,133
12983,img/img_00080512.jpg,full-body clothes,143,82,175,93,190,47
12984,img/img_00080534.jpg,full-body clothes,356,232,381,149,486,130
12985,img/img_00080536.jpg,full-body clothes,177,100,299,199,255,78
12986,img/img_00080541.jpg,full-body clothes,332,60,226,166,443,111
12987,img/img_00080554.jpg,full-body clothes,446,225,225,0,446,0
12988,img/img_00080556.jpg,full-body clothes,213,101,150,49,281,68
12989,img/img_00080557.jpg,full-body clothes,178,85,180,95,254,76
12990,img/img_00080560.jpg,full-body clothes,238,166,202,36,330,92
12991,img/img_00080564.jpg,full-body clothes,269,50,122,72,376,107
12992,img/img_00080568.jpg,full-body clothes,371,55,193,138,490,119
12993,img/img_00080581.jpg,full-body clothes,180,91,217,126,298,118
12994,img/img_00080582.jpg,full-body clothes,369,144,277,133,495,126
12995,img/img_00080584.jpg,full-body clothes,357,163,250,87,486,129
12996,img/img_00080588.jpg,full-body clothes,376,177,382,205,500,124
12997,img/img_00080589.jpg,full-body clothes,222,144,225,81,277,55
12998,img/img_00080591.jpg,full-body clothes,157,102,209,107,213,56
12999,img/img_00080608.jpg,upper-body clothes,328,83,211,128,404,76
13000,img/img_00080614.jpg,upper-body clothes,311,59,248,189,407,96
13001,img/img_00080617.jpg,full-body clothes,392,68,170,102,474,82
13002,img/img_00080623.jpg,full-body clothes,397,125,240,115,480,83
13003,img/img_00080627.jpg,full-body clothes,92,208,208,0,92,0
13004,img/img_00080629.jpg,full-body clothes,204,36,144,108,240,36
13005,img/img_00080630.jpg,full-body clothes,351,50,197,147,447,96
13006,img/img_00080643.jpg,lower-body clothes,124,51,141,90,218,94
13007,img/img_00080645.jpg,lower-body clothes,327,237,237,0,327,0
13008,img/img_00080648.jpg,lower-body clothes,197,172,172,0,197,0
13009,img/img_00080656.jpg,full-body clothes,199,128,276,148,286,87
13010,img/img_00080662.jpg,full-body clothes,316,134,234,100,422,106
13011,img/img_00080667.jpg,full-body clothes,236,53,124,71,315,79
13012,img/img_00080682.jpg,full-body clothes,335,132,198,66,409,74
13013,img/img_00080687.jpg,full-body clothes,225,125,254,129,307,82
13014,img/img_00080688.jpg,full-body clothes,122,73,163,90,181,59
13015,img/img_00080696.jpg,full-body clothes,329,164,248,84,428,99
13016,img/img_00080701.jpg,lower-body clothes,181,85,213,128,380,199
13017,img/img_00080718.jpg,full-body clothes,210,142,197,55,229,19
13018,img/img_00080738.jpg,upper-body clothes,138,75,138,63,211,73
13019,img/img_00080744.jpg,upper-body clothes,169,128,223,95,307,138
13020,img/img_00080759.jpg,upper-body clothes,165,94,190,96,323,158
13021,img/img_00080760.jpg,upper-body clothes,289,163,261,98,431,142
13022,img/img_00080766.jpg,upper-body clothes,325,52,249,197,457,132
13023,img/img_00080770.jpg,full-body clothes,103,97,99,2,500,397
13024,img/img_00080772.jpg,full-body clothes,247,307,307,0,247,0
13025,img/img_00080775.jpg,full-body clothes,355,277,277,0,355,0
13026,img/img_00080779.jpg,full-body clothes,203,119,223,104,306,103
13027,img/img_00080782.jpg,upper-body clothes,159,93,185,92,241,82
13028,img/img_00080784.jpg,upper-body clothes,159,88,148,60,251,92
13029,img/img_00080792.jpg,upper-body clothes,203,164,242,78,361,158
13030,img/img_00080803.jpg,upper-body clothes,84,93,203,110,177,93
13031,img/img_00080808.jpg,full-body clothes,291,165,267,102,425,134
13032,img/img_00080825.jpg,full-body clothes,185,88,190,102,270,85
13033,img/img_00080831.jpg,full-body clothes,222,128,177,49,313,91
13034,img/img_00080842.jpg,full-body clothes,454,136,136,0,454,0
13035,img/img_00080844.jpg,full-body clothes,361,127,244,117,460,99
13036,img/img_00080848.jpg,lower-body clothes,156,252,274,22,293,137
13037,img/img_00080860.jpg,lower-body clothes,70,102,198,96,254,184
13038,img/img_00080863.jpg,full-body clothes,368,77,208,131,463,95
13039,img/img_00080867.jpg,full-body clothes,178,46,132,86,217,39
13040,img/img_00080875.jpg,full-body clothes,354,107,297,190,444,90
13041,img/img_00080880.jpg,full-body clothes,351,89,299,210,440,89
13042,img/img_00080882.jpg,full-body clothes,204,151,218,67,291,87
13043,img/img_00080890.jpg,upper-body clothes,435,277,318,41,484,49
13044,img/img_00080892.jpg,upper-body clothes,209,68,188,120,286,77
13045,img/img_00080893.jpg,upper-body clothes,239,146,231,85,376,137
13046,img/img_00080894.jpg,upper-body clothes,309,97,211,114,446,137
13047,img/img_00080896.jpg,upper-body clothes,248,88,199,111,313,65
13048,img/img_00080898.jpg,upper-body clothes,208,135,145,10,238,30
13049,img/img_00080904.jpg,full-body clothes,354,204,204,0,354,0
13050,img/img_00080914.jpg,lower-body clothes,96,93,225,132,250,154
13051,img/img_00080920.jpg,lower-body clothes,138,66,213,147,358,220
13052,img/img_00080924.jpg,upper-body clothes,162,112,251,139,187,25
13053,img/img_00080927.jpg,upper-body clothes,436,302,398,96,487,51
13054,img/img_00080946.jpg,lower-body clothes,71,107,146,39,248,177
13055,img/img_00080955.jpg,full-body clothes,257,125,199,74,352,95
13056,img/img_00080964.jpg,full-body clothes,254,40,163,123,346,92
13057,img/img_00080971.jpg,full-body clothes,280,67,245,178,367,87
13058,img/img_00080976.jpg,upper-body clothes,191,253,253,0,191,0
13059,img/img_00080986.jpg,upper-body clothes,65,133,133,0,65,0
13060,img/img_00080993.jpg,upper-body clothes,167,182,182,0,167,0
13061,img/img_00081006.jpg,full-body clothes,211,88,189,101,282,71
13062,img/img_00081012.jpg,full-body clothes,184,106,199,93,264,80
13063,img/img_00081015.jpg,full-body clothes,226,123,167,44,367,141
13064,img/img_00081027.jpg,lower-body clothes,94,150,338,188,168,74
13065,img/img_00081030.jpg,lower-body clothes,105,104,175,71,270,165
13066,img/img_00081044.jpg,upper-body clothes,241,311,311,0,241,0
13067,img/img_00081054.jpg,lower-body clothes,162,70,280,210,355,193
13068,img/img_00081062.jpg,lower-body clothes,427,185,328,143,444,17
13069,img/img_00081071.jpg,lower-body clothes,296,105,298,193,447,151
13070,img/img_00081079.jpg,lower-body clothes,171,65,131,66,178,7
13071,img/img_00081086.jpg,upper-body clothes,188,106,244,138,336,148
13072,img/img_00081087.jpg,upper-body clothes,189,94,228,134,367,178
13073,img/img_00081099.jpg,lower-body clothes,106,103,172,69,269,163
13074,img/img_00081100.jpg,lower-body clothes,236,255,293,38,417,181
13075,img/img_00081105.jpg,lower-body clothes,73,51,146,95,207,134
13076,img/img_00081107.jpg,lower-body clothes,226,104,230,126,441,215
13077,img/img_00081108.jpg,lower-body clothes,247,80,206,126,439,192
13078,img/img_00081109.jpg,lower-body clothes,227,66,185,119,394,167
13079,img/img_00081118.jpg,lower-body clothes,252,83,227,144,456,204
13080,img/img_00081123.jpg,lower-body clothes,202,65,133,68,206,4
13081,img/img_00081125.jpg,lower-body clothes,277,84,240,156,441,164
13082,img/img_00081132.jpg,upper-body clothes,273,89,199,110,409,136
13083,img/img_00081151.jpg,upper-body clothes,173,299,299,0,173,0
13084,img/img_00081156.jpg,upper-body clothes,328,278,278,0,328,0
13085,img/img_00081163.jpg,upper-body clothes,234,149,282,133,361,127
13086,img/img_00081164.jpg,lower-body clothes,264,88,193,105,330,66
13087,img/img_00081166.jpg,lower-body clothes,442,47,290,243,451,9
13088,img/img_00081169.jpg,lower-body clothes,246,115,206,91,405,159
13089,img/img_00081177.jpg,lower-body clothes,193,66,222,156,424,231
13090,img/img_00081187.jpg,lower-body clothes,210,62,206,144,454,244
13091,img/img_00081188.jpg,lower-body clothes,244,112,216,104,305,61
13092,img/img_00081192.jpg,lower-body clothes,430,256,256,0,430,0
13093,img/img_00081196.jpg,lower-body clothes,228,89,226,137,442,214
13094,img/img_00081197.jpg,lower-body clothes,120,441,441,0,120,0
13095,img/img_00081200.jpg,lower-body clothes,109,399,399,0,109,0
13096,img/img_00081202.jpg,lower-body clothes,124,32,208,176,220,96
13097,img/img_00081207.jpg,upper-body clothes,428,165,264,99,439,11
13098,img/img_00081210.jpg,upper-body clothes,157,26,102,76,221,64
13099,img/img_00081211.jpg,upper-body clothes,487,216,356,140,499,12
13100,img/img_00081214.jpg,upper-body clothes,245,199,216,17,292,47
13101,img/img_00081219.jpg,upper-body clothes,296,33,161,128,382,86
13102,img/img_00081225.jpg,upper-body clothes,266,222,362,140,395,129
13103,img/img_00081226.jpg,upper-body clothes,290,233,286,53,417,127
13104,img/img_00081228.jpg,upper-body clothes,264,144,223,79,452,188
13105,img/img_00081231.jpg,upper-body clothes,119,53,111,58,190,71
13106,img/img_00081235.jpg,upper-body clothes,132,77,124,47,199,67
13107,img/img_00081238.jpg,upper-body clothes,139,84,119,35,208,69
13108,img/img_00081239.jpg,upper-body clothes,153,137,215,78,233,80
13109,img/img_00081241.jpg,upper-body clothes,135,75,123,48,207,72
13110,img/img_00081258.jpg,upper-body clothes,271,166,247,81,403,132
13111,img/img_00081282.jpg,upper-body clothes,280,388,388,0,280,0
13112,img/img_00081289.jpg,upper-body clothes,183,341,341,0,183,0
13113,img/img_00081298.jpg,upper-body clothes,108,143,143,0,108,0
13114,img/img_00081299.jpg,upper-body clothes,124,370,370,0,124,0
13115,img/img_00081302.jpg,upper-body clothes,177,88,230,142,290,113
13116,img/img_00081305.jpg,upper-body clothes,178,87,172,85,250,72
13117,img/img_00081307.jpg,upper-body clothes,406,277,337,60,433,27
13118,img/img_00081312.jpg,upper-body clothes,130,43,184,141,288,158
13119,img/img_00081322.jpg,upper-body clothes,416,274,330,56,473,57
13120,img/img_00081333.jpg,upper-body clothes,187,161,231,70,327,140
13121,img/img_00081348.jpg,full-body clothes,382,240,240,0,382,0
13122,img/img_00081354.jpg,upper-body clothes,273,167,261,94,443,170
13123,img/img_00081355.jpg,upper-body clothes,251,231,345,114,398,147
13124,img/img_00081367.jpg,full-body clothes,348,221,284,63,480,132
13125,img/img_00081373.jpg,upper-body clothes,329,302,302,0,329,0
13126,img/img_00081376.jpg,upper-body clothes,318,302,302,0,318,0
13127,img/img_00081381.jpg,upper-body clothes,130,119,207,88,251,121
13128,img/img_00081387.jpg,full-body clothes,368,187,316,129,476,108
13129,img/img_00081396.jpg,upper-body clothes,220,120,217,97,271,51
13130,img/img_00081423.jpg,full-body clothes,351,63,194,131,458,107
13131,img/img_00081431.jpg,full-body clothes,160,85,193,108,228,68
13132,img/img_00081443.jpg,full-body clothes,172,25,126,101,231,59
13133,img/img_00081444.jpg,full-body clothes,231,110,189,79,300,69
13134,img/img_00081452.jpg,full-body clothes,473,339,430,91,486,13
13135,img/img_00081460.jpg,full-body clothes,153,84,148,64,213,60
13136,img/img_00081475.jpg,full-body clothes,120,66,154,88,171,51
13137,img/img_00081496.jpg,lower-body clothes,120,145,284,139,439,319
13138,img/img_00081505.jpg,lower-body clothes,74,84,201,117,262,188
13139,img/img_00081509.jpg,lower-body clothes,99,157,237,80,452,353
13140,img/img_00081513.jpg,lower-body clothes,78,17,183,166,279,201
13141,img/img_00081520.jpg,upper-body clothes,216,108,264,156,346,130
13142,img/img_00081522.jpg,upper-body clothes,348,246,289,43,390,42
13143,img/img_00081529.jpg,upper-body clothes,141,32,113,81,239,98
13144,img/img_00081532.jpg,upper-body clothes,242,165,259,94,396,154
13145,img/img_00081551.jpg,full-body clothes,229,114,224,110,308,79
13146,img/img_00081559.jpg,lower-body clothes,324,284,306,22,362,38
13147,img/img_00081569.jpg,upper-body clothes,330,176,264,88,467,137
13148,img/img_00081577.jpg,upper-body clothes,172,263,263,0,172,0
13149,img/img_00081578.jpg,upper-body clothes,274,202,294,92,394,120
13150,img/img_00081587.jpg,upper-body clothes,258,431,431,0,258,0
13151,img/img_00081597.jpg,full-body clothes,321,138,242,104,458,137
13152,img/img_00081598.jpg,full-body clothes,143,64,123,59,199,56
13153,img/img_00081599.jpg,full-body clothes,334,133,240,107,442,108
13154,img/img_00081601.jpg,full-body clothes,218,86,189,103,291,73
13155,img/img_00081605.jpg,full-body clothes,188,75,188,113,269,81
13156,img/img_00081607.jpg,full-body clothes,149,108,277,169,213,64
13157,img/img_00081623.jpg,full-body clothes,123,52,122,70,163,40
13158,img/img_00081630.jpg,full-body clothes,207,144,222,78,285,78
13159,img/img_00081637.jpg,full-body clothes,326,98,231,133,455,129
13160,img/img_00081643.jpg,full-body clothes,254,111,202,91,337,83
13161,img/img_00081644.jpg,full-body clothes,482,224,224,0,482,0
13162,img/img_00081652.jpg,full-body clothes,230,83,252,169,307,77
13163,img/img_00081660.jpg,full-body clothes,318,106,227,121,442,124
13164,img/img_00081665.jpg,full-body clothes,376,42,190,148,458,82
13165,img/img_00081675.jpg,full-body clothes,238,81,193,112,289,51
13166,img/img_00081677.jpg,full-body clothes,254,242,242,0,254,0
13167,img/img_00081681.jpg,full-body clothes,238,64,202,138,288,50
13168,img/img_00081690.jpg,upper-body clothes,151,108,239,131,252,101
13169,img/img_00081696.jpg,upper-body clothes,179,132,213,81,264,85
13170,img/img_00081699.jpg,upper-body clothes,86,143,193,50,199,113
13171,img/img_00081704.jpg,lower-body clothes,208,72,183,111,441,233
13172,img/img_00081706.jpg,lower-body clothes,316,129,344,215,344,28
13173,img/img_00081709.jpg,lower-body clothes,5,134,134,0,5,0
13174,img/img_00081720.jpg,lower-body clothes,394,130,246,116,421,27
13175,img/img_00081722.jpg,lower-body clothes,295,194,194,0,295,0
13176,img/img_00081727.jpg,lower-body clothes,393,107,226,119,415,22
13177,img/img_00081737.jpg,upper-body clothes,94,120,120,0,94,0
13178,img/img_00081743.jpg,lower-body clothes,53,104,215,111,281,228
13179,img/img_00081749.jpg,lower-body clothes,38,64,370,306,315,277
13180,img/img_00081760.jpg,full-body clothes,170,119,213,94,235,65
13181,img/img_00081763.jpg,upper-body clothes,94,175,175,0,94,0
13182,img/img_00081766.jpg,upper-body clothes,115,60,141,81,204,89
13183,img/img_00081773.jpg,lower-body clothes,222,252,252,0,222,0
13184,img/img_00081775.jpg,lower-body clothes,162,171,223,52,398,236
13185,img/img_00081776.jpg,lower-body clothes,359,325,325,0,359,0
13186,img/img_00081778.jpg,lower-body clothes,114,136,247,111,300,186
13187,img/img_00081782.jpg,lower-body clothes,293,243,243,0,293,0
13188,img/img_00081785.jpg,lower-body clothes,362,134,281,147,394,32
13189,img/img_00081790.jpg,lower-body clothes,218,98,212,114,403,185
13190,img/img_00081797.jpg,lower-body clothes,67,104,231,127,308,241
13191,img/img_00081810.jpg,lower-body clothes,135,166,266,100,470,335
13192,img/img_00081811.jpg,lower-body clothes,165,167,468,301,345,180
13193,img/img_00081814.jpg,lower-body clothes,59,70,197,127,290,231
13194,img/img_00081816.jpg,lower-body clothes,78,95,138,43,253,175
13195,img/img_00081819.jpg,lower-body clothes,178,117,297,180,362,184
13196,img/img_00081827.jpg,upper-body clothes,329,231,231,0,329,0
13197,img/img_00081846.jpg,lower-body clothes,248,100,334,234,453,205
13198,img/img_00081865.jpg,lower-body clothes,164,56,147,91,367,203
13199,img/img_00081866.jpg,lower-body clothes,217,176,176,0,217,0
13200,img/img_00081876.jpg,lower-body clothes,71,57,243,186,256,185
13201,img/img_00081877.jpg,lower-body clothes,105,80,299,219,322,217
13202,img/img_00081883.jpg,upper-body clothes,183,120,176,56,280,97
13203,img/img_00081885.jpg,upper-body clothes,280,183,183,0,280,0
13204,img/img_00081887.jpg,upper-body clothes,77,215,215,0,77,0
13205,img/img_00081888.jpg,upper-body clothes,418,257,257,0,418,0
13206,img/img_00081895.jpg,lower-body clothes,214,37,201,164,394,180
13207,img/img_00081920.jpg,upper-body clothes,195,82,225,143,277,82
13208,img/img_00081931.jpg,full-body clothes,332,249,249,0,332,0
13209,img/img_00081934.jpg,full-body clothes,154,75,96,21,204,50
13210,img/img_00081937.jpg,full-body clothes,175,88,166,78,181,6
13211,img/img_00081952.jpg,lower-body clothes,72,12,123,111,118,46
13212,img/img_00081975.jpg,upper-body clothes,127,108,199,91,207,80
13213,img/img_00081984.jpg,full-body clothes,271,77,191,114,284,13
13214,img/img_00081993.jpg,full-body clothes,408,144,256,112,486,78
13215,img/img_00082002.jpg,lower-body clothes,116,137,278,141,154,38
13216,img/img_00082017.jpg,full-body clothes,212,115,190,75,293,81
13217,img/img_00082020.jpg,full-body clothes,214,123,163,40,257,43
13218,img/img_00082031.jpg,lower-body clothes,173,228,323,95,477,304
13219,img/img_00082033.jpg,lower-body clothes,134,131,233,102,380,246
13220,img/img_00082039.jpg,upper-body clothes,82,66,227,161,165,83
13221,img/img_00082056.jpg,full-body clothes,305,250,278,28,403,98
13222,img/img_00082061.jpg,full-body clothes,364,209,297,88,488,124
13223,img/img_00082067.jpg,upper-body clothes,107,86,186,100,241,134
13224,img/img_00082081.jpg,upper-body clothes,59,227,227,0,59,0
13225,img/img_00082083.jpg,upper-body clothes,283,176,278,102,428,145
13226,img/img_00082086.jpg,full-body clothes,374,188,218,30,483,109
13227,img/img_00082090.jpg,full-body clothes,228,147,147,0,228,0
13228,img/img_00082091.jpg,full-body clothes,349,155,276,121,486,137
13229,img/img_00082093.jpg,lower-body clothes,243,108,164,56,446,203
13230,img/img_00082105.jpg,lower-body clothes,398,25,190,165,416,18
13231,img/img_00082108.jpg,lower-body clothes,334,255,255,0,334,0
13232,img/img_00082129.jpg,upper-body clothes,265,163,256,93,399,134
13233,img/img_00082130.jpg,upper-body clothes,183,140,276,136,302,119
13234,img/img_00082141.jpg,lower-body clothes,225,152,178,26,426,201
13235,img/img_00082143.jpg,lower-body clothes,39,89,209,120,101,62
13236,img/img_00082154.jpg,lower-body clothes,411,235,310,75,457,46
13237,img/img_00082158.jpg,lower-body clothes,148,140,240,100,416,268
13238,img/img_00082159.jpg,lower-body clothes,325,390,480,90,373,48
13239,img/img_00082167.jpg,upper-body clothes,116,91,148,57,205,89
13240,img/img_00082174.jpg,lower-body clothes,452,172,172,0,452,0
13241,img/img_00082177.jpg,lower-body clothes,382,106,242,136,395,13
13242,img/img_00082179.jpg,lower-body clothes,341,97,219,122,350,9
13243,img/img_00082182.jpg,lower-body clothes,396,116,256,140,403,7
13244,img/img_00082192.jpg,lower-body clothes,241,80,192,112,249,8
13245,img/img_00082199.jpg,lower-body clothes,273,73,102,29,305,32
13246,img/img_00082201.jpg,lower-body clothes,176,52,251,199,353,177
13247,img/img_00082211.jpg,lower-body clothes,1,1,1,0,1,0
13248,img/img_00082218.jpg,lower-body clothes,214,63,98,35,238,24
13249,img/img_00082238.jpg,upper-body clothes,147,80,164,84,248,101
13250,img/img_00082245.jpg,lower-body clothes,234,96,216,120,254,20
13251,img/img_00082252.jpg,lower-body clothes,112,148,190,42,219,107
13252,img/img_00082256.jpg,lower-body clothes,107,155,236,81,377,270
13253,img/img_00082277.jpg,lower-body clothes,242,53,215,162,445,203
13254,img/img_00082302.jpg,upper-body clothes,468,177,177,0,468,0
13255,img/img_00082304.jpg,upper-body clothes,277,178,267,89,428,151
13256,img/img_00082307.jpg,upper-body clothes,126,95,138,43,204,78
13257,img/img_00082311.jpg,upper-body clothes,469,181,181,0,469,0
13258,img/img_00082312.jpg,upper-body clothes,321,184,281,97,469,148
13259,img/img_00082322.jpg,upper-body clothes,190,25,168,143,298,108
13260,img/img_00082326.jpg,upper-body clothes,209,100,308,208,308,99
13261,img/img_00082328.jpg,upper-body clothes,232,219,308,89,357,125
13262,img/img_00082329.jpg,upper-body clothes,189,202,224,22,278,89
13263,img/img_00082330.jpg,upper-body clothes,325,178,284,106,496,171
13264,img/img_00082338.jpg,upper-body clothes,156,79,184,105,267,111
13265,img/img_00082339.jpg,upper-body clothes,258,132,229,97,382,124
13266,img/img_00082340.jpg,upper-body clothes,283,178,343,165,439,156
13267,img/img_00082358.jpg,lower-body clothes,125,53,112,59,260,135
13268,img/img_00082361.jpg,lower-body clothes,343,132,182,50,364,21
13269,img/img_00082362.jpg,lower-body clothes,129,223,223,0,129,0
13270,img/img_00082363.jpg,lower-body clothes,216,72,291,219,428,212
13271,img/img_00082369.jpg,lower-body clothes,496,243,362,119,501,5
13272,img/img_00082370.jpg,lower-body clothes,260,42,197,155,447,187
13273,img/img_00082374.jpg,lower-body clothes,334,257,257,0,334,0
13274,img/img_00082376.jpg,lower-body clothes,421,141,404,263,466,45
13275,img/img_00082378.jpg,upper-body clothes,90,162,315,153,182,92
13276,img/img_00082380.jpg,upper-body clothes,96,107,107,0,96,0
13277,img/img_00082384.jpg,upper-body clothes,99,241,241,0,99,0
13278,img/img_00082385.jpg,upper-body clothes,280,165,318,153,434,154
13279,img/img_00082389.jpg,upper-body clothes,332,86,245,159,488,156
13280,img/img_00082394.jpg,upper-body clothes,240,323,323,0,240,0
13281,img/img_00082395.jpg,upper-body clothes,269,88,315,227,415,146
13282,img/img_00082400.jpg,upper-body clothes,218,130,172,42,291,73
13283,img/img_00082408.jpg,upper-body clothes,426,232,232,0,426,0
13284,img/img_00082409.jpg,upper-body clothes,372,115,240,125,485,113
13285,img/img_00082418.jpg,upper-body clothes,112,98,140,42,174,62
13286,img/img_00082430.jpg,upper-body clothes,245,133,331,198,415,170
13287,img/img_00082432.jpg,upper-body clothes,188,35,187,152,244,56
13288,img/img_00082434.jpg,upper-body clothes,248,206,297,91,410,162
13289,img/img_00082449.jpg,upper-body clothes,288,215,284,69,410,122
13290,img/img_00082453.jpg,upper-body clothes,334,192,246,54,455,121
13291,img/img_00082458.jpg,upper-body clothes,388,289,311,22,416,28
13292,img/img_00082459.jpg,upper-body clothes,288,199,316,117,428,140
13293,img/img_00082471.jpg,upper-body clothes,173,177,185,8,280,107
13294,img/img_00082473.jpg,upper-body clothes,184,117,117,0,184,0
13295,img/img_00082475.jpg,upper-body clothes,281,174,241,67,416,135
13296,img/img_00082481.jpg,lower-body clothes,230,113,243,130,251,21
13297,img/img_00082487.jpg,lower-body clothes,347,267,267,0,347,0
13298,img/img_00082494.jpg,lower-body clothes,198,209,266,57,268,70
13299,img/img_00082517.jpg,upper-body clothes,263,192,267,75,454,191
13300,img/img_00082521.jpg,upper-body clothes,241,165,235,70,372,131
13301,img/img_00082539.jpg,upper-body clothes,322,178,263,85,450,128
13302,img/img_00082540.jpg,upper-body clothes,185,103,208,105,269,84
13303,img/img_00082541.jpg,upper-body clothes,174,87,223,136,248,74
13304,img/img_00082543.jpg,upper-body clothes,356,214,299,85,486,130
13305,img/img_00082547.jpg,upper-body clothes,315,184,281,97,456,141
13306,img/img_00082550.jpg,upper-body clothes,254,139,226,87,392,138
13307,img/img_00082558.jpg,upper-body clothes,148,81,154,73,261,113
13308,img/img_00082559.jpg,upper-body clothes,201,108,214,106,294,93
13309,img/img_00082564.jpg,upper-body clothes,372,498,498,0,372,0
13310,img/img_00082569.jpg,upper-body clothes,323,124,202,78,464,141
13311,img/img_00082579.jpg,upper-body clothes,167,30,91,61,244,77
13312,img/img_00082586.jpg,upper-body clothes,200,126,188,62,283,83
13313,img/img_00082590.jpg,upper-body clothes,129,56,136,80,232,103
13314,img/img_00082603.jpg,lower-body clothes,98,179,294,115,115,17
13315,img/img_00082604.jpg,lower-body clothes,85,149,175,26,158,73
13316,img/img_00082624.jpg,lower-body clothes,118,130,200,70,347,229
13317,img/img_00082629.jpg,lower-body clothes,214,89,199,110,400,186
13318,img/img_00082630.jpg,lower-body clothes,249,88,234,146,461,212
13319,img/img_00082631.jpg,lower-body clothes,84,87,225,138,281,197
13320,img/img_00082634.jpg,lower-body clothes,189,58,121,63,211,22
13321,img/img_00082641.jpg,lower-body clothes,364,151,269,118,385,21
13322,img/img_00082649.jpg,upper-body clothes,125,69,195,126,236,111
13323,img/img_00082652.jpg,upper-body clothes,225,164,164,0,225,0
13324,img/img_00082654.jpg,upper-body clothes,340,175,275,100,455,115
13325,img/img_00082664.jpg,lower-body clothes,251,75,184,109,437,186
13326,img/img_00082666.jpg,lower-body clothes,113,27,117,90,397,284
13327,img/img_00082688.jpg,lower-body clothes,273,266,266,0,273,0
13328,img/img_00082696.jpg,lower-body clothes,117,147,175,28,133,16
13329,img/img_00082703.jpg,upper-body clothes,68,32,129,97,150,82
13330,img/img_00082711.jpg,upper-body clothes,122,88,220,132,205,83
13331,img/img_00082712.jpg,upper-body clothes,52,84,466,382,106,54
13332,img/img_00082713.jpg,upper-body clothes,252,215,215,0,252,0
13333,img/img_00082733.jpg,upper-body clothes,151,105,281,176,238,87
13334,img/img_00082744.jpg,upper-body clothes,187,94,245,151,258,71
13335,img/img_00082757.jpg,lower-body clothes,314,256,256,0,314,0
13336,img/img_00082759.jpg,lower-body clothes,331,365,365,0,331,0
13337,img/img_00082767.jpg,lower-body clothes,174,90,244,154,343,169
13338,img/img_00082785.jpg,full-body clothes,178,86,126,40,236,58
13339,img/img_00082788.jpg,full-body clothes,106,49,121,72,145,39
13340,img/img_00082820.jpg,lower-body clothes,409,139,258,119,413,4
13341,img/img_00082830.jpg,full-body clothes,310,161,170,9,419,109
13342,img/img_00082834.jpg,full-body clothes,333,118,223,105,456,123
13343,img/img_00082843.jpg,full-body clothes,332,150,188,38,443,111
13344,img/img_00082844.jpg,full-body clothes,244,85,174,89,319,75
13345,img/img_00082861.jpg,upper-body clothes,287,183,183,0,287,0
13346,img/img_00082890.jpg,full-body clothes,363,65,145,80,461,98
13347,img/img_00082891.jpg,full-body clothes,371,138,226,88,504,133
13348,img/img_00082896.jpg,lower-body clothes,202,87,203,116,425,223
13349,img/img_00082897.jpg,lower-body clothes,381,188,275,87,393,12
13350,img/img_00082908.jpg,lower-body clothes,244,84,219,135,461,217
13351,img/img_00082918.jpg,lower-body clothes,452,73,184,111,496,44
13352,img/img_00082924.jpg,lower-body clothes,338,136,253,117,402,64
13353,img/img_00082929.jpg,lower-body clothes,335,132,320,188,383,48
13354,img/img_00082935.jpg,lower-body clothes,384,127,318,191,401,17
13355,img/img_00082950.jpg,lower-body clothes,186,72,112,40,202,16
13356,img/img_00082951.jpg,lower-body clothes,98,291,291,0,98,0
13357,img/img_00082959.jpg,lower-body clothes,204,83,187,104,403,199
13358,img/img_00082975.jpg,lower-body clothes,221,91,300,209,348,127
13359,img/img_00082977.jpg,lower-body clothes,221,85,298,213,440,219
13360,img/img_00082992.jpg,lower-body clothes,238,149,335,186,243,5
13361,img/img_00082999.jpg,lower-body clothes,166,29,214,185,420,254
13362,img/img_00083002.jpg,lower-body clothes,201,78,250,172,409,208
13363,img/img_00083006.jpg,lower-body clothes,119,51,164,113,257,138
13364,img/img_00083012.jpg,lower-body clothes,188,63,113,50,199,11
13365,img/img_00083030.jpg,upper-body clothes,318,136,274,138,453,135
13366,img/img_00083031.jpg,upper-body clothes,278,128,247,119,426,148
13367,img/img_00083033.jpg,upper-body clothes,234,279,279,0,234,0
13368,img/img_00083040.jpg,upper-body clothes,106,52,129,77,160,54
13369,img/img_00083057.jpg,lower-body clothes,91,114,157,43,242,151
13370,img/img_00083061.jpg,lower-body clothes,156,152,239,87,470,314
13371,img/img_00083076.jpg,upper-body clothes,261,166,230,64,283,22
13372,img/img_00083079.jpg,upper-body clothes,199,111,220,109,282,83
13373,img/img_00083084.jpg,upper-body clothes,194,365,365,0,194,0
13374,img/img_00083086.jpg,upper-body clothes,118,33,106,73,155,37
13375,img/img_00083090.jpg,upper-body clothes,113,48,166,118,195,82
13376,img/img_00083091.jpg,upper-body clothes,291,239,239,0,291,0
13377,img/img_00083102.jpg,lower-body clothes,422,129,194,65,440,18
13378,img/img_00083103.jpg,lower-body clothes,13,297,297,0,13,0
13379,img/img_00083105.jpg,lower-body clothes,134,66,173,107,479,345
13380,img/img_00083106.jpg,lower-body clothes,237,95,234,139,444,207
13381,img/img_00083107.jpg,lower-body clothes,203,139,161,22,213,10
13382,img/img_00083108.jpg,lower-body clothes,417,125,137,12,436,19
13383,img/img_00083118.jpg,lower-body clothes,225,72,230,158,436,211
13384,img/img_00083122.jpg,lower-body clothes,379,151,236,85,396,17
13385,img/img_00083130.jpg,lower-body clothes,120,47,71,24,474,354
13386,img/img_00083136.jpg,upper-body clothes,175,82,218,136,262,87
13387,img/img_00083141.jpg,upper-body clothes,136,92,223,131,218,82
13388,img/img_00083145.jpg,upper-body clothes,309,394,394,0,309,0
13389,img/img_00083149.jpg,upper-body clothes,211,107,196,89,359,148
13390,img/img_00083153.jpg,upper-body clothes,159,207,207,0,159,0
13391,img/img_00083158.jpg,lower-body clothes,178,180,242,62,242,64
13392,img/img_00083188.jpg,full-body clothes,317,86,246,160,415,98
13393,img/img_00083203.jpg,upper-body clothes,276,185,250,65,401,125
13394,img/img_00083207.jpg,full-body clothes,366,117,190,73,470,104
13395,img/img_00083233.jpg,upper-body clothes,283,67,239,172,412,129
13396,img/img_00083237.jpg,upper-body clothes,72,178,178,0,72,0
13397,img/img_00083239.jpg,upper-body clothes,207,127,204,77,343,136
13398,img/img_00083241.jpg,upper-body clothes,311,181,337,156,484,173
13399,img/img_00083244.jpg,upper-body clothes,145,105,154,49,218,73
13400,img/img_00083267.jpg,upper-body clothes,204,143,224,81,369,165
13401,img/img_00083277.jpg,upper-body clothes,22,129,129,0,22,0
13402,img/img_00083300.jpg,upper-body clothes,223,146,229,83,357,134
13403,img/img_00083307.jpg,upper-body clothes,287,133,223,90,406,119
13404,img/img_00083320.jpg,upper-body clothes,215,126,231,105,341,126
13405,img/img_00083323.jpg,upper-body clothes,132,81,175,94,208,76
13406,img/img_00083341.jpg,upper-body clothes,33,163,163,0,33,0
13407,img/img_00083346.jpg,upper-body clothes,71,236,236,0,71,0
13408,img/img_00083348.jpg,full-body clothes,231,82,166,84,301,70
13409,img/img_00083350.jpg,full-body clothes,287,215,336,121,511,224
13410,img/img_00083358.jpg,full-body clothes,322,191,277,86,439,117
13411,img/img_00083363.jpg,full-body clothes,172,74,138,64,232,60
13412,img/img_00083371.jpg,full-body clothes,138,47,123,76,182,44
13413,img/img_00083374.jpg,upper-body clothes,119,87,156,69,187,68
13414,img/img_00083377.jpg,upper-body clothes,136,149,178,29,258,122
13415,img/img_00083381.jpg,upper-body clothes,69,62,163,101,136,67
13416,img/img_00083383.jpg,upper-body clothes,103,106,388,282,289,186
13417,img/img_00083391.jpg,upper-body clothes,119,58,205,147,240,121
13418,img/img_00083399.jpg,full-body clothes,291,259,259,0,291,0
13419,img/img_00083400.jpg,full-body clothes,198,118,231,113,265,67
13420,img/img_00083406.jpg,full-body clothes,233,88,218,130,360,127
13421,img/img_00083414.jpg,full-body clothes,315,166,267,101,430,115
13422,img/img_00083420.jpg,upper-body clothes,181,176,372,196,353,172
13423,img/img_00083426.jpg,upper-body clothes,114,93,143,50,249,135
13424,img/img_00083430.jpg,upper-body clothes,63,38,105,67,203,140
13425,img/img_00083433.jpg,upper-body clothes,100,46,129,83,172,72
13426,img/img_00083449.jpg,full-body clothes,344,84,204,120,451,107
13427,img/img_00083454.jpg,full-body clothes,298,180,237,57,400,102
13428,img/img_00083466.jpg,upper-body clothes,149,81,151,70,233,84
13429,img/img_00083478.jpg,full-body clothes,277,241,241,0,277,0
13430,img/img_00083479.jpg,full-body clothes,319,137,243,106,394,75
13431,img/img_00083497.jpg,full-body clothes,311,173,260,87,433,122
13432,img/img_00083504.jpg,full-body clothes,270,82,179,97,353,83
13433,img/img_00083510.jpg,full-body clothes,214,33,112,79,274,60
13434,img/img_00083513.jpg,full-body clothes,162,63,176,113,217,55
13435,img/img_00083517.jpg,full-body clothes,249,46,153,107,314,65
13436,img/img_00083520.jpg,full-body clothes,150,39,118,79,202,52
13437,img/img_00083523.jpg,full-body clothes,303,101,175,74,378,75
13438,img/img_00083525.jpg,full-body clothes,321,113,228,115,447,126
13439,img/img_00083527.jpg,full-body clothes,164,53,131,78,224,60
13440,img/img_00083533.jpg,full-body clothes,135,77,145,68,200,65
13441,img/img_00083537.jpg,full-body clothes,359,81,235,154,479,120
13442,img/img_00083542.jpg,full-body clothes,222,129,172,43,270,48
13443,img/img_00083550.jpg,full-body clothes,154,111,151,40,229,75
13444,img/img_00083553.jpg,full-body clothes,342,123,205,82,476,134
13445,img/img_00083555.jpg,full-body clothes,156,121,249,128,281,125
13446,img/img_00083559.jpg,full-body clothes,273,148,233,85,318,45
13447,img/img_00083572.jpg,full-body clothes,364,138,234,96,484,120
13448,img/img_00083573.jpg,full-body clothes,341,102,242,140,467,126
13449,img/img_00083581.jpg,full-body clothes,276,149,247,98,391,115
13450,img/img_00083582.jpg,full-body clothes,120,79,200,121,169,49
13451,img/img_00083587.jpg,full-body clothes,333,124,284,160,447,114
13452,img/img_00083594.jpg,full-body clothes,325,60,232,172,444,119
13453,img/img_00083615.jpg,upper-body clothes,129,79,185,106,179,50
13454,img/img_00083618.jpg,upper-body clothes,180,89,178,89,308,128
13455,img/img_00083619.jpg,upper-body clothes,229,100,269,169,361,132
13456,img/img_00083639.jpg,lower-body clothes,300,72,212,140,497,197
13457,img/img_00083641.jpg,lower-body clothes,230,63,237,174,396,166
13458,img/img_00083654.jpg,lower-body clothes,232,72,173,101,476,244
13459,img/img_00083666.jpg,lower-body clothes,272,84,180,96,479,207
13460,img/img_00083667.jpg,lower-body clothes,292,93,295,202,502,210
13461,img/img_00083674.jpg,upper-body clothes,209,255,255,0,209,0
13462,img/img_00083679.jpg,upper-body clothes,276,189,257,68,419,143
13463,img/img_00083683.jpg,upper-body clothes,131,109,145,36,243,112
13464,img/img_00083685.jpg,upper-body clothes,284,47,208,161,401,117
13465,img/img_00083698.jpg,upper-body clothes,120,107,184,77,180,60
13466,img/img_00083703.jpg,upper-body clothes,80,66,149,83,115,35
13467,img/img_00083705.jpg,upper-body clothes,203,240,407,167,332,129
13468,img/img_00083711.jpg,upper-body clothes,162,129,213,84,269,107
13469,img/img_00083713.jpg,lower-body clothes,102,117,160,43,156,54
13470,img/img_00083725.jpg,lower-body clothes,405,328,328,0,405,0
13471,img/img_00083727.jpg,lower-body clothes,119,18,165,147,166,47
13472,img/img_00083728.jpg,lower-body clothes,203,172,211,39,223,20
13473,img/img_00083731.jpg,lower-body clothes,275,80,214,134,370,95
13474,img/img_00083737.jpg,lower-body clothes,92,112,190,78,279,187
13475,img/img_00083743.jpg,lower-body clothes,118,152,201,49,383,265
13476,img/img_00083744.jpg,lower-body clothes,72,80,158,78,223,151
13477,img/img_00083750.jpg,lower-body clothes,109,120,202,82,321,212
13478,img/img_00083757.jpg,lower-body clothes,434,158,333,175,469,35
13479,img/img_00083764.jpg,lower-body clothes,449,148,330,182,464,15
13480,img/img_00083766.jpg,lower-body clothes,446,137,324,187,453,7
13481,img/img_00083774.jpg,lower-body clothes,274,95,158,63,294,20
13482,img/img_00083780.jpg,lower-body clothes,444,167,267,100,449,5
13483,img/img_00083791.jpg,lower-body clothes,173,138,314,176,199,26
13484,img/img_00083801.jpg,lower-body clothes,188,167,244,77,209,21
13485,img/img_00083802.jpg,lower-body clothes,123,93,147,54,127,4
13486,img/img_00083804.jpg,lower-body clothes,181,167,223,56,487,306
13487,img/img_00083805.jpg,lower-body clothes,135,129,227,98,144,9
13488,img/img_00083808.jpg,lower-body clothes,128,115,208,93,349,221
13489,img/img_00083811.jpg,lower-body clothes,203,146,165,19,253,50
13490,img/img_00083813.jpg,lower-body clothes,104,82,162,80,331,227
13491,img/img_00083814.jpg,lower-body clothes,215,89,211,122,415,200
13492,img/img_00083816.jpg,lower-body clothes,227,130,206,76,228,1
13493,img/img_00083817.jpg,lower-body clothes,439,128,353,225,467,28
13494,img/img_00083819.jpg,lower-body clothes,363,128,331,203,450,87
13495,img/img_00083820.jpg,lower-body clothes,211,68,173,105,242,31
13496,img/img_00083833.jpg,lower-body clothes,329,264,310,46,347,18
13497,img/img_00083857.jpg,lower-body clothes,68,96,232,136,331,263
13498,img/img_00083867.jpg,full-body clothes,305,77,234,157,414,109
13499,img/img_00083869.jpg,full-body clothes,315,40,138,98,444,129
13500,img/img_00083888.jpg,full-body clothes,329,177,264,87,460,131
13501,img/img_00083891.jpg,full-body clothes,302,256,256,0,302,0
13502,img/img_00083902.jpg,lower-body clothes,66,77,139,62,232,166
13503,img/img_00083907.jpg,full-body clothes,200,104,250,146,321,121
13504,img/img_00083908.jpg,full-body clothes,298,240,240,0,298,0
13505,img/img_00083912.jpg,full-body clothes,461,308,345,37,473,12
13506,img/img_00083926.jpg,lower-body clothes,172,124,236,112,353,181
13507,img/img_00083927.jpg,lower-body clothes,224,202,246,44,459,235
13508,img/img_00083928.jpg,lower-body clothes,123,49,446,397,244,121
13509,img/img_00083929.jpg,lower-body clothes,145,140,262,122,464,319
13510,img/img_00083938.jpg,full-body clothes,318,59,199,140,452,134
13511,img/img_00083942.jpg,full-body clothes,336,82,178,96,477,141
13512,img/img_00083953.jpg,full-body clothes,417,301,308,7,439,22
13513,img/img_00083955.jpg,full-body clothes,212,228,228,0,212,0
13514,img/img_00083973.jpg,upper-body clothes,225,159,229,70,361,136
13515,img/img_00083978.jpg,upper-body clothes,220,169,255,86,367,147
13516,img/img_00083979.jpg,upper-body clothes,198,149,214,65,297,99
13517,img/img_00083980.jpg,upper-body clothes,138,126,215,89,238,100
13518,img/img_00083990.jpg,full-body clothes,367,63,184,121,473,106
13519,img/img_00083995.jpg,full-body clothes,55,134,134,0,55,0
13520,img/img_00083996.jpg,full-body clothes,133,205,205,0,133,0
13521,img/img_00083999.jpg,full-body clothes,175,178,178,0,175,0
13522,img/img_00084011.jpg,full-body clothes,310,69,199,130,438,128
13523,img/img_00084025.jpg,full-body clothes,320,71,231,160,394,74
13524,img/img_00084031.jpg,full-body clothes,470,233,233,0,470,0
13525,img/img_00084037.jpg,full-body clothes,417,122,186,64,494,77
13526,img/img_00084042.jpg,full-body clothes,339,62,167,105,467,128
13527,img/img_00084043.jpg,full-body clothes,379,122,244,122,456,77
13528,img/img_00084047.jpg,full-body clothes,446,238,308,70,473,27
13529,img/img_00084053.jpg,full-body clothes,293,160,263,103,346,53
13530,img/img_00084058.jpg,full-body clothes,325,44,210,166,442,117
13531,img/img_00084061.jpg,full-body clothes,341,166,253,87,459,118
13532,img/img_00084065.jpg,full-body clothes,398,132,235,103,458,60
13533,img/img_00084067.jpg,full-body clothes,279,166,214,48,420,141
13534,img/img_00084071.jpg,full-body clothes,371,239,284,45,440,69
13535,img/img_00084082.jpg,full-body clothes,244,90,214,124,326,82
13536,img/img_00084084.jpg,full-body clothes,330,92,374,282,452,122
13537,img/img_00084091.jpg,upper-body clothes,344,274,274,0,344,0
13538,img/img_00084092.jpg,upper-body clothes,416,294,338,44,463,47
13539,img/img_00084095.jpg,upper-body clothes,510,346,346,0,510,0
13540,img/img_00084096.jpg,upper-body clothes,179,115,239,124,236,57
13541,img/img_00084110.jpg,full-body clothes,308,234,234,0,308,0
13542,img/img_00084128.jpg,full-body clothes,486,245,245,0,486,0
13543,img/img_00084133.jpg,full-body clothes,396,316,316,0,396,0
13544,img/img_00084138.jpg,full-body clothes,368,143,261,118,457,89
13545,img/img_00084155.jpg,full-body clothes,395,315,315,0,395,0
13546,img/img_00084165.jpg,full-body clothes,309,88,214,126,394,85
13547,img/img_00084169.jpg,full-body clothes,370,102,235,133,474,104
13548,img/img_00084171.jpg,full-body clothes,293,164,240,76,409,116
13549,img/img_00084186.jpg,full-body clothes,307,173,262,89,404,97
13550,img/img_00084188.jpg,full-body clothes,305,355,355,0,305,0
13551,img/img_00084193.jpg,full-body clothes,298,34,181,147,392,94
13552,img/img_00084200.jpg,upper-body clothes,116,254,254,0,116,0
13553,img/img_00084207.jpg,upper-body clothes,27,138,138,0,27,0
13554,img/img_00084208.jpg,upper-body clothes,264,226,272,46,317,53
13555,img/img_00084220.jpg,upper-body clothes,322,280,389,109,453,131
13556,img/img_00084231.jpg,full-body clothes,443,261,261,0,443,0
13557,img/img_00084235.jpg,full-body clothes,180,107,467,360,245,65
13558,img/img_00084237.jpg,full-body clothes,169,456,456,0,169,0
13559,img/img_00084250.jpg,full-body clothes,287,223,305,82,404,117
13560,img/img_00084251.jpg,full-body clothes,428,254,254,0,428,0
13561,img/img_00084253.jpg,full-body clothes,301,150,155,5,363,62
13562,img/img_00084264.jpg,full-body clothes,136,58,138,80,194,58
13563,img/img_00084268.jpg,full-body clothes,282,100,201,101,392,110
13564,img/img_00084270.jpg,full-body clothes,311,147,228,81,431,120
13565,img/img_00084271.jpg,full-body clothes,201,91,199,108,277,76
13566,img/img_00084277.jpg,full-body clothes,304,133,264,131,430,126
13567,img/img_00084278.jpg,full-body clothes,211,118,264,146,307,96
13568,img/img_00084284.jpg,full-body clothes,187,68,222,154,266,79
13569,img/img_00084293.jpg,full-body clothes,192,49,230,181,275,83
13570,img/img_00084296.jpg,full-body clothes,168,44,97,53,234,66
13571,img/img_00084318.jpg,full-body clothes,158,82,230,148,303,145
13572,img/img_00084334.jpg,lower-body clothes,49,91,167,76,271,222
13573,img/img_00084340.jpg,lower-body clothes,148,153,226,73,414,266
13574,img/img_00084344.jpg,upper-body clothes,292,386,386,0,292,0
13575,img/img_00084357.jpg,full-body clothes,355,188,284,96,479,124
13576,img/img_00084362.jpg,full-body clothes,119,57,171,114,177,58
13577,img/img_00084366.jpg,full-body clothes,170,79,136,57,234,64
13578,img/img_00084367.jpg,full-body clothes,154,55,187,132,203,49
13579,img/img_00084369.jpg,full-body clothes,353,107,207,100,467,114
13580,img/img_00084382.jpg,upper-body clothes,202,201,279,78,291,89
13581,img/img_00084383.jpg,upper-body clothes,136,42,129,87,206,70
13582,img/img_00084393.jpg,full-body clothes,334,111,224,113,428,94
13583,img/img_00084397.jpg,full-body clothes,391,97,229,132,492,101
13584,img/img_00084409.jpg,full-body clothes,358,150,233,83,489,131
13585,img/img_00084412.jpg,upper-body clothes,266,205,271,66,430,164
13586,img/img_00084416.jpg,upper-body clothes,230,76,178,102,311,81
13587,img/img_00084417.jpg,upper-body clothes,136,39,124,85,205,69
13588,img/img_00084432.jpg,upper-body clothes,333,371,371,0,333,0
13589,img/img_00084433.jpg,upper-body clothes,342,167,211,44,476,134
13590,img/img_00084434.jpg,upper-body clothes,87,92,179,87,146,59
13591,img/img_00084437.jpg,upper-body clothes,462,382,382,0,462,0
13592,img/img_00084438.jpg,upper-body clothes,404,439,439,0,404,0
13593,img/img_00084441.jpg,upper-body clothes,195,201,201,0,195,0
13594,img/img_00084442.jpg,upper-body clothes,220,284,296,12,273,53
13595,img/img_00084444.jpg,upper-body clothes,45,53,119,66,117,72
13596,img/img_00084449.jpg,upper-body clothes,48,116,116,0,48,0
13597,img/img_00084451.jpg,upper-body clothes,286,316,316,0,286,0
13598,img/img_00084452.jpg,upper-body clothes,114,324,324,0,114,0
13599,img/img_00084456.jpg,full-body clothes,173,87,195,108,246,73
13600,img/img_00084465.jpg,full-body clothes,390,133,248,115,405,15
13601,img/img_00084466.jpg,full-body clothes,342,157,358,201,465,123
13602,img/img_00084468.jpg,full-body clothes,478,234,234,0,478,0
13603,img/img_00084469.jpg,full-body clothes,253,91,178,87,334,81
13604,img/img_00084479.jpg,full-body clothes,228,118,195,77,353,125
13605,img/img_00084480.jpg,full-body clothes,333,250,294,44,350,17
13606,img/img_00084483.jpg,full-body clothes,353,147,277,130,485,132
13607,img/img_00084489.jpg,full-body clothes,354,163,331,168,452,98
13608,img/img_00084491.jpg,full-body clothes,202,106,242,136,284,82
13609,img/img_00084493.jpg,full-body clothes,168,95,186,91,222,54
13610,img/img_00084499.jpg,full-body clothes,271,222,222,0,271,0
13611,img/img_00084510.jpg,full-body clothes,373,159,242,83,485,112
13612,img/img_00084522.jpg,full-body clothes,323,129,232,103,439,116
13613,img/img_00084525.jpg,full-body clothes,220,111,198,87,291,71
13614,img/img_00084535.jpg,full-body clothes,165,58,100,42,201,36
13615,img/img_00084540.jpg,full-body clothes,329,184,246,62,456,127
13616,img/img_00084541.jpg,full-body clothes,388,205,274,69,482,94
13617,img/img_00084543.jpg,full-body clothes,271,58,189,131,356,85
13618,img/img_00084544.jpg,full-body clothes,263,243,300,57,347,84
13619,img/img_00084545.jpg,full-body clothes,352,161,244,83,462,110
13620,img/img_00084550.jpg,full-body clothes,322,76,303,227,453,131
13621,img/img_00084554.jpg,full-body clothes,342,204,257,53,435,93
13622,img/img_00084556.jpg,full-body clothes,231,123,314,191,314,83
13623,img/img_00084557.jpg,full-body clothes,331,209,291,82,434,103
13624,img/img_00084558.jpg,full-body clothes,365,192,247,55,477,112
13625,img/img_00084561.jpg,full-body clothes,134,83,201,118,177,43
13626,img/img_00084568.jpg,full-body clothes,267,163,246,83,349,82
13627,img/img_00084575.jpg,full-body clothes,222,107,166,59,284,62
13628,img/img_00084584.jpg,full-body clothes,218,115,224,109,294,76
13629,img/img_00084588.jpg,full-body clothes,224,121,226,105,303,79
13630,img/img_00084601.jpg,full-body clothes,248,303,303,0,248,0
13631,img/img_00084604.jpg,full-body clothes,343,193,242,49,460,117
13632,img/img_00084606.jpg,full-body clothes,164,96,140,44,271,107
13633,img/img_00084613.jpg,upper-body clothes,99,50,172,122,223,124
13634,img/img_00084615.jpg,upper-body clothes,111,111,165,54,195,84
13635,img/img_00084617.jpg,upper-body clothes,112,47,122,75,169,57
13636,img/img_00084620.jpg,upper-body clothes,157,278,278,0,157,0
13637,img/img_00084631.jpg,upper-body clothes,296,168,255,87,450,154
13638,img/img_00084636.jpg,upper-body clothes,219,142,246,104,291,72
13639,img/img_00084637.jpg,upper-body clothes,286,243,248,5,326,40
13640,img/img_00084647.jpg,full-body clothes,339,282,464,182,502,163
13641,img/img_00084648.jpg,full-body clothes,190,118,253,135,277,87
13642,img/img_00084654.jpg,full-body clothes,335,190,299,109,466,131
13643,img/img_00084655.jpg,full-body clothes,103,60,140,80,146,43
13644,img/img_00084665.jpg,upper-body clothes,208,130,318,188,362,154
13645,img/img_00084681.jpg,full-body clothes,205,119,165,46,298,93
13646,img/img_00084683.jpg,full-body clothes,237,74,187,113,289,52
13647,img/img_00084692.jpg,full-body clothes,407,169,179,10,493,86
13648,img/img_00084703.jpg,full-body clothes,337,240,240,0,337,0
13649,img/img_00084705.jpg,full-body clothes,373,284,325,41,447,74
13650,img/img_00084715.jpg,full-body clothes,350,189,260,71,444,94
13651,img/img_00084716.jpg,full-body clothes,358,235,287,52,450,92
13652,img/img_00084722.jpg,full-body clothes,342,249,249,0,342,0
13653,img/img_00084733.jpg,full-body clothes,310,326,326,0,310,0
13654,img/img_00084735.jpg,full-body clothes,263,123,229,106,343,80
13655,img/img_00084742.jpg,full-body clothes,213,169,258,89,307,94
13656,img/img_00084745.jpg,lower-body clothes,150,109,256,147,288,138
13657,img/img_00084749.jpg,lower-body clothes,169,186,247,61,329,160
13658,img/img_00084759.jpg,upper-body clothes,219,158,228,70,264,45
13659,img/img_00084764.jpg,upper-body clothes,177,178,450,272,234,57
13660,img/img_00084765.jpg,upper-body clothes,362,296,316,20,472,110
13661,img/img_00084771.jpg,full-body clothes,209,417,417,0,209,0
13662,img/img_00084780.jpg,full-body clothes,501,286,286,0,501,0
13663,img/img_00084787.jpg,full-body clothes,181,247,247,0,181,0
13664,img/img_00084793.jpg,full-body clothes,350,140,291,151,483,133
13665,img/img_00084799.jpg,full-body clothes,442,203,358,155,477,35
13666,img/img_00084801.jpg,full-body clothes,408,153,187,34,489,81
13667,img/img_00084802.jpg,full-body clothes,245,97,173,76,317,72
13668,img/img_00084812.jpg,full-body clothes,266,207,207,0,266,0
13669,img/img_00084816.jpg,upper-body clothes,213,155,254,99,388,175
13670,img/img_00084828.jpg,upper-body clothes,110,110,326,216,205,95
13671,img/img_00084836.jpg,full-body clothes,181,86,129,43,244,63
13672,img/img_00084840.jpg,full-body clothes,359,176,243,67,484,125
13673,img/img_00084842.jpg,full-body clothes,285,65,195,130,373,88
13674,img/img_00084847.jpg,full-body clothes,363,166,228,62,496,133
13675,img/img_00084879.jpg,full-body clothes,247,102,187,85,326,79
13676,img/img_00084882.jpg,full-body clothes,356,169,237,68,490,134
13677,img/img_00084883.jpg,full-body clothes,305,191,263,72,423,118
13678,img/img_00084885.jpg,full-body clothes,324,141,310,169,453,129
13679,img/img_00084892.jpg,lower-body clothes,74,99,220,121,270,196
13680,img/img_00084896.jpg,lower-body clothes,124,158,243,85,409,285
13681,img/img_00084897.jpg,lower-body clothes,70,108,250,142,285,215
13682,img/img_00084899.jpg,lower-body clothes,99,129,272,143,288,189
13683,img/img_00084900.jpg,lower-body clothes,118,133,239,106,373,255
13684,img/img_00084903.jpg,lower-body clothes,72,77,173,96,221,149
13685,img/img_00084909.jpg,lower-body clothes,175,90,196,106,365,190
13686,img/img_00084910.jpg,lower-body clothes,171,156,281,125,402,231
13687,img/img_00084917.jpg,full-body clothes,346,50,137,87,465,119
13688,img/img_00084920.jpg,full-body clothes,152,81,158,77,208,56
13689,img/img_00084927.jpg,full-body clothes,330,252,252,0,330,0
13690,img/img_00084941.jpg,full-body clothes,276,320,329,9,403,127
13691,img/img_00084944.jpg,lower-body clothes,76,83,142,59,231,155
13692,img/img_00084945.jpg,lower-body clothes,76,121,194,73,322,246
13693,img/img_00084948.jpg,lower-body clothes,79,89,122,33,230,151
13694,img/img_00084951.jpg,lower-body clothes,66,95,204,109,264,198
13695,img/img_00084954.jpg,full-body clothes,209,231,231,0,209,0
13696,img/img_00084962.jpg,full-body clothes,190,264,264,0,190,0
13697,img/img_00084963.jpg,full-body clothes,212,238,238,0,212,0
13698,img/img_00084971.jpg,full-body clothes,345,237,237,0,345,0
13699,img/img_00084973.jpg,full-body clothes,203,50,122,72,240,37
13700,img/img_00084978.jpg,full-body clothes,255,157,157,0,255,0
13701,img/img_00084983.jpg,full-body clothes,488,406,406,0,488,0
13702,img/img_00084988.jpg,full-body clothes,260,212,212,0,260,0
13703,img/img_00084993.jpg,full-body clothes,186,165,165,0,186,0
13704,img/img_00085013.jpg,full-body clothes,329,226,284,58,471,142
13705,img/img_00085015.jpg,full-body clothes,347,260,313,53,481,134
13706,img/img_00085019.jpg,full-body clothes,181,43,231,188,309,128
13707,img/img_00085021.jpg,full-body clothes,320,217,278,61,460,140
13708,img/img_00085022.jpg,full-body clothes,212,145,178,33,285,73
13709,img/img_00085023.jpg,full-body clothes,104,52,145,93,115,11
13710,img/img_00085025.jpg,full-body clothes,190,393,393,0,190,0
13711,img/img_00085026.jpg,full-body clothes,311,340,340,0,311,0
13712,img/img_00085033.jpg,full-body clothes,349,112,224,112,468,119
13713,img/img_00085046.jpg,full-body clothes,418,362,362,0,418,0
13714,img/img_00085056.jpg,upper-body clothes,185,128,331,203,282,97
13715,img/img_00085077.jpg,full-body clothes,189,66,186,120,279,90
13716,img/img_00085082.jpg,full-body clothes,343,194,314,120,452,109
13717,img/img_00085089.jpg,full-body clothes,175,99,129,30,250,75
13718,img/img_00085090.jpg,full-body clothes,357,176,283,107,488,131
13719,img/img_00085094.jpg,full-body clothes,323,163,272,109,448,125
13720,img/img_00085096.jpg,full-body clothes,256,193,273,80,333,77
13721,img/img_00085097.jpg,full-body clothes,244,104,338,234,358,114
13722,img/img_00085100.jpg,full-body clothes,164,73,145,72,215,51
13723,img/img_00085108.jpg,lower-body clothes,186,86,313,227,487,301
13724,img/img_00085114.jpg,lower-body clothes,71,131,438,307,368,297
13725,img/img_00085115.jpg,lower-body clothes,143,115,191,76,444,301
13726,img/img_00085122.jpg,full-body clothes,338,285,285,0,338,0
13727,img/img_00085143.jpg,full-body clothes,489,168,168,0,489,0
13728,img/img_00085144.jpg,full-body clothes,344,233,303,70,469,125
13729,img/img_00085149.jpg,lower-body clothes,144,61,199,138,365,221
13730,img/img_00085154.jpg,lower-body clothes,178,94,267,173,325,147
13731,img/img_00085158.jpg,lower-body clothes,128,81,240,159,349,221
13732,img/img_00085172.jpg,full-body clothes,367,147,269,122,485,118
13733,img/img_00085177.jpg,full-body clothes,131,69,86,17,163,32
13734,img/img_00085178.jpg,full-body clothes,377,117,251,134,489,112
13735,img/img_00085180.jpg,full-body clothes,272,139,318,179,379,107
13736,img/img_00085191.jpg,upper-body clothes,260,226,360,134,434,174
13737,img/img_00085200.jpg,full-body clothes,346,210,306,96,466,120
13738,img/img_00085201.jpg,full-body clothes,250,116,190,74,270,20
13739,img/img_00085204.jpg,full-body clothes,227,144,158,14,321,94
13740,img/img_00085205.jpg,full-body clothes,382,142,292,150,494,112
13741,img/img_00085206.jpg,full-body clothes,204,58,175,117,292,88
13742,img/img_00085229.jpg,full-body clothes,254,142,253,111,339,85
13743,img/img_00085230.jpg,full-body clothes,110,53,145,92,152,42
13744,img/img_00085249.jpg,full-body clothes,353,180,254,74,487,134
13745,img/img_00085253.jpg,full-body clothes,230,150,251,101,492,262
13746,img/img_00085266.jpg,lower-body clothes,187,330,335,5,332,145
13747,img/img_00085270.jpg,lower-body clothes,297,392,435,43,349,52
13748,img/img_00085279.jpg,full-body clothes,222,214,218,4,298,76
13749,img/img_00085285.jpg,lower-body clothes,383,294,294,0,383,0
13750,img/img_00085286.jpg,lower-body clothes,187,175,269,94,447,260
13751,img/img_00085294.jpg,full-body clothes,271,48,186,138,413,142
13752,img/img_00085296.jpg,full-body clothes,414,237,237,0,414,0
13753,img/img_00085303.jpg,full-body clothes,446,269,269,0,446,0
13754,img/img_00085306.jpg,full-body clothes,378,87,291,204,495,117
13755,img/img_00085313.jpg,full-body clothes,497,214,214,0,497,0
13756,img/img_00085323.jpg,lower-body clothes,154,210,268,58,413,259
13757,img/img_00085332.jpg,upper-body clothes,174,182,217,35,269,95
13758,img/img_00085333.jpg,upper-body clothes,223,171,185,14,243,20
13759,img/img_00085337.jpg,full-body clothes,312,84,197,113,432,120
13760,img/img_00085339.jpg,full-body clothes,201,102,164,62,281,80
13761,img/img_00085341.jpg,full-body clothes,256,62,180,118,449,193
13762,img/img_00085352.jpg,upper-body clothes,319,219,272,53,461,142
13763,img/img_00085358.jpg,upper-body clothes,227,222,222,0,227,0
13764,img/img_00085359.jpg,upper-body clothes,259,75,170,95,362,103
13765,img/img_00085362.jpg,upper-body clothes,265,298,298,0,265,0
13766,img/img_00085363.jpg,full-body clothes,228,65,161,96,271,43
13767,img/img_00085366.jpg,full-body clothes,401,92,249,157,475,74
13768,img/img_00085385.jpg,full-body clothes,219,169,169,0,219,0
13769,img/img_00085386.jpg,full-body clothes,315,117,230,113,399,84
13770,img/img_00085390.jpg,full-body clothes,386,80,232,152,474,88
13771,img/img_00085398.jpg,full-body clothes,258,97,243,146,375,117
13772,img/img_00085401.jpg,full-body clothes,202,86,136,50,267,65
13773,img/img_00085403.jpg,full-body clothes,313,182,255,73,432,119
13774,img/img_00085405.jpg,full-body clothes,299,82,178,96,426,127
13775,img/img_00085408.jpg,full-body clothes,256,139,219,80,358,102
13776,img/img_00085412.jpg,full-body clothes,317,181,229,48,437,120
13777,img/img_00085417.jpg,full-body clothes,337,137,239,102,463,126
13778,img/img_00085419.jpg,full-body clothes,225,130,178,48,318,93
13779,img/img_00085423.jpg,full-body clothes,255,236,384,148,359,104
13780,img/img_00085427.jpg,full-body clothes,371,98,217,119,478,107
13781,img/img_00085430.jpg,full-body clothes,353,197,296,99,486,133
13782,img/img_00085435.jpg,upper-body clothes,316,176,176,0,316,0
13783,img/img_00085436.jpg,upper-body clothes,229,173,264,91,364,135
13784,img/img_00085437.jpg,upper-body clothes,125,82,170,88,202,77
13785,img/img_00085445.jpg,upper-body clothes,161,91,138,47,231,70
13786,img/img_00085446.jpg,upper-body clothes,331,229,286,57,486,155
13787,img/img_00085450.jpg,full-body clothes,189,105,171,66,258,69
13788,img/img_00085451.jpg,full-body clothes,329,168,272,104,469,140
13789,img/img_00085456.jpg,full-body clothes,358,336,352,16,414,56
13790,img/img_00085467.jpg,lower-body clothes,153,115,194,79,158,5
13791,img/img_00085470.jpg,lower-body clothes,108,48,187,139,288,180
13792,img/img_00085474.jpg,lower-body clothes,210,191,300,109,240,30
13793,img/img_00085476.jpg,lower-body clothes,217,288,288,0,217,0
13794,img/img_00085477.jpg,lower-body clothes,268,79,246,167,288,20
13795,img/img_00085479.jpg,full-body clothes,394,144,232,88,494,100
13796,img/img_00085489.jpg,full-body clothes,440,245,245,0,440,0
13797,img/img_00085501.jpg,upper-body clothes,237,162,348,186,374,137
13798,img/img_00085502.jpg,upper-body clothes,125,95,229,134,208,83
13799,img/img_00085508.jpg,upper-body clothes,261,339,339,0,261,0
13800,img/img_00085513.jpg,upper-body clothes,281,108,221,113,442,161
13801,img/img_00085524.jpg,full-body clothes,284,129,302,173,365,81
13802,img/img_00085530.jpg,full-body clothes,452,102,209,107,498,46
13803,img/img_00085531.jpg,full-body clothes,441,178,459,281,473,32
13804,img/img_00085532.jpg,full-body clothes,348,100,273,173,470,122
13805,img/img_00085536.jpg,full-body clothes,297,92,217,125,419,122
13806,img/img_00085549.jpg,upper-body clothes,246,206,206,0,246,0
13807,img/img_00085555.jpg,upper-body clothes,271,127,254,127,392,121
13808,img/img_00085556.jpg,upper-body clothes,166,84,210,126,262,96
13809,img/img_00085576.jpg,full-body clothes,263,113,184,71,362,99
13810,img/img_00085581.jpg,full-body clothes,328,112,227,115,444,116
13811,img/img_00085583.jpg,full-body clothes,222,123,268,145,290,68
13812,img/img_00085590.jpg,full-body clothes,334,156,233,77,473,139
13813,img/img_00085593.jpg,full-body clothes,246,103,193,90,335,89
13814,img/img_00085600.jpg,full-body clothes,292,146,231,85,398,106
13815,img/img_00085603.jpg,full-body clothes,146,64,146,82,190,44
13816,img/img_00085605.jpg,full-body clothes,216,188,220,32,298,82
13817,img/img_00085607.jpg,full-body clothes,299,109,196,87,383,84
13818,img/img_00085609.jpg,full-body clothes,350,114,207,93,479,129
13819,img/img_00085623.jpg,full-body clothes,340,275,336,61,405,65
13820,img/img_00085629.jpg,full-body clothes,429,115,237,122,507,78
13821,img/img_00085631.jpg,lower-body clothes,208,163,229,66,482,274
13822,img/img_00085635.jpg,lower-body clothes,144,16,165,149,443,299
13823,img/img_00085636.jpg,lower-body clothes,228,343,371,28,348,120
13824,img/img_00085647.jpg,full-body clothes,271,135,200,65,325,54
13825,img/img_00085650.jpg,full-body clothes,482,291,291,0,482,0
13826,img/img_00085656.jpg,lower-body clothes,248,136,349,213,269,21
13827,img/img_00085666.jpg,full-body clothes,148,68,156,88,205,57
13828,img/img_00085674.jpg,full-body clothes,177,105,217,112,253,76
13829,img/img_00085687.jpg,full-body clothes,201,101,251,150,291,90
13830,img/img_00085696.jpg,full-body clothes,233,122,173,51,314,81
13831,img/img_00085703.jpg,lower-body clothes,114,74,214,140,434,320
13832,img/img_00085714.jpg,full-body clothes,337,120,320,200,476,139
13833,img/img_00085719.jpg,full-body clothes,403,81,174,93,481,78
13834,img/img_00085725.jpg,full-body clothes,370,30,214,184,447,77
13835,img/img_00085729.jpg,full-body clothes,282,82,160,78,336,54
13836,img/img_00085730.jpg,full-body clothes,116,102,102,0,116,0
13837,img/img_00085736.jpg,full-body clothes,326,165,274,109,405,79
13838,img/img_00085737.jpg,full-body clothes,391,102,269,167,469,78
13839,img/img_00085740.jpg,lower-body clothes,206,115,231,116,390,184
13840,img/img_00085759.jpg,full-body clothes,345,146,238,92,458,113
13841,img/img_00085763.jpg,full-body clothes,391,52,184,132,491,100
13842,img/img_00085765.jpg,full-body clothes,274,60,216,156,371,97
13843,img/img_00085770.jpg,lower-body clothes,245,48,205,157,403,158
13844,img/img_00085780.jpg,full-body clothes,184,135,135,0,184,0
13845,img/img_00085789.jpg,full-body clothes,344,222,283,61,456,112
13846,img/img_00085794.jpg,full-body clothes,389,82,230,148,501,112
13847,img/img_00085796.jpg,full-body clothes,150,268,268,0,150,0
13848,img/img_00085804.jpg,full-body clothes,390,84,280,196,474,84
13849,img/img_00085807.jpg,full-body clothes,348,81,221,140,447,99
13850,img/img_00085811.jpg,full-body clothes,412,119,261,142,495,83
13851,img/img_00085818.jpg,full-body clothes,246,294,294,0,246,0
13852,img/img_00085820.jpg,full-body clothes,339,131,187,56,413,74
13853,img/img_00085832.jpg,lower-body clothes,72,76,178,102,240,168
13854,img/img_00085834.jpg,lower-body clothes,342,257,257,0,342,0
13855,img/img_00085837.jpg,lower-body clothes,88,84,222,138,283,195
13856,img/img_00085838.jpg,lower-body clothes,220,95,234,139,464,244
13857,img/img_00085845.jpg,full-body clothes,240,118,227,109,327,87
13858,img/img_00085854.jpg,full-body clothes,289,165,242,77,454,165
13859,img/img_00085858.jpg,upper-body clothes,345,107,235,128,474,129
13860,img/img_00085859.jpg,upper-body clothes,228,111,222,111,351,123
13861,img/img_00085862.jpg,upper-body clothes,236,263,263,0,236,0
13862,img/img_00085870.jpg,full-body clothes,354,34,185,151,490,136
13863,img/img_00085887.jpg,lower-body clothes,287,148,148,0,287,0
13864,img/img_00085892.jpg,lower-body clothes,381,101,219,118,396,15
13865,img/img_00085898.jpg,lower-body clothes,308,133,244,111,430,122
13866,img/img_00085901.jpg,lower-body clothes,138,48,153,105,329,191
13867,img/img_00085916.jpg,lower-body clothes,275,80,210,130,460,185
13868,img/img_00085918.jpg,lower-body clothes,353,92,240,148,387,34
13869,img/img_00085920.jpg,lower-body clothes,204,48,186,138,448,244
13870,img/img_00085923.jpg,full-body clothes,420,59,190,131,504,84
13871,img/img_00085925.jpg,full-body clothes,306,106,214,108,374,68
13872,img/img_00085928.jpg,full-body clothes,376,98,239,141,461,85
13873,img/img_00085930.jpg,full-body clothes,171,240,240,0,171,0
13874,img/img_00085942.jpg,full-body clothes,273,52,196,144,379,106
13875,img/img_00085950.jpg,full-body clothes,385,170,269,99,504,119
13876,img/img_00085951.jpg,full-body clothes,231,89,227,138,332,101
13877,img/img_00085958.jpg,full-body clothes,177,58,188,130,342,165
13878,img/img_00085962.jpg,full-body clothes,176,50,168,118,340,164
13879,img/img_00085964.jpg,full-body clothes,176,71,130,59,240,64
13880,img/img_00085977.jpg,full-body clothes,332,66,262,196,439,107
13881,img/img_00085982.jpg,full-body clothes,213,109,191,82,317,104
13882,img/img_00085996.jpg,upper-body clothes,124,80,141,61,194,70
13883,img/img_00086009.jpg,lower-body clothes,136,155,252,97,472,336
13884,img/img_00086014.jpg,upper-body clothes,325,268,268,0,325,0
13885,img/img_00086024.jpg,upper-body clothes,198,121,132,11,210,12
13886,img/img_00086033.jpg,full-body clothes,497,438,438,0,497,0
13887,img/img_00086038.jpg,upper-body clothes,272,379,379,0,272,0
13888,img/img_00086039.jpg,upper-body clothes,248,160,274,114,314,66
13889,img/img_00086043.jpg,upper-body clothes,277,225,445,220,300,23
13890,img/img_00086057.jpg,full-body clothes,388,34,230,196,471,83
13891,img/img_00086060.jpg,upper-body clothes,232,113,228,115,375,143
13892,img/img_00086062.jpg,upper-body clothes,276,128,249,121,390,114
13893,img/img_00086064.jpg,upper-body clothes,151,106,249,143,282,131
13894,img/img_00086066.jpg,upper-body clothes,254,134,230,96,382,128
13895,img/img_00086068.jpg,upper-body clothes,130,205,205,0,130,0
13896,img/img_00086070.jpg,upper-body clothes,214,113,218,105,350,136
13897,img/img_00086072.jpg,upper-body clothes,156,89,249,160,284,128
13898,img/img_00086076.jpg,upper-body clothes,269,113,207,94,400,131
13899,img/img_00086080.jpg,upper-body clothes,255,420,420,0,255,0
13900,img/img_00086084.jpg,upper-body clothes,113,69,69,0,113,0
13901,img/img_00086095.jpg,full-body clothes,490,326,344,18,506,16
13902,img/img_00086099.jpg,full-body clothes,204,204,204,0,204,0
13903,img/img_00086101.jpg,full-body clothes,453,327,327,0,453,0
13904,img/img_00086117.jpg,full-body clothes,316,103,243,140,438,122
13905,img/img_00086125.jpg,full-body clothes,320,152,239,87,460,140
13906,img/img_00086134.jpg,full-body clothes,345,274,274,0,345,0
13907,img/img_00086156.jpg,full-body clothes,339,218,281,63,452,113
13908,img/img_00086165.jpg,full-body clothes,350,153,295,142,469,119
13909,img/img_00086168.jpg,full-body clothes,263,146,198,52,339,76
13910,img/img_00086172.jpg,full-body clothes,304,268,292,24,425,121
13911,img/img_00086192.jpg,full-body clothes,383,97,226,129,479,96
13912,img/img_00086198.jpg,full-body clothes,414,94,222,128,502,88
13913,img/img_00086201.jpg,full-body clothes,349,109,235,126,447,98
13914,img/img_00086211.jpg,full-body clothes,377,129,231,102,456,79
13915,img/img_00086212.jpg,full-body clothes,419,144,264,120,490,71
13916,img/img_00086222.jpg,full-body clothes,230,79,199,120,279,49
13917,img/img_00086242.jpg,full-body clothes,388,171,269,98,504,116
13918,img/img_00086251.jpg,full-body clothes,374,345,345,0,374,0
13919,img/img_00086256.jpg,full-body clothes,221,121,430,309,236,15
13920,img/img_00086258.jpg,full-body clothes,299,201,260,59,399,100
13921,img/img_00086269.jpg,full-body clothes,282,162,233,71,287,5
13922,img/img_00086273.jpg,full-body clothes,218,123,197,74,294,76
13923,img/img_00086275.jpg,full-body clothes,228,145,275,130,310,82
13924,img/img_00086276.jpg,full-body clothes,122,114,145,31,176,54
13925,img/img_00086285.jpg,full-body clothes,367,195,322,127,467,100
13926,img/img_00086286.jpg,full-body clothes,202,150,191,41,225,23
13927,img/img_00086289.jpg,full-body clothes,157,70,211,141,220,63
13928,img/img_00086290.jpg,full-body clothes,371,206,270,64,471,100
13929,img/img_00086299.jpg,full-body clothes,292,102,236,134,458,166
13930,img/img_00086300.jpg,full-body clothes,298,164,245,81,459,161
13931,img/img_00086304.jpg,full-body clothes,247,211,211,0,247,0
13932,img/img_00086317.jpg,full-body clothes,275,186,316,130,373,98
13933,img/img_00086322.jpg,full-body clothes,365,133,246,113,505,140
13934,img/img_00086325.jpg,full-body clothes,214,71,247,176,306,92
13935,img/img_00086340.jpg,full-body clothes,334,207,275,68,465,131
13936,img/img_00086341.jpg,full-body clothes,299,62,215,153,427,128
13937,img/img_00086355.jpg,full-body clothes,384,106,223,117,470,86
13938,img/img_00086358.jpg,full-body clothes,377,50,214,164,465,88
13939,img/img_00086366.jpg,full-body clothes,355,83,180,97,454,99
13940,img/img_00086376.jpg,full-body clothes,382,68,147,79,464,82
13941,img/img_00086387.jpg,lower-body clothes,89,112,288,176,274,185
13942,img/img_00086393.jpg,lower-body clothes,197,201,285,84,209,12
13943,img/img_00086400.jpg,upper-body clothes,162,78,212,134,244,82
13944,img/img_00086402.jpg,upper-body clothes,312,133,248,115,429,117
13945,img/img_00086419.jpg,upper-body clothes,171,137,198,61,270,99
13946,img/img_00086433.jpg,upper-body clothes,207,198,299,101,348,141
13947,img/img_00086435.jpg,upper-body clothes,178,172,244,72,316,138
13948,img/img_00086441.jpg,full-body clothes,156,69,124,55,220,64
13949,img/img_00086444.jpg,full-body clothes,143,77,197,120,206,63
13950,img/img_00086452.jpg,full-body clothes,183,89,139,50,258,75
13951,img/img_00086460.jpg,lower-body clothes,154,43,43,0,154,0
13952,img/img_00086462.jpg,lower-body clothes,150,175,265,90,451,301
13953,img/img_00086476.jpg,full-body clothes,399,252,313,61,432,33
13954,img/img_00086480.jpg,full-body clothes,396,208,300,92,408,12
13955,img/img_00086485.jpg,lower-body clothes,127,164,244,80,456,329
13956,img/img_00086486.jpg,lower-body clothes,133,174,274,100,438,305
13957,img/img_00086487.jpg,lower-body clothes,125,152,329,177,453,328
13958,img/img_00086497.jpg,upper-body clothes,489,236,236,0,489,0
13959,img/img_00086510.jpg,upper-body clothes,311,141,219,78,430,119
13960,img/img_00086513.jpg,upper-body clothes,237,207,275,68,391,154
13961,img/img_00086516.jpg,upper-body clothes,484,387,387,0,484,0
13962,img/img_00086519.jpg,upper-body clothes,464,200,200,0,464,0
13963,img/img_00086525.jpg,upper-body clothes,103,156,156,0,103,0
13964,img/img_00086533.jpg,lower-body clothes,171,72,117,45,195,24
13965,img/img_00086535.jpg,lower-body clothes,103,110,191,81,267,164
13966,img/img_00086540.jpg,lower-body clothes,183,191,352,161,378,195
13967,img/img_00086541.jpg,lower-body clothes,135,160,236,76,431,296
13968,img/img_00086547.jpg,lower-body clothes,179,131,266,135,383,204
13969,img/img_00086548.jpg,lower-body clothes,342,147,147,0,342,0
13970,img/img_00086553.jpg,full-body clothes,346,96,224,128,451,105
13971,img/img_00086557.jpg,full-body clothes,333,96,182,86,420,87
13972,img/img_00086558.jpg,full-body clothes,314,73,212,139,426,112
13973,img/img_00086559.jpg,full-body clothes,152,39,117,78,209,57
13974,img/img_00086580.jpg,upper-body clothes,489,295,295,0,489,0
13975,img/img_00086589.jpg,full-body clothes,175,133,162,29,288,113
13976,img/img_00086593.jpg,full-body clothes,248,129,223,94,350,102
13977,img/img_00086598.jpg,full-body clothes,83,38,54,16,115,32
13978,img/img_00086600.jpg,full-body clothes,138,71,115,44,195,57
13979,img/img_00086607.jpg,full-body clothes,295,94,241,147,394,99
13980,img/img_00086628.jpg,lower-body clothes,184,78,217,139,368,184
13981,img/img_00086631.jpg,upper-body clothes,267,143,234,91,453,186
13982,img/img_00086651.jpg,upper-body clothes,139,76,133,57,155,16
13983,img/img_00086664.jpg,full-body clothes,159,73,159,86,221,62
13984,img/img_00086665.jpg,full-body clothes,341,174,264,90,485,144
13985,img/img_00086672.jpg,lower-body clothes,153,171,266,95,467,314
13986,img/img_00086675.jpg,lower-body clothes,380,97,231,134,452,72
13987,img/img_00086687.jpg,lower-body clothes,159,148,225,77,442,283
13988,img/img_00086700.jpg,full-body clothes,370,123,454,331,483,113
13989,img/img_00086707.jpg,full-body clothes,89,51,156,105,167,78
13990,img/img_00086708.jpg,full-body clothes,212,430,430,0,212,0
13991,img/img_00086724.jpg,full-body clothes,202,75,215,140,266,64
13992,img/img_00086734.jpg,full-body clothes,345,164,261,97,472,127
13993,img/img_00086738.jpg,full-body clothes,287,124,234,110,397,110
13994,img/img_00086739.jpg,full-body clothes,359,81,221,140,467,108
13995,img/img_00086745.jpg,full-body clothes,353,123,222,99,457,104
13996,img/img_00086752.jpg,full-body clothes,204,91,195,104,273,69
13997,img/img_00086755.jpg,full-body clothes,172,42,143,101,231,59
13998,img/img_00086756.jpg,lower-body clothes,123,101,469,368,379,256
13999,img/img_00086757.jpg,lower-body clothes,94,117,233,116,284,190
14000,img/img_00086759.jpg,lower-body clothes,93,148,440,292,293,200
14001,img/img_00086768.jpg,lower-body clothes,224,236,250,14,236,12
14002,img/img_00086772.jpg,lower-body clothes,112,155,187,32,457,345
14003,img/img_00086775.jpg,lower-body clothes,118,59,176,117,226,108
14004,img/img_00086777.jpg,lower-body clothes,243,86,252,166,447,204
14005,img/img_00086797.jpg,lower-body clothes,122,44,113,69,222,100
14006,img/img_00086798.jpg,lower-body clothes,127,37,104,67,224,97
14007,img/img_00086813.jpg,full-body clothes,412,118,214,96,443,31
14008,img/img_00086814.jpg,full-body clothes,123,112,186,74,259,136
14009,img/img_00086816.jpg,full-body clothes,389,121,258,137,500,111
14010,img/img_00086820.jpg,full-body clothes,366,215,284,69,487,121
14011,img/img_00086821.jpg,upper-body clothes,275,142,265,123,416,141
14012,img/img_00086824.jpg,upper-body clothes,244,77,186,109,368,124
14013,img/img_00086829.jpg,upper-body clothes,108,52,119,67,171,63
14014,img/img_00086837.jpg,upper-body clothes,166,65,129,64,235,69
14015,img/img_00086852.jpg,upper-body clothes,184,121,231,110,277,93
14016,img/img_00086858.jpg,upper-body clothes,118,64,112,48,187,69
14017,img/img_00086859.jpg,upper-body clothes,74,43,136,93,122,48
14018,img/img_00086861.jpg,upper-body clothes,261,142,265,123,410,149
14019,img/img_00086874.jpg,lower-body clothes,151,119,251,132,218,67
14020,img/img_00086875.jpg,lower-body clothes,114,34,180,146,375,261
14021,img/img_00086876.jpg,lower-body clothes,232,153,153,0,232,0
14022,img/img_00086883.jpg,lower-body clothes,151,482,482,0,151,0
14023,img/img_00086886.jpg,lower-body clothes,75,243,408,165,343,268
14024,img/img_00086899.jpg,full-body clothes,257,89,207,118,381,124
14025,img/img_00086900.jpg,full-body clothes,364,91,219,128,450,86
14026,img/img_00086907.jpg,full-body clothes,378,112,230,118,461,83
14027,img/img_00086918.jpg,full-body clothes,144,71,143,72,189,45
14028,img/img_00086925.jpg,full-body clothes,115,135,135,0,115,0
14029,img/img_00086928.jpg,lower-body clothes,144,106,168,62,257,113
14030,img/img_00086931.jpg,lower-body clothes,314,212,266,54,492,178
14031,img/img_00086933.jpg,lower-body clothes,217,99,251,152,351,134
14032,img/img_00086934.jpg,upper-body clothes,169,116,181,65,289,120
14033,img/img_00086950.jpg,upper-body clothes,427,280,333,53,482,55
14034,img/img_00086964.jpg,full-body clothes,330,168,279,111,437,107
14035,img/img_00086993.jpg,upper-body clothes,111,97,193,96,202,91
14036,img/img_00087000.jpg,full-body clothes,252,62,283,221,328,76
14037,img/img_00087005.jpg,full-body clothes,323,245,245,0,323,0
14038,img/img_00087006.jpg,full-body clothes,276,162,162,0,276,0
14039,img/img_00087007.jpg,full-body clothes,195,74,186,112,273,78
14040,img/img_00087010.jpg,full-body clothes,323,151,289,138,459,136
14041,img/img_00087015.jpg,full-body clothes,223,106,138,32,312,89
14042,img/img_00087019.jpg,full-body clothes,205,60,216,156,272,67
14043,img/img_00087043.jpg,full-body clothes,199,85,204,119,308,109
14044,img/img_00087046.jpg,full-body clothes,162,73,155,82,221,59
14045,img/img_00087058.jpg,full-body clothes,271,229,229,0,271,0
14046,img/img_00087060.jpg,full-body clothes,142,145,145,0,142,0
14047,img/img_00087081.jpg,full-body clothes,204,235,235,0,204,0
14048,img/img_00087085.jpg,full-body clothes,391,226,226,0,391,0
14049,img/img_00087089.jpg,full-body clothes,195,120,217,97,287,92
14050,img/img_00087091.jpg,full-body clothes,221,112,223,111,301,80
14051,img/img_00087092.jpg,full-body clothes,466,417,417,0,466,0
14052,img/img_00087106.jpg,full-body clothes,377,249,249,0,377,0
14053,img/img_00087107.jpg,full-body clothes,234,90,207,117,312,78
14054,img/img_00087113.jpg,lower-body clothes,99,89,198,109,368,269
14055,img/img_00087125.jpg,full-body clothes,326,151,418,267,461,135
14056,img/img_00087126.jpg,full-body clothes,187,119,229,110,267,80
14057,img/img_00087134.jpg,full-body clothes,353,275,275,0,353,0
14058,img/img_00087139.jpg,full-body clothes,178,96,140,44,246,68
14059,img/img_00087140.jpg,full-body clothes,296,192,278,86,426,130
14060,img/img_00087143.jpg,full-body clothes,316,175,264,89,456,140
14061,img/img_00087150.jpg,full-body clothes,214,121,180,59,298,84
14062,img/img_00087156.jpg,full-body clothes,262,44,152,108,363,101
14063,img/img_00087166.jpg,lower-body clothes,113,90,205,115,349,236
14064,img/img_00087168.jpg,lower-body clothes,132,174,260,86,491,359
14065,img/img_00087174.jpg,lower-body clothes,59,27,144,117,223,164
14066,img/img_00087177.jpg,lower-body clothes,132,129,227,98,392,260
14067,img/img_00087181.jpg,lower-body clothes,118,203,319,116,441,323
14068,img/img_00087184.jpg,full-body clothes,389,321,321,0,389,0
14069,img/img_00087186.jpg,full-body clothes,395,134,198,64,502,107
14070,img/img_00087195.jpg,full-body clothes,128,279,279,0,128,0
14071,img/img_00087198.jpg,full-body clothes,481,300,300,0,481,0
14072,img/img_00087209.jpg,full-body clothes,207,106,198,92,279,72
14073,img/img_00087220.jpg,full-body clothes,372,196,268,72,477,105
14074,img/img_00087224.jpg,full-body clothes,221,112,199,87,291,70
14075,img/img_00087231.jpg,lower-body clothes,82,88,132,44,218,136
14076,img/img_00087234.jpg,lower-body clothes,158,86,206,120,281,123
14077,img/img_00087236.jpg,full-body clothes,174,58,125,67,233,59
14078,img/img_00087237.jpg,full-body clothes,408,30,113,83,490,82
14079,img/img_00087243.jpg,full-body clothes,364,17,105,88,487,123
14080,img/img_00087252.jpg,full-body clothes,364,79,222,143,475,111
14081,img/img_00087255.jpg,full-body clothes,305,236,236,0,305,0
14082,img/img_00087262.jpg,full-body clothes,294,66,174,108,359,65
14083,img/img_00087264.jpg,full-body clothes,342,86,233,147,459,117
14084,img/img_00087266.jpg,full-body clothes,367,121,224,103,499,132
14085,img/img_00087283.jpg,full-body clothes,246,66,134,68,290,44
14086,img/img_00087290.jpg,full-body clothes,279,123,200,77,466,187
14087,img/img_00087318.jpg,full-body clothes,265,149,219,70,365,100
14088,img/img_00087321.jpg,full-body clothes,372,86,246,160,465,93
14089,img/img_00087323.jpg,full-body clothes,284,138,236,98,389,105
14090,img/img_00087328.jpg,full-body clothes,173,43,137,94,210,37
14091,img/img_00087332.jpg,full-body clothes,367,249,323,74,491,124
14092,img/img_00087350.jpg,full-body clothes,393,88,141,53,475,82
14093,img/img_00087351.jpg,full-body clothes,343,112,151,39,432,89
14094,img/img_00087353.jpg,full-body clothes,352,142,157,15,427,75
14095,img/img_00087360.jpg,full-body clothes,323,92,218,126,412,89
14096,img/img_00087374.jpg,full-body clothes,145,92,147,55,207,62
14097,img/img_00087394.jpg,full-body clothes,346,103,211,108,460,114
14098,img/img_00087404.jpg,full-body clothes,221,85,199,114,320,99
14099,img/img_00087407.jpg,full-body clothes,354,141,250,109,493,139
14100,img/img_00087411.jpg,full-body clothes,334,142,190,48,458,124
14101,img/img_00087413.jpg,full-body clothes,148,77,140,63,206,58
14102,img/img_00087416.jpg,full-body clothes,193,112,166,54,280,87
14103,img/img_00087417.jpg,full-body clothes,316,144,246,102,426,110
14104,img/img_00087420.jpg,full-body clothes,199,75,142,67,282,83
14105,img/img_00087426.jpg,full-body clothes,308,170,249,79,462,154
14106,img/img_00087427.jpg,full-body clothes,155,76,139,63,236,81
14107,img/img_00087431.jpg,full-body clothes,136,55,101,46,183,47
14108,img/img_00087451.jpg,full-body clothes,316,98,192,94,420,104
14109,img/img_00087458.jpg,full-body clothes,184,94,221,127,268,84
14110,img/img_00087470.jpg,full-body clothes,358,176,254,78,471,113
14111,img/img_00087476.jpg,full-body clothes,264,146,223,77,402,138
14112,img/img_00087480.jpg,full-body clothes,395,270,270,0,395,0
14113,img/img_00087481.jpg,lower-body clothes,456,483,483,0,456,0
14114,img/img_00087492.jpg,lower-body clothes,171,207,344,137,410,239
14115,img/img_00087493.jpg,lower-body clothes,199,244,370,126,474,275
14116,img/img_00087496.jpg,lower-body clothes,31,45,127,82,132,101
14117,img/img_00087500.jpg,lower-body clothes,269,328,453,125,415,146
14118,img/img_00087504.jpg,upper-body clothes,158,93,129,36,215,57
14119,img/img_00087505.jpg,upper-body clothes,134,90,199,109,197,63
14120,img/img_00087514.jpg,upper-body clothes,305,254,412,158,424,119
14121,img/img_00087516.jpg,upper-body clothes,272,57,214,157,427,155
14122,img/img_00087525.jpg,full-body clothes,176,84,161,77,244,68
14123,img/img_00087536.jpg,full-body clothes,328,163,200,37,472,144
14124,img/img_00087542.jpg,upper-body clothes,98,73,217,144,182,84
14125,img/img_00087545.jpg,upper-body clothes,78,102,212,110,196,118
14126,img/img_00087547.jpg,upper-body clothes,64,51,174,123,123,59
14127,img/img_00087555.jpg,lower-body clothes,311,228,275,47,356,45
14128,img/img_00087563.jpg,lower-body clothes,168,15,205,190,251,83
14129,img/img_00087565.jpg,lower-body clothes,182,84,178,94,354,172
14130,img/img_00087580.jpg,full-body clothes,293,131,248,117,374,81
14131,img/img_00087581.jpg,full-body clothes,112,54,135,81,148,36
14132,img/img_00087586.jpg,full-body clothes,370,143,295,152,478,108
14133,img/img_00087592.jpg,lower-body clothes,110,129,210,81,295,185
14134,img/img_00087599.jpg,lower-body clothes,149,106,218,112,411,262
14135,img/img_00087604.jpg,lower-body clothes,133,93,218,125,339,206
14136,img/img_00087606.jpg,lower-body clothes,136,118,222,104,315,179
14137,img/img_00087607.jpg,lower-body clothes,161,171,244,73,477,316
14138,img/img_00087624.jpg,upper-body clothes,135,144,144,0,135,0
14139,img/img_00087629.jpg,upper-body clothes,122,72,150,78,213,91
14140,img/img_00087631.jpg,upper-body clothes,227,193,296,103,397,170
14141,img/img_00087632.jpg,upper-body clothes,137,162,254,92,268,131
14142,img/img_00087634.jpg,upper-body clothes,277,78,216,138,400,123
14143,img/img_00087636.jpg,upper-body clothes,136,74,123,49,200,64
14144,img/img_00087644.jpg,upper-body clothes,160,118,230,112,278,118
14145,img/img_00087657.jpg,full-body clothes,317,205,251,46,426,109
14146,img/img_00087658.jpg,full-body clothes,208,111,230,119,295,87
14147,img/img_00087660.jpg,full-body clothes,349,39,215,176,415,66
14148,img/img_00087663.jpg,full-body clothes,424,213,253,40,435,11
14149,img/img_00087684.jpg,full-body clothes,169,60,162,102,229,60
14150,img/img_00087688.jpg,full-body clothes,252,40,111,71,338,86
14151,img/img_00087690.jpg,full-body clothes,357,76,174,98,470,113
14152,img/img_00087700.jpg,upper-body clothes,69,75,136,61,140,71
14153,img/img_00087706.jpg,upper-body clothes,321,205,288,83,490,169
14154,img/img_00087711.jpg,upper-body clothes,153,140,206,66,275,122
14155,img/img_00087715.jpg,upper-body clothes,259,122,176,54,372,113
14156,img/img_00087717.jpg,upper-body clothes,171,120,199,79,256,85
14157,img/img_00087718.jpg,upper-body clothes,216,77,199,122,341,125
14158,img/img_00087722.jpg,upper-body clothes,172,117,221,104,263,91
14159,img/img_00087725.jpg,upper-body clothes,72,57,128,71,112,40
14160,img/img_00087730.jpg,upper-body clothes,425,77,286,209,482,57
14161,img/img_00087736.jpg,upper-body clothes,136,31,101,70,201,65
14162,img/img_00087747.jpg,upper-body clothes,325,223,380,157,487,162
14163,img/img_00087765.jpg,lower-body clothes,259,91,169,78,301,42
14164,img/img_00087769.jpg,lower-body clothes,219,94,177,83,262,43
14165,img/img_00087772.jpg,lower-body clothes,449,268,268,0,449,0
14166,img/img_00087773.jpg,lower-body clothes,197,71,137,66,213,16
14167,img/img_00087780.jpg,lower-body clothes,108,40,117,77,213,105
14168,img/img_00087791.jpg,lower-body clothes,275,103,350,247,361,86
14169,img/img_00087792.jpg,lower-body clothes,52,142,183,41,283,231
14170,img/img_00087800.jpg,lower-body clothes,312,123,268,145,359,47
14171,img/img_00087801.jpg,lower-body clothes,46,44,146,102,176,130
14172,img/img_00087803.jpg,lower-body clothes,445,63,157,94,480,35
14173,img/img_00087804.jpg,lower-body clothes,472,35,198,163,496,24
14174,img/img_00087823.jpg,lower-body clothes,153,127,127,0,153,0
14175,img/img_00087827.jpg,lower-body clothes,237,103,229,126,445,208
14176,img/img_00087830.jpg,lower-body clothes,135,106,106,0,135,0
14177,img/img_00087831.jpg,lower-body clothes,134,178,178,0,134,0
14178,img/img_00087832.jpg,lower-body clothes,246,64,131,67,441,195
14179,img/img_00087833.jpg,upper-body clothes,355,166,268,102,481,126
14180,img/img_00087834.jpg,upper-body clothes,119,67,110,43,156,37
14181,img/img_00087842.jpg,upper-body clothes,165,116,181,65,275,110
14182,img/img_00087844.jpg,upper-body clothes,289,119,232,113,425,136
14183,img/img_00087846.jpg,full-body clothes,326,176,252,76,438,112
14184,img/img_00087849.jpg,full-body clothes,249,129,178,49,337,88
14185,img/img_00087857.jpg,full-body clothes,276,119,255,136,363,87
14186,img/img_00087859.jpg,full-body clothes,210,127,186,59,302,92
14187,img/img_00087861.jpg,full-body clothes,252,157,210,53,346,94
14188,img/img_00087866.jpg,full-body clothes,237,138,176,38,312,75
14189,img/img_00087868.jpg,full-body clothes,102,49,123,74,143,41
14190,img/img_00087886.jpg,lower-body clothes,215,205,212,7,263,48
14191,img/img_00087887.jpg,lower-body clothes,273,282,338,56,429,156
14192,img/img_00087888.jpg,lower-body clothes,155,127,232,105,172,17
14193,img/img_00087891.jpg,lower-body clothes,288,310,328,18,349,61
14194,img/img_00087894.jpg,lower-body clothes,200,136,136,0,200,0
14195,img/img_00087898.jpg,lower-body clothes,341,257,499,242,422,81
14196,img/img_00087899.jpg,lower-body clothes,113,149,238,89,436,323
14197,img/img_00087904.jpg,upper-body clothes,433,412,465,53,482,49
14198,img/img_00087911.jpg,upper-body clothes,172,80,174,94,302,130
14199,img/img_00087915.jpg,upper-body clothes,171,98,193,95,268,97
14200,img/img_00087917.jpg,upper-body clothes,175,104,412,308,198,23
14201,img/img_00087918.jpg,upper-body clothes,278,257,287,30,294,16
14202,img/img_00087920.jpg,upper-body clothes,131,111,268,157,241,110
14203,img/img_00087934.jpg,upper-body clothes,145,87,230,143,249,104
14204,img/img_00087937.jpg,upper-body clothes,137,70,155,85,213,76
14205,img/img_00087938.jpg,upper-body clothes,105,60,134,74,168,63
14206,img/img_00087941.jpg,full-body clothes,278,166,215,49,334,56
14207,img/img_00087946.jpg,full-body clothes,99,44,104,60,135,36
14208,img/img_00087956.jpg,full-body clothes,130,76,146,70,133,3
14209,img/img_00087967.jpg,upper-body clothes,146,114,162,48,237,91
14210,img/img_00087968.jpg,upper-body clothes,317,250,318,68,384,67
14211,img/img_00087971.jpg,upper-body clothes,435,230,287,57,469,34
14212,img/img_00087975.jpg,upper-body clothes,266,200,250,50,439,173
14213,img/img_00087985.jpg,upper-body clothes,181,156,301,145,334,153
14214,img/img_00087986.jpg,upper-body clothes,274,370,370,0,274,0
14215,img/img_00087989.jpg,upper-body clothes,218,81,200,119,350,132
14216,img/img_00088006.jpg,upper-body clothes,109,79,167,88,194,85
14217,img/img_00088018.jpg,lower-body clothes,277,162,305,143,445,168
14218,img/img_00088023.jpg,lower-body clothes,295,145,225,80,341,46
14219,img/img_00088038.jpg,lower-body clothes,113,83,186,103,298,185
14220,img/img_00088060.jpg,full-body clothes,322,277,277,0,322,0
14221,img/img_00088061.jpg,full-body clothes,372,48,141,93,456,84
14222,img/img_00088073.jpg,full-body clothes,179,87,149,62,233,54
14223,img/img_00088075.jpg,full-body clothes,405,147,267,120,494,89
14224,img/img_00088076.jpg,full-body clothes,135,73,150,77,193,58
14225,img/img_00088078.jpg,full-body clothes,258,130,211,81,395,137
14226,img/img_00088080.jpg,lower-body clothes,228,97,109,12,236,8
14227,img/img_00088084.jpg,lower-body clothes,222,132,446,314,435,213
14228,img/img_00088094.jpg,lower-body clothes,303,138,214,76,381,78
14229,img/img_00088095.jpg,lower-body clothes,338,136,245,109,420,82
14230,img/img_00088103.jpg,lower-body clothes,303,178,271,93,314,11
14231,img/img_00088106.jpg,full-body clothes,363,135,244,109,467,104
14232,img/img_00088114.jpg,full-body clothes,126,72,166,94,299,173
14233,img/img_00088127.jpg,upper-body clothes,184,113,208,95,275,91
14234,img/img_00088135.jpg,upper-body clothes,281,141,224,83,421,140
14235,img/img_00088138.jpg,upper-body clothes,173,117,190,73,287,114
14236,img/img_00088139.jpg,upper-body clothes,63,163,163,0,63,0
14237,img/img_00088140.jpg,upper-body clothes,204,286,323,37,368,164
14238,img/img_00088152.jpg,upper-body clothes,86,190,190,0,86,0
14239,img/img_00088155.jpg,upper-body clothes,63,164,164,0,63,0
14240,img/img_00088166.jpg,upper-body clothes,170,76,283,207,267,97
14241,img/img_00088185.jpg,upper-body clothes,256,358,358,0,256,0
14242,img/img_00088189.jpg,full-body clothes,359,135,322,187,475,116
14243,img/img_00088197.jpg,full-body clothes,375,99,217,118,456,81
14244,img/img_00088198.jpg,full-body clothes,335,91,302,211,422,87
14245,img/img_00088213.jpg,upper-body clothes,274,164,242,78,428,154
14246,img/img_00088227.jpg,upper-body clothes,89,474,474,0,89,0
14247,img/img_00088229.jpg,upper-body clothes,158,247,247,0,158,0
14248,img/img_00088230.jpg,upper-body clothes,136,303,303,0,136,0
14249,img/img_00088234.jpg,lower-body clothes,177,200,260,60,189,12
14250,img/img_00088245.jpg,lower-body clothes,21,246,246,0,21,0
14251,img/img_00088250.jpg,lower-body clothes,153,143,221,78,196,43
14252,img/img_00088253.jpg,lower-body clothes,131,45,121,76,154,23
14253,img/img_00088259.jpg,lower-body clothes,204,138,243,105,247,43
14254,img/img_00088262.jpg,lower-body clothes,141,56,131,75,161,20
14255,img/img_00088270.jpg,lower-body clothes,113,98,125,27,273,160
14256,img/img_00088274.jpg,upper-body clothes,272,184,294,110,445,173
14257,img/img_00088282.jpg,upper-body clothes,269,36,168,132,364,95
14258,img/img_00088284.jpg,upper-body clothes,277,63,173,110,370,93
14259,img/img_00088287.jpg,upper-body clothes,253,343,343,0,253,0
14260,img/img_00088293.jpg,full-body clothes,256,106,263,157,350,94
14261,img/img_00088295.jpg,full-body clothes,383,165,346,181,471,88
14262,img/img_00088308.jpg,lower-body clothes,238,158,252,94,273,35
14263,img/img_00088313.jpg,lower-body clothes,176,219,219,0,176,0
14264,img/img_00088314.jpg,lower-body clothes,343,238,285,47,350,7
14265,img/img_00088315.jpg,lower-body clothes,361,488,495,7,416,55
14266,img/img_00088318.jpg,lower-body clothes,278,202,202,0,278,0
14267,img/img_00088323.jpg,upper-body clothes,401,285,394,109,462,61
14268,img/img_00088325.jpg,upper-body clothes,316,363,363,0,316,0
14269,img/img_00088339.jpg,lower-body clothes,209,196,345,149,212,3
14270,img/img_00088344.jpg,lower-body clothes,405,312,317,5,413,8
14271,img/img_00088351.jpg,lower-body clothes,146,110,138,28,335,189
14272,img/img_00088354.jpg,lower-body clothes,153,85,116,31,344,191
14273,img/img_00088357.jpg,upper-body clothes,170,286,394,108,245,75
14274,img/img_00088368.jpg,lower-body clothes,182,126,126,0,182,0
14275,img/img_00088370.jpg,lower-body clothes,111,50,140,90,221,110
14276,img/img_00088374.jpg,lower-body clothes,400,62,180,118,459,59
14277,img/img_00088382.jpg,lower-body clothes,171,34,119,85,200,29
14278,img/img_00088385.jpg,upper-body clothes,258,92,233,141,411,153
14279,img/img_00088397.jpg,upper-body clothes,184,443,443,0,184,0
14280,img/img_00088405.jpg,upper-body clothes,271,87,160,73,387,116
14281,img/img_00088412.jpg,upper-body clothes,346,285,285,0,346,0
14282,img/img_00088422.jpg,upper-body clothes,149,75,163,88,228,79
14283,img/img_00088425.jpg,upper-body clothes,111,102,183,81,201,90
14284,img/img_00088428.jpg,upper-body clothes,264,82,194,112,352,88
14285,img/img_00088432.jpg,upper-body clothes,232,127,188,61,348,116
14286,img/img_00088440.jpg,upper-body clothes,104,88,220,132,213,109
14287,img/img_00088444.jpg,upper-body clothes,127,81,274,193,324,197
14288,img/img_00088447.jpg,upper-body clothes,238,142,260,118,417,179
14289,img/img_00088451.jpg,upper-body clothes,167,249,249,0,167,0
14290,img/img_00088452.jpg,upper-body clothes,220,72,202,130,338,118
14291,img/img_00088457.jpg,full-body clothes,350,269,269,0,350,0
14292,img/img_00088459.jpg,full-body clothes,305,184,267,83,346,41
14293,img/img_00088460.jpg,full-body clothes,247,104,231,127,338,91
14294,img/img_00088464.jpg,full-body clothes,242,222,222,0,242,0
14295,img/img_00088476.jpg,upper-body clothes,139,101,157,56,209,70
14296,img/img_00088480.jpg,upper-body clothes,489,370,370,0,489,0
14297,img/img_00088489.jpg,full-body clothes,191,101,208,107,257,66
14298,img/img_00088490.jpg,full-body clothes,141,38,117,79,239,98
14299,img/img_00088497.jpg,full-body clothes,345,233,233,0,345,0
14300,img/img_00088499.jpg,full-body clothes,176,49,122,73,233,57
14301,img/img_00088501.jpg,upper-body clothes,192,91,204,113,284,92
14302,img/img_00088511.jpg,upper-body clothes,259,289,289,0,259,0
14303,img/img_00088519.jpg,upper-body clothes,132,205,205,0,132,0
14304,img/img_00088522.jpg,full-body clothes,132,68,101,33,171,39
14305,img/img_00088534.jpg,full-body clothes,248,222,222,0,248,0
14306,img/img_00088545.jpg,upper-body clothes,257,196,303,107,384,127
14307,img/img_00088562.jpg,upper-body clothes,339,346,346,0,339,0
14308,img/img_00088570.jpg,upper-body clothes,157,85,227,142,304,147
14309,img/img_00088572.jpg,upper-body clothes,148,32,200,168,237,89
14310,img/img_00088573.jpg,upper-body clothes,145,121,232,111,241,96
14311,img/img_00088585.jpg,upper-body clothes,138,56,209,153,248,110
14312,img/img_00088591.jpg,full-body clothes,369,447,447,0,369,0
14313,img/img_00088597.jpg,full-body clothes,222,144,144,0,222,0
14314,img/img_00088602.jpg,full-body clothes,302,256,256,0,302,0
14315,img/img_00088619.jpg,upper-body clothes,125,163,163,0,125,0
14316,img/img_00088627.jpg,upper-body clothes,138,58,220,162,214,76
14317,img/img_00088629.jpg,upper-body clothes,272,182,352,170,440,168
14318,img/img_00088630.jpg,upper-body clothes,155,111,241,130,260,105
14319,img/img_00088641.jpg,upper-body clothes,306,172,310,138,443,137
14320,img/img_00088645.jpg,upper-body clothes,97,64,159,95,150,53
14321,img/img_00088650.jpg,upper-body clothes,206,136,330,194,268,62
14322,img/img_00088654.jpg,upper-body clothes,290,121,226,105,408,118
14323,img/img_00088655.jpg,upper-body clothes,322,140,298,158,472,150
14324,img/img_00088660.jpg,upper-body clothes,310,92,249,157,408,98
14325,img/img_00088662.jpg,upper-body clothes,283,126,184,58,392,109
14326,img/img_00088668.jpg,full-body clothes,300,246,246,0,300,0
14327,img/img_00088675.jpg,full-body clothes,141,34,116,82,196,55
14328,img/img_00088683.jpg,upper-body clothes,282,87,261,174,432,150
14329,img/img_00088685.jpg,upper-body clothes,201,126,223,97,326,125
14330,img/img_00088687.jpg,upper-body clothes,298,124,232,108,440,142
14331,img/img_00088706.jpg,upper-body clothes,418,232,290,58,474,56
14332,img/img_00088711.jpg,upper-body clothes,214,105,168,63,326,112
14333,img/img_00088718.jpg,upper-body clothes,42,242,242,0,42,0
14334,img/img_00088720.jpg,upper-body clothes,387,145,284,139,453,66
14335,img/img_00088722.jpg,upper-body clothes,303,57,221,164,402,99
14336,img/img_00088733.jpg,upper-body clothes,154,264,264,0,154,0
14337,img/img_00088737.jpg,upper-body clothes,159,159,256,97,296,137
14338,img/img_00088741.jpg,upper-body clothes,238,182,239,57,359,121
14339,img/img_00088748.jpg,upper-body clothes,123,102,245,143,242,119
14340,img/img_00088749.jpg,upper-body clothes,136,106,215,109,237,101
14341,img/img_00088755.jpg,lower-body clothes,217,154,154,0,217,0
14342,img/img_00088757.jpg,lower-body clothes,109,91,227,136,352,243
14343,img/img_00088769.jpg,lower-body clothes,157,77,207,130,388,231
14344,img/img_00088770.jpg,lower-body clothes,146,135,260,125,283,137
14345,img/img_00088781.jpg,upper-body clothes,101,83,139,56,176,75
14346,img/img_00088783.jpg,upper-body clothes,119,79,149,70,182,63
14347,img/img_00088789.jpg,upper-body clothes,48,42,218,176,203,155
14348,img/img_00088790.jpg,upper-body clothes,74,78,136,58,136,62
14349,img/img_00088797.jpg,lower-body clothes,132,64,130,66,219,87
14350,img/img_00088799.jpg,lower-body clothes,181,96,171,75,397,216
14351,img/img_00088802.jpg,lower-body clothes,150,83,266,183,365,215
14352,img/img_00088805.jpg,lower-body clothes,95,38,108,70,208,113
14353,img/img_00088814.jpg,full-body clothes,221,179,179,0,221,0
14354,img/img_00088815.jpg,full-body clothes,352,221,275,54,464,112
14355,img/img_00088822.jpg,full-body clothes,189,94,197,103,255,66
14356,img/img_00088824.jpg,full-body clothes,178,93,134,41,233,55
14357,img/img_00088826.jpg,full-body clothes,293,221,221,0,293,0
14358,img/img_00088839.jpg,lower-body clothes,299,145,204,59,425,126
14359,img/img_00088861.jpg,upper-body clothes,157,60,105,45,228,71
14360,img/img_00088864.jpg,upper-body clothes,346,218,252,34,460,114
14361,img/img_00088868.jpg,upper-body clothes,477,459,459,0,477,0
14362,img/img_00088872.jpg,upper-body clothes,221,218,218,0,221,0
14363,img/img_00088876.jpg,upper-body clothes,288,115,252,137,424,136
14364,img/img_00088880.jpg,upper-body clothes,262,159,254,95,348,86
14365,img/img_00088881.jpg,upper-body clothes,261,113,238,125,351,90
14366,img/img_00088883.jpg,upper-body clothes,291,176,295,119,469,178
14367,img/img_00088894.jpg,full-body clothes,73,31,57,26,95,22
14368,img/img_00088902.jpg,full-body clothes,170,44,132,88,229,59
14369,img/img_00088903.jpg,full-body clothes,340,146,272,126,461,121
14370,img/img_00088907.jpg,upper-body clothes,270,84,198,114,365,95
14371,img/img_00088913.jpg,upper-body clothes,298,177,234,57,473,175
14372,img/img_00088923.jpg,upper-body clothes,168,158,236,78,243,75
14373,img/img_00088924.jpg,upper-body clothes,445,288,288,0,445,0
14374,img/img_00088936.jpg,upper-body clothes,377,182,182,0,377,0
14375,img/img_00088937.jpg,upper-body clothes,232,122,207,85,373,141
14376,img/img_00088938.jpg,upper-body clothes,113,81,261,180,204,91
14377,img/img_00088946.jpg,upper-body clothes,218,97,97,0,218,0
14378,img/img_00088951.jpg,upper-body clothes,158,94,222,128,245,87
14379,img/img_00088952.jpg,upper-body clothes,301,176,237,61,470,169
14380,img/img_00088956.jpg,upper-body clothes,457,337,337,0,457,0
14381,img/img_00088969.jpg,upper-body clothes,325,61,158,97,451,126
14382,img/img_00088970.jpg,upper-body clothes,172,132,236,104,300,128
14383,img/img_00088975.jpg,upper-body clothes,291,200,200,0,291,0
14384,img/img_00088982.jpg,lower-body clothes,46,38,205,167,147,101
14385,img/img_00088987.jpg,lower-body clothes,43,47,211,164,145,102
14386,img/img_00088990.jpg,lower-body clothes,245,148,362,214,486,241
14387,img/img_00088995.jpg,lower-body clothes,197,219,446,227,482,285
14388,img/img_00089005.jpg,upper-body clothes,479,339,339,0,479,0
14389,img/img_00089019.jpg,upper-body clothes,160,45,210,165,328,168
14390,img/img_00089026.jpg,upper-body clothes,117,79,231,152,234,117
14391,img/img_00089036.jpg,upper-body clothes,494,174,174,0,494,0
14392,img/img_00089043.jpg,upper-body clothes,223,198,365,167,322,99
14393,img/img_00089059.jpg,upper-body clothes,186,104,318,214,274,88
14394,img/img_00089067.jpg,upper-body clothes,310,497,497,0,310,0
14395,img/img_00089083.jpg,upper-body clothes,148,184,184,0,148,0
14396,img/img_00089084.jpg,upper-body clothes,135,126,496,370,331,196
14397,img/img_00089093.jpg,upper-body clothes,276,194,290,96,418,142
14398,img/img_00089116.jpg,full-body clothes,235,192,356,164,337,102
14399,img/img_00089120.jpg,full-body clothes,317,188,326,138,425,108
14400,img/img_00089132.jpg,full-body clothes,75,155,155,0,75,0
14401,img/img_00089133.jpg,full-body clothes,162,56,187,131,325,163
14402,img/img_00089138.jpg,full-body clothes,133,227,232,5,194,61
14403,img/img_00089145.jpg,upper-body clothes,164,99,186,87,249,85
14404,img/img_00089146.jpg,upper-body clothes,23,107,107,0,23,0
14405,img/img_00089157.jpg,upper-body clothes,104,81,162,81,167,63
14406,img/img_00089160.jpg,upper-body clothes,148,67,137,70,200,52
14407,img/img_00089161.jpg,upper-body clothes,127,89,200,111,215,88
14408,img/img_00089168.jpg,upper-body clothes,158,77,196,119,231,73
14409,img/img_00089169.jpg,upper-body clothes,175,118,225,107,244,69
14410,img/img_00089175.jpg,lower-body clothes,243,100,149,49,244,1
14411,img/img_00089191.jpg,lower-body clothes,202,78,136,58,212,10
14412,img/img_00089194.jpg,lower-body clothes,220,72,149,77,281,61
14413,img/img_00089201.jpg,lower-body clothes,210,78,139,61,220,10
14414,img/img_00089204.jpg,lower-body clothes,185,78,136,58,211,26
14415,img/img_00089207.jpg,full-body clothes,374,129,215,86,382,8
14416,img/img_00089212.jpg,full-body clothes,480,184,286,102,507,27
14417,img/img_00089213.jpg,upper-body clothes,356,243,392,149,508,152
14418,img/img_00089215.jpg,upper-body clothes,139,95,163,68,229,90
14419,img/img_00089221.jpg,upper-body clothes,192,104,200,96,262,70
14420,img/img_00089226.jpg,lower-body clothes,455,415,415,0,455,0
14421,img/img_00089236.jpg,full-body clothes,200,95,221,126,293,93
14422,img/img_00089240.jpg,full-body clothes,394,215,215,0,394,0
14423,img/img_00089242.jpg,full-body clothes,303,153,261,108,417,114
14424,img/img_00089245.jpg,full-body clothes,224,63,184,121,351,127
14425,img/img_00089246.jpg,full-body clothes,167,90,178,88,247,80
14426,img/img_00089247.jpg,full-body clothes,176,83,172,89,258,82
14427,img/img_00089249.jpg,full-body clothes,355,278,318,40,487,132
14428,img/img_00089251.jpg,full-body clothes,251,245,245,0,251,0
14429,img/img_00089252.jpg,full-body clothes,239,310,329,19,420,181
14430,img/img_00089256.jpg,full-body clothes,185,120,182,62,276,91
14431,img/img_00089263.jpg,full-body clothes,255,74,194,120,387,132
14432,img/img_00089265.jpg,upper-body clothes,238,111,222,111,344,106
14433,img/img_00089266.jpg,upper-body clothes,103,63,144,81,173,70
14434,img/img_00089278.jpg,upper-body clothes,111,111,238,127,323,212
14435,img/img_00089279.jpg,upper-body clothes,241,136,199,63,374,133
14436,img/img_00089292.jpg,lower-body clothes,219,282,282,0,219,0
14437,img/img_00089293.jpg,lower-body clothes,117,83,190,107,287,170
14438,img/img_00089299.jpg,lower-body clothes,149,115,131,16,183,34
14439,img/img_00089305.jpg,lower-body clothes,57,50,158,108,117,60
14440,img/img_00089311.jpg,upper-body clothes,230,126,126,0,230,0
14441,img/img_00089315.jpg,upper-body clothes,181,96,202,106,273,92
14442,img/img_00089319.jpg,upper-body clothes,244,298,298,0,244,0
14443,img/img_00089320.jpg,upper-body clothes,309,223,340,117,482,173
14444,img/img_00089332.jpg,full-body clothes,380,71,209,138,475,95
14445,img/img_00089334.jpg,full-body clothes,391,140,339,199,482,91
14446,img/img_00089346.jpg,upper-body clothes,243,91,299,208,363,120
14447,img/img_00089355.jpg,lower-body clothes,50,71,137,66,218,168
14448,img/img_00089368.jpg,lower-body clothes,121,177,262,85,406,285
14449,img/img_00089370.jpg,lower-body clothes,101,96,173,77,311,210
14450,img/img_00089383.jpg,lower-body clothes,101,123,192,69,297,196
14451,img/img_00089397.jpg,full-body clothes,416,113,235,122,497,81
14452,img/img_00089408.jpg,upper-body clothes,304,222,297,75,464,160
14453,img/img_00089423.jpg,full-body clothes,372,44,235,191,448,76
14454,img/img_00089439.jpg,full-body clothes,175,82,119,37,218,43
14455,img/img_00089447.jpg,full-body clothes,213,94,221,127,300,87
14456,img/img_00089451.jpg,full-body clothes,230,125,205,80,324,94
14457,img/img_00089461.jpg,full-body clothes,251,170,245,75,334,83
14458,img/img_00089466.jpg,full-body clothes,230,116,134,18,312,82
14459,img/img_00089468.jpg,full-body clothes,275,31,268,237,425,150
14460,img/img_00089477.jpg,full-body clothes,301,120,252,132,422,121
14461,img/img_00089479.jpg,full-body clothes,163,97,458,361,224,61
14462,img/img_00089485.jpg,full-body clothes,285,124,322,198,420,135
14463,img/img_00089490.jpg,full-body clothes,341,120,240,120,454,113
14464,img/img_00089493.jpg,full-body clothes,248,90,188,98,333,85
14465,img/img_00089496.jpg,lower-body clothes,127,182,270,88,415,288
14466,img/img_00089503.jpg,lower-body clothes,125,106,207,101,409,284
14467,img/img_00089508.jpg,lower-body clothes,214,136,278,142,460,246
14468,img/img_00089512.jpg,lower-body clothes,79,121,208,87,323,244
14469,img/img_00089515.jpg,full-body clothes,309,132,284,152,435,126
14470,img/img_00089516.jpg,full-body clothes,332,163,256,93,471,139
14471,img/img_00089552.jpg,upper-body clothes,202,165,288,123,303,101
14472,img/img_00089555.jpg,upper-body clothes,186,493,493,0,186,0
14473,img/img_00089570.jpg,upper-body clothes,361,85,238,153,432,71
14474,img/img_00089572.jpg,upper-body clothes,242,190,211,21,339,97
14475,img/img_00089580.jpg,full-body clothes,245,103,164,61,329,84
14476,img/img_00089586.jpg,full-body clothes,301,106,253,147,413,112
14477,img/img_00089591.jpg,full-body clothes,495,345,345,0,495,0
14478,img/img_00089597.jpg,lower-body clothes,163,190,282,92,354,191
14479,img/img_00089610.jpg,lower-body clothes,363,75,189,114,381,18
14480,img/img_00089611.jpg,lower-body clothes,297,270,270,0,297,0
14481,img/img_00089626.jpg,upper-body clothes,77,270,270,0,77,0
14482,img/img_00089628.jpg,upper-body clothes,233,155,257,102,392,159
14483,img/img_00089645.jpg,full-body clothes,347,273,302,29,469,122
14484,img/img_00089651.jpg,full-body clothes,198,83,218,135,264,66
14485,img/img_00089656.jpg,upper-body clothes,87,98,157,59,141,54
14486,img/img_00089667.jpg,upper-body clothes,188,147,260,113,257,69
14487,img/img_00089668.jpg,full-body clothes,194,97,200,103,262,68
14488,img/img_00089669.jpg,full-body clothes,349,85,176,91,442,93
14489,img/img_00089673.jpg,full-body clothes,429,92,242,150,446,17
14490,img/img_00089675.jpg,full-body clothes,361,153,335,182,449,88
14491,img/img_00089682.jpg,full-body clothes,483,199,199,0,483,0
14492,img/img_00089686.jpg,full-body clothes,373,96,226,130,476,103
14493,img/img_00089699.jpg,full-body clothes,330,38,201,163,444,114
14494,img/img_00089708.jpg,full-body clothes,482,230,230,0,482,0
14495,img/img_00089712.jpg,full-body clothes,132,86,123,37,181,49
14496,img/img_00089718.jpg,full-body clothes,354,188,266,78,489,135
14497,img/img_00089723.jpg,full-body clothes,228,98,238,140,319,91
14498,img/img_00089730.jpg,full-body clothes,255,48,200,152,416,161
14499,img/img_00089739.jpg,full-body clothes,304,148,319,171,428,124
14500,img/img_00089744.jpg,full-body clothes,307,159,259,100,440,133
14501,img/img_00089747.jpg,full-body clothes,346,113,265,152,439,93
14502,img/img_00089750.jpg,full-body clothes,389,59,129,70,478,89
14503,img/img_00089759.jpg,full-body clothes,219,105,231,126,305,86
14504,img/img_00089761.jpg,full-body clothes,330,116,290,174,412,82
14505,img/img_00089763.jpg,full-body clothes,397,130,231,101,484,87
14506,img/img_00089764.jpg,full-body clothes,190,52,167,115,229,39
14507,img/img_00089768.jpg,full-body clothes,373,88,203,115,467,94
14508,img/img_00089773.jpg,full-body clothes,303,148,152,4,432,129
14509,img/img_00089775.jpg,full-body clothes,292,185,202,17,391,99
14510,img/img_00089781.jpg,lower-body clothes,124,112,171,59,343,219
14511,img/img_00089786.jpg,lower-body clothes,95,102,275,173,307,212
14512,img/img_00089794.jpg,upper-body clothes,257,112,234,122,375,118
14513,img/img_00089795.jpg,upper-body clothes,372,350,350,0,372,0
14514,img/img_00089804.jpg,full-body clothes,276,257,257,0,276,0
14515,img/img_00089810.jpg,full-body clothes,212,154,169,15,298,86
14516,img/img_00089821.jpg,lower-body clothes,222,235,287,52,478,256
14517,img/img_00089837.jpg,lower-body clothes,241,310,330,20,349,108
14518,img/img_00089851.jpg,lower-body clothes,62,70,134,64,85,23
14519,img/img_00089852.jpg,lower-body clothes,136,87,238,151,422,286
14520,img/img_00089854.jpg,lower-body clothes,164,126,282,156,426,262
14521,img/img_00089895.jpg,upper-body clothes,335,258,258,0,335,0
14522,img/img_00089897.jpg,upper-body clothes,241,116,222,106,383,142
14523,img/img_00089901.jpg,upper-body clothes,204,97,148,51,292,88
14524,img/img_00089904.jpg,upper-body clothes,342,125,233,108,494,152
14525,img/img_00089908.jpg,upper-body clothes,171,112,245,133,270,99
14526,img/img_00089911.jpg,upper-body clothes,174,73,164,91,232,58
14527,img/img_00089932.jpg,full-body clothes,275,125,256,131,392,117
14528,img/img_00089933.jpg,full-body clothes,231,84,155,71,309,78
14529,img/img_00089941.jpg,full-body clothes,297,56,154,98,363,66
14530,img/img_00089952.jpg,lower-body clothes,53,116,177,61,270,217
14531,img/img_00089953.jpg,lower-body clothes,103,169,234,65,430,327
14532,img/img_00089955.jpg,lower-body clothes,54,82,182,100,180,126
14533,img/img_00089966.jpg,lower-body clothes,55,60,104,44,147,92
14534,img/img_00089967.jpg,lower-body clothes,288,251,251,0,288,0
14535,img/img_00089970.jpg,lower-body clothes,99,47,126,79,184,85
14536,img/img_00089971.jpg,lower-body clothes,267,186,253,67,277,10
14537,img/img_00089977.jpg,lower-body clothes,122,126,306,180,331,209
14538,img/img_00089985.jpg,full-body clothes,300,103,249,146,378,78
14539,img/img_00089990.jpg,full-body clothes,207,67,156,89,261,54
14540,img/img_00089994.jpg,full-body clothes,418,205,410,205,431,13
14541,img/img_00089997.jpg,full-body clothes,178,68,193,125,277,99
14542,img/img_00089998.jpg,full-body clothes,237,81,151,70,292,55
14543,img/img_00090005.jpg,upper-body clothes,323,166,248,82,444,121
14544,img/img_00090010.jpg,upper-body clothes,84,51,166,115,150,66
14545,img/img_00090011.jpg,upper-body clothes,299,67,162,95,393,94
14546,img/img_00090014.jpg,upper-body clothes,187,129,227,98,298,111
14547,img/img_00090024.jpg,upper-body clothes,144,69,127,58,198,54
14548,img/img_00090029.jpg,upper-body clothes,147,164,225,61,257,110
14549,img/img_00090031.jpg,full-body clothes,171,112,154,42,229,58
14550,img/img_00090036.jpg,full-body clothes,207,58,146,88,272,65
14551,img/img_00090042.jpg,full-body clothes,300,195,247,52,378,78
14552,img/img_00090047.jpg,full-body clothes,371,189,302,113,486,115
14553,img/img_00090048.jpg,full-body clothes,315,64,200,136,400,85
14554,img/img_00090050.jpg,full-body clothes,394,159,199,40,495,101
14555,img/img_00090064.jpg,lower-body clothes,261,54,186,132,265,4
14556,img/img_00090083.jpg,full-body clothes,348,91,219,128,469,121
14557,img/img_00090087.jpg,full-body clothes,290,216,264,48,401,111
14558,img/img_00090090.jpg,full-body clothes,313,159,218,59,435,122
14559,img/img_00090105.jpg,upper-body clothes,142,83,179,96,198,56
14560,img/img_00090108.jpg,upper-body clothes,352,216,233,17,393,41
14561,img/img_00090109.jpg,upper-body clothes,297,40,217,177,387,90
14562,img/img_00090112.jpg,upper-body clothes,191,38,174,136,279,88
14563,img/img_00090116.jpg,upper-body clothes,147,79,180,101,203,56
14564,img/img_00090117.jpg,upper-body clothes,187,100,177,77,280,93
14565,img/img_00090120.jpg,lower-body clothes,97,155,257,102,343,246
14566,img/img_00090131.jpg,lower-body clothes,159,61,223,162,276,117
14567,img/img_00090136.jpg,lower-body clothes,227,328,442,114,301,74
14568,img/img_00090137.jpg,lower-body clothes,79,130,325,195,260,181
14569,img/img_00090141.jpg,lower-body clothes,137,193,278,85,451,314
14570,img/img_00090144.jpg,lower-body clothes,152,157,236,79,449,297
14571,img/img_00090158.jpg,lower-body clothes,126,149,213,64,400,274
14572,img/img_00090159.jpg,lower-body clothes,211,239,239,0,211,0
14573,img/img_00090179.jpg,full-body clothes,187,54,139,85,231,44
14574,img/img_00090187.jpg,upper-body clothes,136,75,125,50,218,82
14575,img/img_00090194.jpg,upper-body clothes,126,111,158,47,217,91
14576,img/img_00090195.jpg,upper-body clothes,126,88,148,60,205,79
14577,img/img_00090204.jpg,upper-body clothes,279,236,308,72,393,114
14578,img/img_00090211.jpg,upper-body clothes,116,77,133,56,179,63
14579,img/img_00090214.jpg,upper-body clothes,299,135,244,109,449,150
14580,img/img_00090218.jpg,upper-body clothes,108,86,133,47,203,95
14581,img/img_00090225.jpg,upper-body clothes,468,207,207,0,468,0
14582,img/img_00090230.jpg,upper-body clothes,195,115,227,112,317,122
14583,img/img_00090236.jpg,upper-body clothes,256,138,274,136,371,115
14584,img/img_00090240.jpg,upper-body clothes,278,136,246,110,428,150
14585,img/img_00090252.jpg,upper-body clothes,155,154,290,136,236,81
14586,img/img_00090255.jpg,upper-body clothes,457,475,475,0,457,0
14587,img/img_00090267.jpg,lower-body clothes,165,98,275,177,353,188
14588,img/img_00090271.jpg,lower-body clothes,116,43,187,144,229,113
14589,img/img_00090274.jpg,lower-body clothes,162,98,199,101,348,186
14590,img/img_00090277.jpg,full-body clothes,146,217,217,0,146,0
14591,img/img_00090280.jpg,full-body clothes,315,190,284,94,437,122
14592,img/img_00090284.jpg,full-body clothes,350,243,319,76,500,150
14593,img/img_00090287.jpg,full-body clothes,251,76,190,114,361,110
14594,img/img_00090296.jpg,full-body clothes,348,210,367,157,490,142
14595,img/img_00090298.jpg,full-body clothes,219,251,251,0,219,0
14596,img/img_00090300.jpg,full-body clothes,475,263,263,0,475,0
14597,img/img_00090304.jpg,full-body clothes,349,301,301,0,349,0
14598,img/img_00090321.jpg,full-body clothes,441,350,350,0,441,0
14599,img/img_00090323.jpg,full-body clothes,359,134,245,111,464,105
14600,img/img_00090337.jpg,lower-body clothes,96,168,267,99,101,5
14601,img/img_00090344.jpg,lower-body clothes,35,59,149,90,189,154
14602,img/img_00090351.jpg,lower-body clothes,220,214,307,93,470,250
14603,img/img_00090354.jpg,lower-body clothes,106,309,349,40,244,138
14604,img/img_00090356.jpg,lower-body clothes,318,504,504,0,318,0
14605,img/img_00090359.jpg,upper-body clothes,349,228,254,26,425,76
14606,img/img_00090371.jpg,upper-body clothes,475,304,304,0,475,0
14607,img/img_00090376.jpg,lower-body clothes,89,104,215,111,293,204
14608,img/img_00090379.jpg,lower-body clothes,114,158,180,22,141,27
14609,img/img_00090384.jpg,lower-body clothes,72,107,258,151,301,229
14610,img/img_00090389.jpg,lower-body clothes,150,193,300,107,472,322
14611,img/img_00090394.jpg,lower-body clothes,119,45,116,71,244,125
14612,img/img_00090397.jpg,lower-body clothes,265,101,192,91,444,179
14613,img/img_00090400.jpg,lower-body clothes,88,120,178,58,141,53
14614,img/img_00090402.jpg,lower-body clothes,269,87,240,153,462,193
14615,img/img_00090404.jpg,lower-body clothes,187,147,310,163,260,73
14616,img/img_00090415.jpg,lower-body clothes,53,41,225,184,268,215
14617,img/img_00090418.jpg,lower-body clothes,81,73,189,116,268,187
14618,img/img_00090423.jpg,upper-body clothes,219,130,242,112,355,136
14619,img/img_00090436.jpg,upper-body clothes,160,75,100,25,238,78
14620,img/img_00090451.jpg,upper-body clothes,188,198,232,34,364,176
14621,img/img_00090455.jpg,upper-body clothes,420,252,252,0,420,0
14622,img/img_00090461.jpg,upper-body clothes,476,292,292,0,476,0
14623,img/img_00090466.jpg,upper-body clothes,111,83,219,136,234,123
14624,img/img_00090473.jpg,upper-body clothes,421,238,308,70,448,27
14625,img/img_00090477.jpg,upper-body clothes,496,326,326,0,496,0
14626,img/img_00090480.jpg,upper-body clothes,177,119,181,62,206,29
14627,img/img_00090484.jpg,upper-body clothes,154,122,439,317,224,70
14628,img/img_00090489.jpg,upper-body clothes,208,119,137,18,290,82
14629,img/img_00090494.jpg,upper-body clothes,318,196,330,134,500,182
14630,img/img_00090502.jpg,upper-body clothes,154,133,160,27,210,56
14631,img/img_00090510.jpg,upper-body clothes,295,340,340,0,295,0
14632,img/img_00090511.jpg,upper-body clothes,240,157,182,25,389,149
14633,img/img_00090524.jpg,full-body clothes,215,127,178,51,308,93
14634,img/img_00090526.jpg,full-body clothes,275,215,215,0,275,0
14635,img/img_00090529.jpg,full-body clothes,337,214,272,58,456,119
14636,img/img_00090530.jpg,full-body clothes,264,103,189,86,343,79
14637,img/img_00090540.jpg,full-body clothes,270,123,329,206,336,66
14638,img/img_00090541.jpg,full-body clothes,240,69,215,146,324,84
14639,img/img_00090554.jpg,full-body clothes,473,128,323,195,492,19
14640,img/img_00090557.jpg,full-body clothes,331,193,362,169,439,108
14641,img/img_00090561.jpg,full-body clothes,145,76,141,65,193,48
14642,img/img_00090568.jpg,full-body clothes,397,76,150,74,495,98
14643,img/img_00090572.jpg,full-body clothes,252,99,218,119,323,71
14644,img/img_00090573.jpg,full-body clothes,341,184,285,101,458,117
14645,img/img_00090581.jpg,full-body clothes,242,148,183,35,343,101
14646,img/img_00090584.jpg,full-body clothes,400,102,273,171,476,76
14647,img/img_00090590.jpg,upper-body clothes,178,91,216,125,367,189
14648,img/img_00090591.jpg,upper-body clothes,264,155,216,61,378,114
14649,img/img_00090595.jpg,upper-body clothes,222,124,445,321,322,100
14650,img/img_00090604.jpg,full-body clothes,386,122,210,88,460,74
14651,img/img_00090607.jpg,full-body clothes,315,34,91,57,386,71
14652,img/img_00090611.jpg,full-body clothes,171,42,99,57,225,54
14653,img/img_00090615.jpg,full-body clothes,460,335,335,0,460,0
14654,img/img_00090623.jpg,lower-body clothes,193,217,217,0,193,0
14655,img/img_00090626.jpg,lower-body clothes,80,118,153,35,312,232
14656,img/img_00090638.jpg,lower-body clothes,143,48,150,102,259,116
14657,img/img_00090639.jpg,lower-body clothes,252,89,227,138,452,200
14658,img/img_00090643.jpg,lower-body clothes,153,39,134,95,268,115
14659,img/img_00090648.jpg,lower-body clothes,140,51,142,91,272,132
14660,img/img_00090649.jpg,lower-body clothes,246,108,199,91,422,176
14661,img/img_00090650.jpg,lower-body clothes,424,129,252,123,428,4
14662,img/img_00090654.jpg,lower-body clothes,242,93,218,125,460,218
14663,img/img_00090683.jpg,upper-body clothes,124,71,189,118,227,103
14664,img/img_00090691.jpg,lower-body clothes,101,96,151,55,116,15
14665,img/img_00090695.jpg,lower-body clothes,164,164,235,71,185,21
14666,img/img_00090697.jpg,lower-body clothes,161,153,237,84,192,31
14667,img/img_00090699.jpg,lower-body clothes,193,195,278,83,214,21
14668,img/img_00090708.jpg,lower-body clothes,157,178,270,92,235,78
14669,img/img_00090711.jpg,lower-body clothes,121,94,241,147,340,219
14670,img/img_00090719.jpg,upper-body clothes,131,100,154,54,191,60
14671,img/img_00090724.jpg,upper-body clothes,176,108,183,75,286,110
14672,img/img_00090734.jpg,full-body clothes,364,183,294,111,494,130
14673,img/img_00090742.jpg,upper-body clothes,241,117,183,66,264,23
14674,img/img_00090747.jpg,upper-body clothes,38,413,413,0,38,0
14675,img/img_00090758.jpg,full-body clothes,248,69,136,67,298,50
14676,img/img_00090763.jpg,full-body clothes,99,50,128,78,140,41
14677,img/img_00090768.jpg,full-body clothes,485,437,437,0,485,0
14678,img/img_00090772.jpg,full-body clothes,252,95,159,64,316,64
14679,img/img_00090775.jpg,full-body clothes,396,108,182,74,468,72
14680,img/img_00090777.jpg,full-body clothes,466,324,324,0,466,0
14681,img/img_00090784.jpg,full-body clothes,289,53,179,126,343,54
14682,img/img_00090789.jpg,full-body clothes,328,129,250,121,458,130
14683,img/img_00090810.jpg,lower-body clothes,76,58,104,46,192,116
14684,img/img_00090819.jpg,full-body clothes,194,91,142,51,273,79
14685,img/img_00090821.jpg,full-body clothes,164,103,169,66,230,66
14686,img/img_00090822.jpg,full-body clothes,324,199,352,153,466,142
14687,img/img_00090837.jpg,full-body clothes,211,97,143,46,294,83
14688,img/img_00090846.jpg,full-body clothes,182,295,295,0,182,0
14689,img/img_00090853.jpg,full-body clothes,270,200,200,0,270,0
14690,img/img_00090856.jpg,upper-body clothes,196,109,171,62,226,30
14691,img/img_00090864.jpg,upper-body clothes,119,332,332,0,119,0
14692,img/img_00090871.jpg,upper-body clothes,131,145,145,0,131,0
14693,img/img_00090878.jpg,lower-body clothes,256,347,384,37,365,109
14694,img/img_00090890.jpg,upper-body clothes,76,141,141,0,76,0
14695,img/img_00090894.jpg,upper-body clothes,148,132,240,108,256,108
14696,img/img_00090895.jpg,upper-body clothes,184,219,219,0,184,0
14697,img/img_00090896.jpg,upper-body clothes,132,365,365,0,132,0
14698,img/img_00090904.jpg,upper-body clothes,176,241,241,0,176,0
14699,img/img_00090906.jpg,upper-body clothes,287,92,198,106,369,82
14700,img/img_00090907.jpg,upper-body clothes,242,159,255,96,372,130
14701,img/img_00090909.jpg,upper-body clothes,282,400,400,0,282,0
14702,img/img_00090916.jpg,upper-body clothes,215,117,222,105,415,200
14703,img/img_00090917.jpg,upper-body clothes,163,81,198,117,243,80
14704,img/img_00090918.jpg,upper-body clothes,397,224,378,154,416,19
14705,img/img_00090924.jpg,upper-body clothes,116,92,299,207,204,88
14706,img/img_00090928.jpg,upper-body clothes,183,103,161,58,286,103
14707,img/img_00090929.jpg,upper-body clothes,154,107,212,105,259,105
14708,img/img_00090932.jpg,upper-body clothes,203,156,232,76,296,93
14709,img/img_00090933.jpg,upper-body clothes,115,350,350,0,115,0
14710,img/img_00090940.jpg,upper-body clothes,268,176,271,95,333,65
14711,img/img_00090966.jpg,lower-body clothes,306,36,179,143,379,73
14712,img/img_00090969.jpg,lower-body clothes,238,244,295,51,319,81
14713,img/img_00090973.jpg,lower-body clothes,119,183,267,84,437,318
14714,img/img_00090981.jpg,lower-body clothes,211,192,287,95,223,12
14715,img/img_00091003.jpg,full-body clothes,374,132,245,113,456,82
14716,img/img_00091009.jpg,full-body clothes,313,102,234,132,410,97
14717,img/img_00091010.jpg,full-body clothes,293,87,159,72,346,53
14718,img/img_00091015.jpg,upper-body clothes,493,274,274,0,493,0
14719,img/img_00091017.jpg,upper-body clothes,107,78,170,92,171,64
14720,img/img_00091023.jpg,upper-body clothes,181,167,261,94,226,45
14721,img/img_00091040.jpg,lower-body clothes,206,67,227,160,394,188
14722,img/img_00091043.jpg,lower-body clothes,227,78,224,146,435,208
14723,img/img_00091044.jpg,lower-body clothes,111,172,248,76,400,289
14724,img/img_00091046.jpg,lower-body clothes,238,73,218,145,436,198
14725,img/img_00091047.jpg,lower-body clothes,117,55,108,53,218,101
14726,img/img_00091055.jpg,lower-body clothes,379,150,244,94,446,67
14727,img/img_00091057.jpg,full-body clothes,202,119,240,121,289,87
14728,img/img_00091059.jpg,full-body clothes,271,166,253,87,383,112
14729,img/img_00091086.jpg,upper-body clothes,453,284,284,0,453,0
14730,img/img_00091089.jpg,upper-body clothes,304,254,254,0,304,0
14731,img/img_00091108.jpg,upper-body clothes,120,303,303,0,120,0
14732,img/img_00091110.jpg,upper-body clothes,235,194,236,42,286,51
14733,img/img_00091112.jpg,upper-body clothes,104,59,83,24,122,18
14734,img/img_00091113.jpg,upper-body clothes,266,143,255,112,405,139
14735,img/img_00091123.jpg,upper-body clothes,84,73,73,0,84,0
14736,img/img_00091129.jpg,upper-body clothes,141,258,258,0,141,0
14737,img/img_00091143.jpg,upper-body clothes,263,134,262,128,413,150
14738,img/img_00091150.jpg,full-body clothes,172,114,210,96,293,121
14739,img/img_00091154.jpg,full-body clothes,180,84,204,120,309,129
14740,img/img_00091155.jpg,upper-body clothes,142,360,360,0,142,0
14741,img/img_00091159.jpg,upper-body clothes,113,430,430,0,113,0
14742,img/img_00091174.jpg,upper-body clothes,108,82,148,66,169,61
14743,img/img_00091178.jpg,full-body clothes,134,61,121,60,212,78
14744,img/img_00091184.jpg,full-body clothes,506,241,241,0,506,0
14745,img/img_00091185.jpg,full-body clothes,198,228,228,0,198,0
14746,img/img_00091186.jpg,full-body clothes,143,426,426,0,143,0
14747,img/img_00091188.jpg,full-body clothes,123,99,424,325,246,123
14748,img/img_00091205.jpg,lower-body clothes,89,177,179,2,174,85
14749,img/img_00091209.jpg,lower-body clothes,185,259,492,233,193,8
14750,img/img_00091216.jpg,upper-body clothes,307,197,272,75,438,131
14751,img/img_00091218.jpg,upper-body clothes,113,330,330,0,113,0
14752,img/img_00091219.jpg,upper-body clothes,380,217,217,0,380,0
14753,img/img_00091221.jpg,upper-body clothes,359,254,254,0,359,0
14754,img/img_00091225.jpg,upper-body clothes,31,179,179,0,31,0
14755,img/img_00091230.jpg,upper-body clothes,133,324,324,0,133,0
14756,img/img_00091240.jpg,full-body clothes,364,56,214,158,472,108
14757,img/img_00091248.jpg,full-body clothes,113,64,144,80,159,46
14758,img/img_00091249.jpg,full-body clothes,106,135,135,0,106,0
14759,img/img_00091258.jpg,upper-body clothes,201,136,198,62,299,98
14760,img/img_00091261.jpg,upper-body clothes,329,217,278,61,467,138
14761,img/img_00091264.jpg,upper-body clothes,260,223,293,70,397,137
14762,img/img_00091269.jpg,upper-body clothes,264,172,254,82,391,127
14763,img/img_00091272.jpg,upper-body clothes,332,339,339,0,332,0
14764,img/img_00091279.jpg,upper-body clothes,157,43,195,152,234,77
14765,img/img_00091285.jpg,upper-body clothes,279,46,174,128,379,100
14766,img/img_00091288.jpg,upper-body clothes,182,131,187,56,282,100
14767,img/img_00091302.jpg,upper-body clothes,397,216,216,0,397,0
14768,img/img_00091307.jpg,upper-body clothes,143,86,145,59,220,77
14769,img/img_00091312.jpg,upper-body clothes,317,148,234,86,462,145
14770,img/img_00091314.jpg,upper-body clothes,151,106,199,93,232,81
14771,img/img_00091315.jpg,upper-body clothes,147,73,213,140,232,85
14772,img/img_00091322.jpg,upper-body clothes,389,250,250,0,389,0
14773,img/img_00091329.jpg,upper-body clothes,273,220,220,0,273,0
14774,img/img_00091331.jpg,upper-body clothes,366,468,487,19,455,89
14775,img/img_00091345.jpg,upper-body clothes,150,86,135,49,220,70
14776,img/img_00091346.jpg,upper-body clothes,328,207,287,80,473,145
14777,img/img_00091348.jpg,upper-body clothes,282,196,275,79,433,151
14778,img/img_00091350.jpg,upper-body clothes,302,296,296,0,302,0
14779,img/img_00091352.jpg,upper-body clothes,228,101,184,83,324,96
14780,img/img_00091357.jpg,upper-body clothes,131,59,146,87,200,69
14781,img/img_00091368.jpg,lower-body clothes,325,62,243,181,402,77
14782,img/img_00091369.jpg,lower-body clothes,160,61,101,40,173,13
14783,img/img_00091371.jpg,lower-body clothes,391,122,258,136,444,53
14784,img/img_00091372.jpg,lower-body clothes,234,123,279,156,293,59
14785,img/img_00091404.jpg,lower-body clothes,138,43,173,130,261,123
14786,img/img_00091405.jpg,lower-body clothes,426,129,241,112,438,12
14787,img/img_00091411.jpg,upper-body clothes,80,76,209,133,244,164
14788,img/img_00091412.jpg,upper-body clothes,122,108,205,97,217,95
14789,img/img_00091413.jpg,upper-body clothes,264,153,202,49,405,141
14790,img/img_00091415.jpg,upper-body clothes,189,155,251,96,387,198
14791,img/img_00091417.jpg,upper-body clothes,250,117,198,81,421,171
14792,img/img_00091422.jpg,upper-body clothes,222,137,240,103,358,136
14793,img/img_00091427.jpg,lower-body clothes,115,139,256,117,439,324
14794,img/img_00091430.jpg,lower-body clothes,61,53,115,62,222,161
14795,img/img_00091435.jpg,lower-body clothes,83,89,191,102,256,173
14796,img/img_00091440.jpg,lower-body clothes,79,93,151,58,88,9
14797,img/img_00091448.jpg,lower-body clothes,83,20,123,103,122,39
14798,img/img_00091451.jpg,lower-body clothes,64,118,198,80,340,276
14799,img/img_00091456.jpg,lower-body clothes,236,80,165,85,248,12
14800,img/img_00091459.jpg,upper-body clothes,178,77,127,50,275,97
14801,img/img_00091462.jpg,upper-body clothes,132,90,128,38,213,81
14802,img/img_00091465.jpg,upper-body clothes,275,191,266,75,416,141
14803,img/img_00091473.jpg,upper-body clothes,298,201,309,108,454,156
14804,img/img_00091498.jpg,lower-body clothes,189,71,141,70,203,14
14805,img/img_00091505.jpg,lower-body clothes,142,53,179,126,254,112
14806,img/img_00091508.jpg,upper-body clothes,230,162,181,19,384,154
14807,img/img_00091510.jpg,upper-body clothes,258,33,188,155,393,135
14808,img/img_00091517.jpg,upper-body clothes,250,190,241,51,410,160
14809,img/img_00091519.jpg,upper-body clothes,339,219,290,71,460,121
14810,img/img_00091520.jpg,upper-body clothes,247,168,222,54,377,130
14811,img/img_00091527.jpg,upper-body clothes,262,164,228,64,410,148
14812,img/img_00091528.jpg,upper-body clothes,295,53,199,146,413,118
14813,img/img_00091531.jpg,upper-body clothes,299,216,363,147,475,176
14814,img/img_00091535.jpg,upper-body clothes,333,206,206,0,333,0
14815,img/img_00091546.jpg,upper-body clothes,338,226,226,0,338,0
14816,img/img_00091557.jpg,lower-body clothes,155,51,145,94,285,130
14817,img/img_00091566.jpg,full-body clothes,195,110,233,123,274,79
14818,img/img_00091570.jpg,full-body clothes,328,169,258,89,452,124
14819,img/img_00091571.jpg,full-body clothes,222,126,176,50,308,86
14820,img/img_00091580.jpg,full-body clothes,310,69,188,119,440,130
14821,img/img_00091584.jpg,lower-body clothes,60,70,115,45,199,139
14822,img/img_00091585.jpg,lower-body clothes,132,139,252,113,465,333
14823,img/img_00091590.jpg,lower-body clothes,53,64,138,74,190,137
14824,img/img_00091595.jpg,lower-body clothes,335,263,292,29,435,100
14825,img/img_00091603.jpg,lower-body clothes,239,65,198,133,461,222
14826,img/img_00091604.jpg,lower-body clothes,187,74,200,126,379,192
14827,img/img_00091619.jpg,lower-body clothes,244,93,200,107,458,214
14828,img/img_00091621.jpg,lower-body clothes,110,165,288,123,338,228
14829,img/img_00091624.jpg,lower-body clothes,163,223,264,41,260,97
14830,img/img_00091648.jpg,upper-body clothes,220,381,381,0,220,0
14831,img/img_00091655.jpg,lower-body clothes,103,94,140,46,114,11
14832,img/img_00091656.jpg,lower-body clothes,198,79,124,45,204,6
14833,img/img_00091666.jpg,lower-body clothes,102,70,139,69,113,11
14834,img/img_00091667.jpg,lower-body clothes,78,75,152,77,244,166
14835,img/img_00091679.jpg,full-body clothes,363,43,261,218,467,104
14836,img/img_00091682.jpg,full-body clothes,361,172,333,161,471,110
14837,img/img_00091687.jpg,full-body clothes,228,182,182,0,228,0
14838,img/img_00091691.jpg,full-body clothes,259,92,209,117,353,94
14839,img/img_00091712.jpg,full-body clothes,243,65,161,96,301,58
14840,img/img_00091715.jpg,full-body clothes,325,48,181,133,409,84
14841,img/img_00091720.jpg,full-body clothes,367,63,232,169,450,83
14842,img/img_00091722.jpg,full-body clothes,401,33,98,65,479,78
14843,img/img_00091729.jpg,full-body clothes,386,89,245,156,464,78
14844,img/img_00091742.jpg,full-body clothes,273,82,167,85,325,52
14845,img/img_00091744.jpg,full-body clothes,130,46,126,80,177,47
14846,img/img_00091751.jpg,full-body clothes,196,53,122,69,240,44
14847,img/img_00091753.jpg,full-body clothes,356,62,193,131,439,83
14848,img/img_00091762.jpg,lower-body clothes,257,70,106,36,450,193
14849,img/img_00091776.jpg,lower-body clothes,78,94,234,140,273,195
14850,img/img_00091782.jpg,lower-body clothes,69,92,185,93,328,259
14851,img/img_00091786.jpg,lower-body clothes,77,106,217,111,299,222
14852,img/img_00091787.jpg,lower-body clothes,79,95,206,111,278,199
14853,img/img_00091788.jpg,lower-body clothes,190,56,187,131,208,18
14854,img/img_00091794.jpg,lower-body clothes,139,186,231,45,448,309
14855,img/img_00091797.jpg,lower-body clothes,119,64,150,86,236,117
14856,img/img_00091813.jpg,lower-body clothes,399,169,230,61,417,18
14857,img/img_00091821.jpg,upper-body clothes,311,211,211,0,311,0
14858,img/img_00091824.jpg,upper-body clothes,268,199,215,16,415,147
14859,img/img_00091840.jpg,full-body clothes,162,54,169,115,226,64
14860,img/img_00091843.jpg,full-body clothes,427,265,265,0,427,0
14861,img/img_00091855.jpg,upper-body clothes,337,274,274,0,337,0
14862,img/img_00091859.jpg,upper-body clothes,293,189,265,76,427,134
14863,img/img_00091860.jpg,upper-body clothes,243,42,188,146,342,99
14864,img/img_00091872.jpg,full-body clothes,120,63,132,69,159,39
14865,img/img_00091878.jpg,full-body clothes,302,221,221,0,302,0
14866,img/img_00091886.jpg,full-body clothes,345,153,253,100,468,123
14867,img/img_00091895.jpg,full-body clothes,249,86,244,158,337,88
14868,img/img_00091897.jpg,full-body clothes,388,83,235,152,463,75
14869,img/img_00091900.jpg,full-body clothes,170,83,132,49,223,53
14870,img/img_00091917.jpg,upper-body clothes,242,109,229,120,377,135
14871,img/img_00091922.jpg,upper-body clothes,176,130,183,53,273,97
14872,img/img_00091928.jpg,upper-body clothes,235,126,259,133,382,147
14873,img/img_00091929.jpg,upper-body clothes,248,64,205,141,340,92
14874,img/img_00091938.jpg,upper-body clothes,115,81,143,62,193,78
14875,img/img_00091940.jpg,upper-body clothes,333,113,246,133,458,125
14876,img/img_00091942.jpg,upper-body clothes,141,114,237,123,252,111
14877,img/img_00091943.jpg,upper-body clothes,161,67,175,108,245,84
14878,img/img_00091955.jpg,full-body clothes,276,88,228,140,341,65
14879,img/img_00091967.jpg,full-body clothes,333,123,269,146,414,81
14880,img/img_00091972.jpg,full-body clothes,256,123,222,99,352,96
14881,img/img_00091973.jpg,lower-body clothes,139,76,184,108,358,219
14882,img/img_00091975.jpg,lower-body clothes,174,85,228,143,377,203
14883,img/img_00091977.jpg,lower-body clothes,144,69,186,117,348,204
14884,img/img_00091986.jpg,lower-body clothes,182,77,200,123,368,186
14885,img/img_00091988.jpg,lower-body clothes,102,105,228,123,291,189
14886,img/img_00091992.jpg,lower-body clothes,53,59,122,63,134,81
14887,img/img_00091997.jpg,lower-body clothes,178,256,313,57,474,296
14888,img/img_00092000.jpg,lower-body clothes,153,162,221,59,388,235
14889,img/img_00092001.jpg,lower-body clothes,109,111,234,123,285,176
14890,img/img_00092026.jpg,upper-body clothes,229,66,186,120,359,130
14891,img/img_00092027.jpg,upper-body clothes,206,141,279,138,350,144
14892,img/img_00092038.jpg,upper-body clothes,205,112,209,97,337,132
14893,img/img_00092044.jpg,upper-body clothes,381,467,467,0,381,0
14894,img/img_00092048.jpg,upper-body clothes,156,70,119,49,200,44
14895,img/img_00092050.jpg,upper-body clothes,139,55,136,81,191,52
14896,img/img_00092063.jpg,lower-body clothes,104,109,188,79,388,284
14897,img/img_00092065.jpg,lower-body clothes,159,177,219,42,193,34
14898,img/img_00092067.jpg,lower-body clothes,247,172,229,57,319,72
14899,img/img_00092068.jpg,lower-body clothes,85,134,150,16,111,26
14900,img/img_00092071.jpg,upper-body clothes,269,160,247,87,400,131
14901,img/img_00092084.jpg,lower-body clothes,168,55,141,86,204,36
14902,img/img_00092102.jpg,lower-body clothes,237,92,212,120,435,198
14903,img/img_00092134.jpg,upper-body clothes,295,124,186,62,426,131
14904,img/img_00092150.jpg,full-body clothes,274,249,249,0,274,0
14905,img/img_00092151.jpg,full-body clothes,323,81,214,133,410,87
14906,img/img_00092167.jpg,upper-body clothes,165,97,203,106,231,66
14907,img/img_00092176.jpg,upper-body clothes,113,77,212,135,204,91
14908,img/img_00092179.jpg,upper-body clothes,262,142,243,101,427,165
14909,img/img_00092180.jpg,upper-body clothes,208,81,203,122,348,140
14910,img/img_00092186.jpg,upper-body clothes,164,44,213,169,246,82
14911,img/img_00092204.jpg,upper-body clothes,304,128,237,109,420,116
14912,img/img_00092206.jpg,upper-body clothes,276,145,222,77,419,143
14913,img/img_00092210.jpg,upper-body clothes,281,42,176,134,401,120
14914,img/img_00092214.jpg,upper-body clothes,266,95,195,100,388,122
14915,img/img_00092221.jpg,lower-body clothes,440,229,229,0,440,0
14916,img/img_00092223.jpg,lower-body clothes,404,241,241,0,404,0
14917,img/img_00092237.jpg,lower-body clothes,207,85,196,111,249,42
14918,img/img_00092238.jpg,lower-body clothes,272,109,169,60,292,20
14919,img/img_00092245.jpg,upper-body clothes,262,136,285,149,434,172
14920,img/img_00092249.jpg,upper-body clothes,171,40,187,147,237,66
14921,img/img_00092263.jpg,lower-body clothes,365,112,278,166,415,50
14922,img/img_00092268.jpg,lower-body clothes,169,121,208,87,178,9
14923,img/img_00092277.jpg,full-body clothes,428,309,309,0,428,0
14924,img/img_00092278.jpg,full-body clothes,303,128,266,138,422,119
14925,img/img_00092284.jpg,full-body clothes,334,151,210,59,443,109
14926,img/img_00092285.jpg,upper-body clothes,183,122,161,39,204,21
14927,img/img_00092289.jpg,upper-body clothes,109,248,248,0,109,0
14928,img/img_00092291.jpg,upper-body clothes,267,405,405,0,267,0
14929,img/img_00092299.jpg,upper-body clothes,293,119,259,140,445,152
14930,img/img_00092301.jpg,upper-body clothes,231,110,176,66,364,133
14931,img/img_00092302.jpg,upper-body clothes,307,137,221,84,463,156
14932,img/img_00092313.jpg,upper-body clothes,142,66,200,134,240,98
14933,img/img_00092314.jpg,upper-body clothes,140,79,161,82,227,87
14934,img/img_00092315.jpg,upper-body clothes,352,225,225,0,352,0
14935,img/img_00092324.jpg,upper-body clothes,245,49,167,118,368,123
14936,img/img_00092327.jpg,upper-body clothes,296,305,305,0,296,0
14937,img/img_00092349.jpg,upper-body clothes,234,84,234,150,334,100
14938,img/img_00092357.jpg,upper-body clothes,305,71,218,147,452,147
14939,img/img_00092368.jpg,upper-body clothes,313,61,190,129,474,161
14940,img/img_00092369.jpg,upper-body clothes,284,125,291,166,443,159
14941,img/img_00092374.jpg,upper-body clothes,274,71,271,200,407,133
14942,img/img_00092378.jpg,lower-body clothes,223,32,174,142,257,34
14943,img/img_00092382.jpg,lower-body clothes,144,58,155,97,289,145
14944,img/img_00092384.jpg,lower-body clothes,109,45,96,51,215,106
14945,img/img_00092389.jpg,upper-body clothes,170,107,200,93,269,99
14946,img/img_00092390.jpg,upper-body clothes,138,138,295,157,249,111
14947,img/img_00092392.jpg,upper-body clothes,302,197,262,65,446,144
14948,img/img_00092396.jpg,upper-body clothes,152,109,240,131,287,135
14949,img/img_00092402.jpg,lower-body clothes,95,116,232,116,308,213
14950,img/img_00092410.jpg,lower-body clothes,339,216,216,0,339,0
14951,img/img_00092415.jpg,lower-body clothes,218,113,228,115,395,177
14952,img/img_00092421.jpg,lower-body clothes,211,102,209,107,389,178
14953,img/img_00092422.jpg,lower-body clothes,250,54,232,178,456,206
14954,img/img_00092429.jpg,lower-body clothes,253,41,131,90,308,55
14955,img/img_00092434.jpg,lower-body clothes,324,261,261,0,324,0
14956,img/img_00092437.jpg,lower-body clothes,304,61,200,139,466,162
14957,img/img_00092442.jpg,upper-body clothes,434,332,332,0,434,0
14958,img/img_00092445.jpg,upper-body clothes,424,272,343,71,501,77
14959,img/img_00092447.jpg,upper-body clothes,270,133,321,188,442,172
14960,img/img_00092457.jpg,upper-body clothes,383,262,388,126,448,65
14961,img/img_00092459.jpg,upper-body clothes,132,91,149,58,200,68
14962,img/img_00092463.jpg,lower-body clothes,149,122,202,80,312,163
14963,img/img_00092464.jpg,lower-body clothes,236,44,148,104,249,13
14964,img/img_00092465.jpg,lower-body clothes,233,101,217,116,448,215
14965,img/img_00092466.jpg,lower-body clothes,211,46,196,150,418,207
14966,img/img_00092470.jpg,lower-body clothes,155,90,207,117,266,111
14967,img/img_00092471.jpg,lower-body clothes,102,30,121,91,205,103
14968,img/img_00092475.jpg,lower-body clothes,214,63,200,137,376,162
14969,img/img_00092483.jpg,lower-body clothes,446,47,187,140,464,18
14970,img/img_00092486.jpg,lower-body clothes,440,82,234,152,465,25
14971,img/img_00092495.jpg,lower-body clothes,126,220,220,0,126,0
14972,img/img_00092497.jpg,lower-body clothes,144,60,130,70,156,12
14973,img/img_00092498.jpg,upper-body clothes,151,95,139,44,217,66
14974,img/img_00092508.jpg,upper-body clothes,121,64,133,69,183,62
14975,img/img_00092511.jpg,full-body clothes,182,97,153,56,247,65
14976,img/img_00092516.jpg,full-body clothes,355,153,199,46,496,141
14977,img/img_00092521.jpg,full-body clothes,172,55,125,70,234,62
14978,img/img_00092527.jpg,full-body clothes,189,100,166,66,248,59
14979,img/img_00092544.jpg,upper-body clothes,306,71,193,122,436,130
14980,img/img_00092552.jpg,lower-body clothes,165,39,130,91,309,144
14981,img/img_00092553.jpg,lower-body clothes,368,34,130,96,391,23
14982,img/img_00092557.jpg,lower-body clothes,241,81,122,41,246,5
14983,img/img_00092564.jpg,upper-body clothes,237,133,199,66,324,87
14984,img/img_00092566.jpg,upper-body clothes,230,155,240,85,391,161
14985,img/img_00092569.jpg,upper-body clothes,141,83,136,53,224,83
14986,img/img_00092576.jpg,upper-body clothes,134,89,147,58,201,67
14987,img/img_00092577.jpg,upper-body clothes,284,323,323,0,284,0
14988,img/img_00092582.jpg,full-body clothes,267,85,259,174,396,129
14989,img/img_00092586.jpg,full-body clothes,307,172,249,77,441,134
14990,img/img_00092600.jpg,upper-body clothes,123,59,104,45,154,31
14991,img/img_00092602.jpg,upper-body clothes,175,115,316,201,326,151
14992,img/img_00092605.jpg,upper-body clothes,316,51,197,146,433,117
14993,img/img_00092614.jpg,upper-body clothes,305,226,269,43,451,146
14994,img/img_00092623.jpg,lower-body clothes,58,111,148,37,278,220
14995,img/img_00092629.jpg,upper-body clothes,162,146,279,133,280,118
14996,img/img_00092634.jpg,upper-body clothes,172,148,223,75,257,85
14997,img/img_00092639.jpg,full-body clothes,231,22,218,196,376,145
14998,img/img_00092652.jpg,upper-body clothes,174,68,128,60,201,27
14999,img/img_00092657.jpg,upper-body clothes,197,98,209,111,333,136
15000,img/img_00092663.jpg,full-body clothes,188,76,130,54,234,46
15001,img/img_00092665.jpg,full-body clothes,364,68,188,120,439,75
15002,img/img_00092667.jpg,full-body clothes,345,50,174,124,422,77
15003,img/img_00092673.jpg,full-body clothes,398,104,263,159,474,76
15004,img/img_00092685.jpg,full-body clothes,161,94,142,48,214,53
15005,img/img_00092689.jpg,full-body clothes,174,89,120,31,242,68
15006,img/img_00092695.jpg,upper-body clothes,316,135,249,114,438,122
15007,img/img_00092713.jpg,upper-body clothes,196,112,232,120,292,96
15008,img/img_00092729.jpg,upper-body clothes,178,135,196,61,305,127
15009,img/img_00092734.jpg,upper-body clothes,287,164,299,135,398,111
15010,img/img_00092736.jpg,upper-body clothes,237,159,284,125,413,176
15011,img/img_00092740.jpg,upper-body clothes,261,148,293,145,413,152
15012,img/img_00092743.jpg,upper-body clothes,247,194,296,102,430,183
15013,img/img_00092745.jpg,upper-body clothes,248,145,207,62,374,126
15014,img/img_00092747.jpg,upper-body clothes,223,159,214,55,393,170
15015,img/img_00092757.jpg,lower-body clothes,274,135,222,87,459,185
15016,img/img_00092763.jpg,lower-body clothes,168,73,114,41,175,7
15017,img/img_00092775.jpg,upper-body clothes,89,104,133,29,168,79
15018,img/img_00092778.jpg,upper-body clothes,292,309,309,0,292,0
15019,img/img_00092779.jpg,upper-body clothes,97,84,147,63,164,67
15020,img/img_00092781.jpg,upper-body clothes,254,184,246,62,286,32
15021,img/img_00092792.jpg,lower-body clothes,207,155,155,0,207,0
15022,img/img_00092793.jpg,lower-body clothes,215,144,144,0,215,0
15023,img/img_00092801.jpg,lower-body clothes,250,117,188,71,261,11
15024,img/img_00092803.jpg,lower-body clothes,253,80,246,166,475,222
15025,img/img_00092807.jpg,upper-body clothes,427,196,294,98,493,66
15026,img/img_00092808.jpg,upper-body clothes,221,126,235,109,414,193
15027,img/img_00092818.jpg,upper-body clothes,311,109,177,68,360,49
15028,img/img_00092829.jpg,lower-body clothes,148,170,241,71,474,326
15029,img/img_00092831.jpg,lower-body clothes,260,81,247,166,465,205
15030,img/img_00092850.jpg,lower-body clothes,334,102,165,63,345,11
15031,img/img_00092852.jpg,lower-body clothes,357,169,238,69,363,6
15032,img/img_00092856.jpg,lower-body clothes,69,313,313,0,69,0
15033,img/img_00092864.jpg,lower-body clothes,275,124,236,112,365,90
15034,img/img_00092866.jpg,lower-body clothes,257,73,161,88,262,5
15035,img/img_00092873.jpg,lower-body clothes,457,281,338,57,476,19
15036,img/img_00092876.jpg,lower-body clothes,391,300,300,0,391,0
15037,img/img_00092889.jpg,upper-body clothes,153,91,148,57,218,65
15038,img/img_00092894.jpg,full-body clothes,306,134,172,38,366,60
15039,img/img_00092900.jpg,full-body clothes,265,259,259,0,265,0
15040,img/img_00092908.jpg,lower-body clothes,97,95,229,134,291,194
15041,img/img_00092911.jpg,lower-body clothes,83,72,202,130,292,209
15042,img/img_00092916.jpg,lower-body clothes,147,142,248,106,165,18
15043,img/img_00092919.jpg,lower-body clothes,60,36,165,129,221,161
15044,img/img_00092920.jpg,lower-body clothes,352,64,205,141,438,86
15045,img/img_00092921.jpg,lower-body clothes,93,68,192,124,230,137
15046,img/img_00092924.jpg,lower-body clothes,64,113,234,121,386,322
15047,img/img_00092931.jpg,upper-body clothes,409,199,199,0,409,0
15048,img/img_00092935.jpg,full-body clothes,248,240,240,0,248,0
15049,img/img_00092943.jpg,lower-body clothes,121,120,195,75,385,264
15050,img/img_00092958.jpg,upper-body clothes,353,158,333,175,410,57
15051,img/img_00092968.jpg,upper-body clothes,202,107,182,75,285,83
15052,img/img_00092986.jpg,lower-body clothes,383,233,233,0,383,0
15053,img/img_00092991.jpg,lower-body clothes,243,46,147,101,310,67
15054,img/img_00092998.jpg,lower-body clothes,278,49,141,92,312,34
15055,img/img_00093002.jpg,lower-body clothes,56,92,125,33,204,148
15056,img/img_00093027.jpg,lower-body clothes,221,68,202,134,403,182
15057,img/img_00093028.jpg,lower-body clothes,252,297,297,0,252,0
15058,img/img_00093034.jpg,lower-body clothes,181,78,193,115,349,168
15059,img/img_00093049.jpg,upper-body clothes,171,83,190,107,253,82
15060,img/img_00093053.jpg,lower-body clothes,125,146,468,322,372,247
15061,img/img_00093060.jpg,lower-body clothes,82,92,243,151,269,187
15062,img/img_00093062.jpg,lower-body clothes,88,95,215,120,296,208
15063,img/img_00093065.jpg,lower-body clothes,282,434,434,0,282,0
15064,img/img_00093076.jpg,lower-body clothes,128,40,114,74,217,89
15065,img/img_00093078.jpg,lower-body clothes,216,104,188,84,241,25
15066,img/img_00093085.jpg,lower-body clothes,224,67,199,132,433,209
15067,img/img_00093094.jpg,lower-body clothes,359,247,247,0,359,0
15068,img/img_00093111.jpg,upper-body clothes,200,82,189,107,283,83
15069,img/img_00093112.jpg,upper-body clothes,151,112,223,111,257,106
15070,img/img_00093117.jpg,upper-body clothes,495,227,227,0,495,0
15071,img/img_00093122.jpg,upper-body clothes,170,115,241,126,266,96
15072,img/img_00093133.jpg,upper-body clothes,397,104,229,125,473,76
15073,img/img_00093135.jpg,upper-body clothes,326,144,234,90,441,115
15074,img/img_00093138.jpg,upper-body clothes,170,140,238,98,299,129
15075,img/img_00093139.jpg,upper-body clothes,194,112,172,60,263,69
15076,img/img_00093145.jpg,full-body clothes,322,103,228,125,400,78
15077,img/img_00093146.jpg,full-body clothes,189,71,161,90,207,18
15078,img/img_00093150.jpg,full-body clothes,167,101,161,60,186,19
15079,img/img_00093151.jpg,full-body clothes,177,70,139,69,230,53
15080,img/img_00093163.jpg,full-body clothes,378,140,193,53,445,67
15081,img/img_00093165.jpg,full-body clothes,485,37,151,114,490,5
15082,img/img_00093168.jpg,full-body clothes,311,128,231,103,421,110
15083,img/img_00093176.jpg,upper-body clothes,385,250,250,0,385,0
15084,img/img_00093179.jpg,upper-body clothes,367,186,302,116,465,98
15085,img/img_00093190.jpg,upper-body clothes,373,252,252,0,373,0
15086,img/img_00093192.jpg,upper-body clothes,212,182,272,90,426,214
15087,img/img_00093193.jpg,upper-body clothes,415,300,300,0,415,0
15088,img/img_00093198.jpg,upper-body clothes,241,129,230,101,381,140
15089,img/img_00093201.jpg,upper-body clothes,122,194,262,68,276,154
15090,img/img_00093203.jpg,upper-body clothes,180,100,175,75,297,117
15091,img/img_00093218.jpg,upper-body clothes,282,186,309,123,426,144
15092,img/img_00093220.jpg,upper-body clothes,97,31,117,86,142,45
15093,img/img_00093227.jpg,full-body clothes,161,213,213,0,161,0
15094,img/img_00093246.jpg,full-body clothes,260,299,299,0,260,0
15095,img/img_00093256.jpg,upper-body clothes,269,51,221,170,400,131
15096,img/img_00093261.jpg,upper-body clothes,159,76,76,0,159,0
15097,img/img_00093279.jpg,upper-body clothes,187,145,321,176,305,118
15098,img/img_00093282.jpg,upper-body clothes,142,100,162,62,202,60
15099,img/img_00093291.jpg,upper-body clothes,248,226,305,79,375,127
15100,img/img_00093293.jpg,upper-body clothes,126,90,157,67,202,76
15101,img/img_00093294.jpg,upper-body clothes,195,67,257,190,300,105
15102,img/img_00093297.jpg,upper-body clothes,135,106,155,49,276,141
15103,img/img_00093323.jpg,lower-body clothes,128,51,120,69,226,98
15104,img/img_00093327.jpg,lower-body clothes,290,103,222,119,443,153
15105,img/img_00093338.jpg,lower-body clothes,94,151,266,115,404,310
15106,img/img_00093339.jpg,lower-body clothes,79,103,176,73,278,199
15107,img/img_00093343.jpg,lower-body clothes,47,54,228,174,107,60
15108,img/img_00093352.jpg,lower-body clothes,163,134,252,118,461,298
15109,img/img_00093355.jpg,lower-body clothes,332,139,250,111,404,72
15110,img/img_00093367.jpg,lower-body clothes,64,65,205,140,273,209
15111,img/img_00093369.jpg,lower-body clothes,251,193,193,0,251,0
15112,img/img_00093394.jpg,lower-body clothes,216,78,318,240,458,242
15113,img/img_00093400.jpg,lower-body clothes,407,125,257,132,425,18
15114,img/img_00093406.jpg,lower-body clothes,226,70,179,109,237,11
15115,img/img_00093435.jpg,upper-body clothes,301,186,336,150,454,153
15116,img/img_00093438.jpg,upper-body clothes,181,113,167,54,297,116
15117,img/img_00093450.jpg,upper-body clothes,200,168,168,0,200,0
15118,img/img_00093460.jpg,upper-body clothes,235,180,294,114,389,154
15119,img/img_00093467.jpg,full-body clothes,252,99,147,48,310,58
15120,img/img_00093480.jpg,full-body clothes,221,110,206,96,293,72
15121,img/img_00093487.jpg,full-body clothes,388,148,245,97,467,79
15122,img/img_00093490.jpg,full-body clothes,120,45,93,48,159,39
15123,img/img_00093531.jpg,upper-body clothes,280,42,239,197,377,97
15124,img/img_00093532.jpg,upper-body clothes,288,69,208,139,445,157
15125,img/img_00093534.jpg,upper-body clothes,201,45,136,91,265,64
15126,img/img_00093543.jpg,upper-body clothes,189,39,186,147,240,51
15127,img/img_00093544.jpg,upper-body clothes,183,84,161,77,289,106
15128,img/img_00093556.jpg,upper-body clothes,364,48,153,105,483,119
15129,img/img_00093560.jpg,upper-body clothes,297,55,172,117,427,130
15130,img/img_00093567.jpg,upper-body clothes,360,135,211,76,477,117
15131,img/img_00093570.jpg,upper-body clothes,163,35,169,134,215,52
15132,img/img_00093590.jpg,full-body clothes,133,186,186,0,133,0
15133,img/img_00093591.jpg,full-body clothes,165,127,127,0,165,0
15134,img/img_00093602.jpg,full-body clothes,406,30,241,211,486,80
15135,img/img_00093607.jpg,full-body clothes,114,164,164,0,114,0
15136,img/img_00093613.jpg,lower-body clothes,415,123,291,168,421,6
15137,img/img_00093616.jpg,lower-body clothes,225,320,320,0,225,0
15138,img/img_00093618.jpg,lower-body clothes,230,408,408,0,230,0
15139,img/img_00093628.jpg,full-body clothes,266,96,209,113,354,88
15140,img/img_00093632.jpg,full-body clothes,257,87,209,122,354,97
15141,img/img_00093633.jpg,full-body clothes,282,81,210,129,357,75
15142,img/img_00093634.jpg,full-body clothes,261,249,249,0,261,0
15143,img/img_00093635.jpg,full-body clothes,339,116,225,109,432,93
15144,img/img_00093639.jpg,full-body clothes,324,80,197,117,418,94
15145,img/img_00093642.jpg,full-body clothes,119,113,113,0,119,0
15146,img/img_00093647.jpg,full-body clothes,241,63,174,111,309,68
15147,img/img_00093657.jpg,full-body clothes,221,213,213,0,221,0
15148,img/img_00093660.jpg,full-body clothes,365,294,294,0,365,0
15149,img/img_00093667.jpg,full-body clothes,265,91,207,116,348,83
15150,img/img_00093669.jpg,full-body clothes,410,74,223,149,498,88
15151,img/img_00093686.jpg,full-body clothes,231,82,201,119,282,51
15152,img/img_00093698.jpg,full-body clothes,495,334,334,0,495,0
15153,img/img_00093712.jpg,upper-body clothes,175,161,181,20,243,68
15154,img/img_00093723.jpg,full-body clothes,293,142,199,57,382,89
15155,img/img_00093728.jpg,full-body clothes,188,111,279,168,262,74
15156,img/img_00093731.jpg,full-body clothes,313,88,153,65,387,74
15157,img/img_00093732.jpg,full-body clothes,301,71,279,208,472,171
15158,img/img_00093736.jpg,full-body clothes,338,104,104,0,338,0
15159,img/img_00093748.jpg,full-body clothes,136,104,104,0,136,0
15160,img/img_00093754.jpg,full-body clothes,193,76,195,119,220,27
15161,img/img_00093757.jpg,full-body clothes,409,103,407,304,449,40
15162,img/img_00093759.jpg,full-body clothes,115,52,119,67,156,41
15163,img/img_00093779.jpg,full-body clothes,205,40,193,153,311,106
15164,img/img_00093782.jpg,full-body clothes,142,19,133,114,183,41
15165,img/img_00093813.jpg,full-body clothes,148,54,123,69,191,43
15166,img/img_00093816.jpg,full-body clothes,208,111,194,83,282,74
15167,img/img_00093827.jpg,full-body clothes,190,103,187,84,256,66
15168,img/img_00093869.jpg,lower-body clothes,190,27,124,97,214,24
15169,img/img_00093873.jpg,lower-body clothes,375,83,210,127,412,37
15170,img/img_00093877.jpg,lower-body clothes,287,93,227,134,332,45
15171,img/img_00093881.jpg,lower-body clothes,399,45,127,82,438,39
15172,img/img_00093882.jpg,lower-body clothes,129,88,160,72,257,128
15173,img/img_00093892.jpg,lower-body clothes,220,104,247,143,407,187
15174,img/img_00093895.jpg,lower-body clothes,234,72,306,234,434,200
15175,img/img_00093905.jpg,lower-body clothes,42,340,340,0,42,0
15176,img/img_00093933.jpg,lower-body clothes,113,131,455,324,352,239
15177,img/img_00093942.jpg,lower-body clothes,97,44,172,128,253,156
15178,img/img_00093946.jpg,lower-body clothes,218,136,247,111,482,264
15179,img/img_00093954.jpg,lower-body clothes,140,161,237,76,411,271
15180,img/img_00093965.jpg,lower-body clothes,164,87,159,72,329,165
15181,img/img_00093966.jpg,lower-body clothes,72,263,263,0,72,0
15182,img/img_00093973.jpg,lower-body clothes,106,135,316,181,284,178
15183,img/img_00093975.jpg,lower-body clothes,283,115,204,89,287,4
15184,img/img_00093978.jpg,lower-body clothes,266,96,164,68,474,208
15185,img/img_00093982.jpg,lower-body clothes,257,155,155,0,257,0
15186,img/img_00093989.jpg,lower-body clothes,241,279,279,0,241,0
15187,img/img_00093992.jpg,lower-body clothes,314,290,290,0,314,0
15188,img/img_00093994.jpg,lower-body clothes,184,73,212,139,434,250
15189,img/img_00093999.jpg,lower-body clothes,361,205,285,80,447,86
15190,img/img_00094004.jpg,lower-body clothes,97,45,119,74,162,65
15191,img/img_00094032.jpg,lower-body clothes,275,77,197,120,446,171
15192,img/img_00094033.jpg,lower-body clothes,316,321,321,0,316,0
15193,img/img_00094040.jpg,lower-body clothes,368,189,189,0,368,0
15194,img/img_00094045.jpg,lower-body clothes,62,431,431,0,62,0
15195,img/img_00094047.jpg,lower-body clothes,154,236,398,162,372,218
15196,img/img_00094048.jpg,lower-body clothes,128,172,402,230,328,200
15197,img/img_00094050.jpg,lower-body clothes,113,198,360,162,409,296
15198,img/img_00094056.jpg,lower-body clothes,77,97,168,71,258,181
15199,img/img_00094057.jpg,lower-body clothes,103,125,203,78,409,306
15200,img/img_00094063.jpg,lower-body clothes,177,79,143,64,322,145
15201,img/img_00094069.jpg,lower-body clothes,173,54,141,87,343,170
15202,img/img_00094074.jpg,lower-body clothes,204,57,152,95,332,128
15203,img/img_00094075.jpg,lower-body clothes,186,36,150,114,328,142
15204,img/img_00094084.jpg,lower-body clothes,292,92,238,146,307,15
15205,img/img_00094086.jpg,lower-body clothes,139,133,133,0,139,0
15206,img/img_00094090.jpg,lower-body clothes,127,66,219,153,182,55
15207,img/img_00094092.jpg,lower-body clothes,29,212,212,0,29,0
15208,img/img_00094114.jpg,lower-body clothes,270,83,253,170,463,193
15209,img/img_00094115.jpg,lower-body clothes,34,261,261,0,34,0
15210,img/img_00094120.jpg,lower-body clothes,270,92,261,169,443,173
15211,img/img_00094121.jpg,lower-body clothes,180,63,103,40,184,4
15212,img/img_00094122.jpg,lower-body clothes,359,147,286,139,415,56
15213,img/img_00094126.jpg,lower-body clothes,30,273,273,0,30,0
15214,img/img_00094137.jpg,lower-body clothes,128,48,232,184,251,123
15215,img/img_00094142.jpg,lower-body clothes,87,76,224,148,322,235
15216,img/img_00094150.jpg,lower-body clothes,105,139,216,77,391,286
15217,img/img_00094152.jpg,lower-body clothes,68,52,212,160,224,156
15218,img/img_00094154.jpg,lower-body clothes,84,86,184,98,277,193
15219,img/img_00094155.jpg,lower-body clothes,63,89,107,18,233,170
15220,img/img_00094160.jpg,lower-body clothes,82,82,431,349,244,162
15221,img/img_00094161.jpg,lower-body clothes,84,40,180,140,97,13
15222,img/img_00094166.jpg,lower-body clothes,73,103,196,93,275,202
15223,img/img_00094169.jpg,lower-body clothes,128,252,283,31,410,282
15224,img/img_00094171.jpg,lower-body clothes,167,174,266,92,482,315
15225,img/img_00094174.jpg,lower-body clothes,185,169,252,83,230,45
15226,img/img_00094183.jpg,lower-body clothes,148,134,199,65,432,284
15227,img/img_00094210.jpg,lower-body clothes,183,230,338,108,486,303
15228,img/img_00094214.jpg,lower-body clothes,118,112,225,113,234,116
15229,img/img_00094217.jpg,lower-body clothes,71,89,115,26,73,2
15230,img/img_00094219.jpg,lower-body clothes,268,271,345,74,289,21
15231,img/img_00094220.jpg,lower-body clothes,148,134,221,87,335,187
15232,img/img_00094240.jpg,lower-body clothes,186,172,341,169,218,32
15233,img/img_00094243.jpg,lower-body clothes,104,153,235,82,389,285
15234,img/img_00094251.jpg,lower-body clothes,161,136,229,93,440,279
15235,img/img_00094253.jpg,lower-body clothes,122,130,243,113,385,263
15236,img/img_00094256.jpg,lower-body clothes,186,39,217,178,373,187
15237,img/img_00094257.jpg,lower-body clothes,113,131,231,100,428,315
15238,img/img_00094258.jpg,lower-body clothes,232,144,144,0,232,0
15239,img/img_00094260.jpg,lower-body clothes,134,142,218,76,394,260
15240,img/img_00094289.jpg,upper-body clothes,138,84,161,77,211,73
15241,img/img_00094291.jpg,upper-body clothes,196,58,118,60,270,74
15242,img/img_00094296.jpg,upper-body clothes,120,73,136,63,204,84
15243,img/img_00094300.jpg,upper-body clothes,112,75,195,120,197,85
15244,img/img_00094302.jpg,upper-body clothes,63,46,166,120,112,49
15245,img/img_00094313.jpg,upper-body clothes,345,511,511,0,345,0
15246,img/img_00094321.jpg,upper-body clothes,51,59,133,74,190,139
15247,img/img_00094332.jpg,upper-body clothes,150,38,129,91,209,59
15248,img/img_00094338.jpg,upper-body clothes,159,86,186,100,214,55
15249,img/img_00094346.jpg,upper-body clothes,359,82,194,112,487,128
15250,img/img_00094357.jpg,upper-body clothes,145,89,104,15,163,18
15251,img/img_00094358.jpg,full-body clothes,330,224,362,138,457,127
15252,img/img_00094365.jpg,full-body clothes,159,82,189,107,216,57
15253,img/img_00094382.jpg,upper-body clothes,109,104,138,34,189,80
15254,img/img_00094392.jpg,upper-body clothes,405,97,97,0,405,0
15255,img/img_00094398.jpg,upper-body clothes,493,240,292,52,502,9
15256,img/img_00094408.jpg,upper-body clothes,164,69,238,169,278,114
15257,img/img_00094413.jpg,upper-body clothes,244,38,93,55,339,95
15258,img/img_00094414.jpg,upper-body clothes,491,146,146,0,491,0
15259,img/img_00094456.jpg,full-body clothes,250,52,140,88,338,88
15260,img/img_00094459.jpg,full-body clothes,128,61,185,124,166,38
15261,img/img_00094467.jpg,upper-body clothes,270,239,372,133,432,162
15262,img/img_00094470.jpg,upper-body clothes,222,111,125,14,260,38
15263,img/img_00094477.jpg,upper-body clothes,335,76,206,130,468,133
15264,img/img_00094486.jpg,upper-body clothes,239,68,186,118,348,109
15265,img/img_00094489.jpg,upper-body clothes,496,293,293,0,496,0
15266,img/img_00094491.jpg,upper-body clothes,253,55,120,65,339,86
15267,img/img_00094496.jpg,full-body clothes,320,158,242,84,465,145
15268,img/img_00094497.jpg,full-body clothes,338,157,256,99,475,137
15269,img/img_00094498.jpg,full-body clothes,323,113,251,138,407,84
15270,img/img_00094500.jpg,full-body clothes,248,79,167,88,336,88
15271,img/img_00094515.jpg,full-body clothes,358,154,232,78,447,89
15272,img/img_00094516.jpg,full-body clothes,210,87,290,203,296,86
15273,img/img_00094519.jpg,full-body clothes,178,101,209,108,252,74
15274,img/img_00094520.jpg,full-body clothes,206,97,193,96,276,70
15275,img/img_00094521.jpg,full-body clothes,307,77,199,122,408,101
15276,img/img_00094524.jpg,full-body clothes,256,29,206,177,342,86
15277,img/img_00094531.jpg,full-body clothes,186,76,206,130,241,55
15278,img/img_00094532.jpg,full-body clothes,396,110,235,125,496,100
15279,img/img_00094542.jpg,upper-body clothes,342,196,262,66,501,159
15280,img/img_00094548.jpg,upper-body clothes,361,479,479,0,361,0
15281,img/img_00094556.jpg,upper-body clothes,170,117,117,0,170,0
15282,img/img_00094559.jpg,full-body clothes,184,95,124,29,220,36
15283,img/img_00094562.jpg,full-body clothes,279,208,208,0,279,0
15284,img/img_00094563.jpg,full-body clothes,266,82,171,89,324,58
15285,img/img_00094567.jpg,full-body clothes,274,124,233,109,359,85
15286,img/img_00094581.jpg,full-body clothes,197,98,166,68,278,81
15287,img/img_00094582.jpg,full-body clothes,246,39,177,138,348,102
15288,img/img_00094588.jpg,upper-body clothes,257,100,213,113,383,126
15289,img/img_00094593.jpg,upper-body clothes,311,174,254,80,467,156
15290,img/img_00094594.jpg,upper-body clothes,308,27,189,162,384,76
15291,img/img_00094600.jpg,upper-body clothes,497,393,393,0,497,0
15292,img/img_00094611.jpg,full-body clothes,390,95,160,65,471,81
15293,img/img_00094615.jpg,full-body clothes,284,186,186,0,284,0
15294,img/img_00094621.jpg,full-body clothes,121,162,162,0,121,0
15295,img/img_00094622.jpg,full-body clothes,365,150,150,0,365,0
15296,img/img_00094629.jpg,full-body clothes,352,145,235,90,417,65
15297,img/img_00094643.jpg,upper-body clothes,258,80,182,102,409,151
15298,img/img_00094646.jpg,upper-body clothes,248,155,155,0,248,0
15299,img/img_00094663.jpg,upper-body clothes,310,91,215,124,441,131
15300,img/img_00094693.jpg,upper-body clothes,351,181,324,143,478,127
15301,img/img_00094694.jpg,upper-body clothes,268,179,196,17,276,8
15302,img/img_00094699.jpg,upper-body clothes,404,275,321,46,450,46
15303,img/img_00094701.jpg,upper-body clothes,474,316,316,0,474,0
15304,img/img_00094703.jpg,upper-body clothes,142,85,253,168,226,84
15305,img/img_00094712.jpg,upper-body clothes,151,92,151,59,228,77
15306,img/img_00094714.jpg,full-body clothes,337,110,241,131,429,92
15307,img/img_00094715.jpg,full-body clothes,390,186,186,0,390,0
15308,img/img_00094716.jpg,full-body clothes,276,84,250,166,363,87
15309,img/img_00094718.jpg,full-body clothes,353,113,225,112,463,110
15310,img/img_00094726.jpg,full-body clothes,278,64,162,98,327,49
15311,img/img_00094730.jpg,full-body clothes,388,61,147,86,471,83
15312,img/img_00094731.jpg,full-body clothes,379,103,212,109,466,87
15313,img/img_00094732.jpg,full-body clothes,272,74,160,86,336,64
15314,img/img_00094736.jpg,full-body clothes,279,78,173,95,341,62
15315,img/img_00094739.jpg,upper-body clothes,340,81,166,85,414,74
15316,img/img_00094747.jpg,upper-body clothes,257,68,219,151,350,93
15317,img/img_00094748.jpg,upper-body clothes,241,101,197,96,366,125
15318,img/img_00094751.jpg,upper-body clothes,297,158,236,78,424,127
15319,img/img_00094755.jpg,full-body clothes,410,155,287,132,486,76
15320,img/img_00094766.jpg,full-body clothes,225,221,221,0,225,0
15321,img/img_00094768.jpg,full-body clothes,198,123,226,103,295,97
15322,img/img_00094769.jpg,full-body clothes,364,159,198,39,490,126
15323,img/img_00094775.jpg,full-body clothes,188,67,180,113,264,76
15324,img/img_00094785.jpg,full-body clothes,180,87,149,62,234,54
15325,img/img_00094791.jpg,upper-body clothes,294,213,280,67,481,187
15326,img/img_00094795.jpg,upper-body clothes,256,150,207,57,350,94
15327,img/img_00094797.jpg,upper-body clothes,287,141,242,101,410,123
15328,img/img_00094804.jpg,upper-body clothes,115,52,388,336,218,103
15329,img/img_00094814.jpg,upper-body clothes,218,153,153,0,218,0
15330,img/img_00094817.jpg,upper-body clothes,111,84,160,76,210,99
15331,img/img_00094830.jpg,upper-body clothes,166,127,241,114,305,139
15332,img/img_00094831.jpg,upper-body clothes,47,29,71,42,79,32
15333,img/img_00094837.jpg,upper-body clothes,324,54,261,207,451,127
15334,img/img_00094844.jpg,upper-body clothes,105,53,88,35,140,35
15335,img/img_00094845.jpg,upper-body clothes,95,64,122,58,138,43
15336,img/img_00094854.jpg,upper-body clothes,318,267,267,0,318,0
15337,img/img_00094857.jpg,upper-body clothes,198,103,202,99,288,90
15338,img/img_00094858.jpg,upper-body clothes,161,118,186,68,195,34
15339,img/img_00094860.jpg,upper-body clothes,348,396,396,0,348,0
15340,img/img_00094862.jpg,upper-body clothes,156,111,155,44,226,70
15341,img/img_00094869.jpg,upper-body clothes,266,161,257,96,348,82
15342,img/img_00094894.jpg,upper-body clothes,354,103,214,111,399,45
15343,img/img_00094897.jpg,upper-body clothes,303,178,237,59,476,173
15344,img/img_00094902.jpg,lower-body clothes,264,96,252,156,467,203
15345,img/img_00094917.jpg,lower-body clothes,149,39,184,145,261,112
15346,img/img_00094920.jpg,lower-body clothes,123,45,109,64,222,99
15347,img/img_00094938.jpg,lower-body clothes,5,163,163,0,5,0
15348,img/img_00094942.jpg,full-body clothes,197,102,169,67,277,80
15349,img/img_00094947.jpg,full-body clothes,144,96,145,49,213,69
15350,img/img_00094948.jpg,full-body clothes,272,96,234,138,318,46
15351,img/img_00094955.jpg,full-body clothes,332,173,245,72,444,112
15352,img/img_00094958.jpg,full-body clothes,234,128,204,76,310,76
15353,img/img_00094968.jpg,full-body clothes,198,81,199,118,264,66
15354,img/img_00094969.jpg,full-body clothes,161,90,152,62,224,63
15355,img/img_00094971.jpg,full-body clothes,402,45,213,168,476,74
15356,img/img_00094982.jpg,upper-body clothes,290,211,272,61,306,16
15357,img/img_00094983.jpg,upper-body clothes,371,379,379,0,371,0
15358,img/img_00094984.jpg,upper-body clothes,120,149,314,165,266,146
15359,img/img_00094988.jpg,upper-body clothes,47,50,333,283,145,98
15360,img/img_00094996.jpg,upper-body clothes,429,247,383,136,462,33
15361,img/img_00095003.jpg,upper-body clothes,284,126,233,107,344,60
15362,img/img_00095009.jpg,upper-body clothes,270,134,230,96,421,151
15363,img/img_00095015.jpg,upper-body clothes,141,91,108,17,232,91
15364,img/img_00095023.jpg,upper-body clothes,311,85,215,130,468,157
15365,img/img_00095026.jpg,upper-body clothes,203,119,174,55,294,91
15366,img/img_00095029.jpg,upper-body clothes,288,155,332,177,426,138
15367,img/img_00095033.jpg,upper-body clothes,102,81,170,89,162,60
15368,img/img_00095035.jpg,upper-body clothes,440,304,304,0,440,0
15369,img/img_00095037.jpg,upper-body clothes,247,182,182,0,247,0
15370,img/img_00095038.jpg,upper-body clothes,338,195,261,66,466,128
15371,img/img_00095042.jpg,upper-body clothes,128,66,141,75,187,59
15372,img/img_00095047.jpg,upper-body clothes,309,103,235,132,449,140
15373,img/img_00095064.jpg,upper-body clothes,330,360,360,0,330,0
15374,img/img_00095067.jpg,upper-body clothes,155,81,125,44,221,66
15375,img/img_00095069.jpg,upper-body clothes,196,76,176,100,290,94
15376,img/img_00095072.jpg,upper-body clothes,82,205,205,0,82,0
15377,img/img_00095078.jpg,upper-body clothes,97,223,223,0,97,0
15378,img/img_00095094.jpg,upper-body clothes,80,41,194,153,305,225
15379,img/img_00095101.jpg,upper-body clothes,239,105,230,125,376,137
15380,img/img_00095102.jpg,upper-body clothes,143,81,184,103,217,74
15381,img/img_00095111.jpg,upper-body clothes,96,83,133,50,177,81
15382,img/img_00095121.jpg,upper-body clothes,222,286,286,0,222,0
15383,img/img_00095131.jpg,upper-body clothes,108,265,265,0,108,0
15384,img/img_00095133.jpg,lower-body clothes,234,196,196,0,234,0
15385,img/img_00095135.jpg,lower-body clothes,112,164,249,85,422,310
15386,img/img_00095136.jpg,lower-body clothes,108,110,210,100,276,168
15387,img/img_00095138.jpg,lower-body clothes,113,146,180,34,367,254
15388,img/img_00095145.jpg,lower-body clothes,118,124,290,166,450,332
15389,img/img_00095152.jpg,full-body clothes,335,16,189,173,435,100
15390,img/img_00095155.jpg,full-body clothes,177,84,140,56,238,61
15391,img/img_00095156.jpg,full-body clothes,346,114,199,85,476,130
15392,img/img_00095157.jpg,full-body clothes,327,308,308,0,327,0
15393,img/img_00095159.jpg,full-body clothes,279,140,147,7,402,123
15394,img/img_00095167.jpg,full-body clothes,342,224,224,0,342,0
15395,img/img_00095181.jpg,upper-body clothes,239,126,240,114,306,67
15396,img/img_00095184.jpg,upper-body clothes,163,80,162,82,237,74
15397,img/img_00095187.jpg,upper-body clothes,132,99,158,59,200,68
15398,img/img_00095211.jpg,upper-body clothes,161,309,309,0,161,0
15399,img/img_00095226.jpg,full-body clothes,347,197,277,80,483,136
15400,img/img_00095247.jpg,upper-body clothes,236,145,221,76,336,100
15401,img/img_00095248.jpg,upper-body clothes,158,100,244,144,247,89
15402,img/img_00095255.jpg,full-body clothes,135,62,179,117,188,53
15403,img/img_00095260.jpg,full-body clothes,385,225,250,25,393,8
15404,img/img_00095267.jpg,upper-body clothes,172,330,330,0,172,0
15405,img/img_00095270.jpg,lower-body clothes,318,153,189,36,336,18
15406,img/img_00095275.jpg,lower-body clothes,141,57,154,97,270,129
15407,img/img_00095288.jpg,lower-body clothes,249,79,188,109,465,216
15408,img/img_00095289.jpg,lower-body clothes,242,69,197,128,448,206
15409,img/img_00095292.jpg,lower-body clothes,254,86,278,192,462,208
15410,img/img_00095298.jpg,lower-body clothes,431,120,266,146,466,35
15411,img/img_00095301.jpg,lower-body clothes,264,123,189,66,289,25
15412,img/img_00095304.jpg,lower-body clothes,419,213,380,167,441,22
15413,img/img_00095309.jpg,lower-body clothes,401,135,253,118,461,60
15414,img/img_00095318.jpg,lower-body clothes,135,92,158,66,257,122
15415,img/img_00095328.jpg,full-body clothes,388,114,239,125,468,80
15416,img/img_00095331.jpg,full-body clothes,416,109,147,38,490,74
15417,img/img_00095342.jpg,full-body clothes,227,80,258,178,325,98
15418,img/img_00095348.jpg,upper-body clothes,170,164,164,0,170,0
15419,img/img_00095352.jpg,upper-body clothes,190,84,194,110,303,113
15420,img/img_00095353.jpg,upper-body clothes,425,284,284,0,425,0
15421,img/img_00095358.jpg,upper-body clothes,123,91,154,63,189,66
15422,img/img_00095375.jpg,upper-body clothes,222,236,236,0,222,0
15423,img/img_00095380.jpg,upper-body clothes,239,154,243,89,370,131
15424,img/img_00095386.jpg,upper-body clothes,231,213,264,51,443,212
15425,img/img_00095392.jpg,upper-body clothes,174,84,140,56,230,56
15426,img/img_00095404.jpg,upper-body clothes,116,178,178,0,116,0
15427,img/img_00095405.jpg,upper-body clothes,188,35,119,84,281,93
15428,img/img_00095414.jpg,upper-body clothes,294,71,165,94,420,126
15429,img/img_00095417.jpg,upper-body clothes,157,27,106,79,222,65
15430,img/img_00095418.jpg,upper-body clothes,176,93,197,104,273,97
15431,img/img_00095422.jpg,upper-body clothes,160,89,134,45,223,63
15432,img/img_00095423.jpg,upper-body clothes,137,98,143,45,213,76
15433,img/img_00095426.jpg,upper-body clothes,183,109,159,50,305,122
15434,img/img_00095430.jpg,upper-body clothes,178,114,214,100,349,171
15435,img/img_00095433.jpg,upper-body clothes,233,104,207,103,360,127
15436,img/img_00095436.jpg,upper-body clothes,112,95,120,25,194,82
15437,img/img_00095439.jpg,upper-body clothes,87,61,127,66,146,59
15438,img/img_00095442.jpg,upper-body clothes,243,195,273,78,389,146
15439,img/img_00095448.jpg,upper-body clothes,157,151,232,81,233,76
15440,img/img_00095452.jpg,upper-body clothes,110,212,212,0,110,0
15441,img/img_00095460.jpg,upper-body clothes,124,189,356,167,278,154
15442,img/img_00095470.jpg,upper-body clothes,140,118,218,100,332,192
15443,img/img_00095473.jpg,upper-body clothes,205,209,209,0,205,0
15444,img/img_00095474.jpg,upper-body clothes,274,145,235,90,384,110
15445,img/img_00095475.jpg,upper-body clothes,261,127,176,49,415,154
15446,img/img_00095479.jpg,upper-body clothes,227,125,237,112,346,119
15447,img/img_00095481.jpg,upper-body clothes,140,72,138,66,207,67
15448,img/img_00095484.jpg,full-body clothes,176,94,171,77,233,57
15449,img/img_00095486.jpg,full-body clothes,311,122,216,94,423,112
15450,img/img_00095502.jpg,upper-body clothes,265,122,216,94,407,142
15451,img/img_00095503.jpg,upper-body clothes,123,59,133,74,195,72
15452,img/img_00095504.jpg,upper-body clothes,124,83,261,178,214,90
15453,img/img_00095506.jpg,upper-body clothes,226,279,279,0,226,0
15454,img/img_00095517.jpg,upper-body clothes,30,217,217,0,30,0
15455,img/img_00095524.jpg,upper-body clothes,309,163,244,81,444,135
15456,img/img_00095528.jpg,upper-body clothes,275,167,262,95,415,140
15457,img/img_00095534.jpg,upper-body clothes,143,64,130,66,212,69
15458,img/img_00095537.jpg,upper-body clothes,80,47,123,76,155,75
15459,img/img_00095540.jpg,upper-body clothes,221,105,204,99,349,128
15460,img/img_00095544.jpg,upper-body clothes,139,67,148,81,211,72
15461,img/img_00095545.jpg,upper-body clothes,147,84,141,57,215,68
15462,img/img_00095553.jpg,upper-body clothes,150,99,172,73,232,82
15463,img/img_00095555.jpg,upper-body clothes,459,388,388,0,459,0
15464,img/img_00095556.jpg,upper-body clothes,129,43,132,89,194,65
15465,img/img_00095560.jpg,upper-body clothes,124,65,139,74,188,64
15466,img/img_00095564.jpg,full-body clothes,241,90,193,103,287,46
15467,img/img_00095567.jpg,full-body clothes,351,85,195,110,424,73
15468,img/img_00095570.jpg,full-body clothes,400,112,273,161,484,84
15469,img/img_00095575.jpg,full-body clothes,258,92,490,398,284,26
15470,img/img_00095581.jpg,full-body clothes,368,72,226,154,446,78
15471,img/img_00095592.jpg,full-body clothes,382,265,342,77,489,107
15472,img/img_00095595.jpg,full-body clothes,239,65,202,137,316,77
15473,img/img_00095600.jpg,full-body clothes,246,131,215,84,359,113
15474,img/img_00095602.jpg,full-body clothes,256,41,152,111,307,51
15475,img/img_00095606.jpg,full-body clothes,354,114,240,126,483,129
15476,img/img_00095609.jpg,full-body clothes,327,184,263,79,451,124
15477,img/img_00095612.jpg,full-body clothes,309,176,263,87,459,150
15478,img/img_00095620.jpg,full-body clothes,397,40,200,160,464,67
15479,img/img_00095628.jpg,full-body clothes,253,60,241,181,331,78
15480,img/img_00095630.jpg,upper-body clothes,125,86,145,59,206,81
15481,img/img_00095631.jpg,upper-body clothes,124,129,129,0,124,0
15482,img/img_00095634.jpg,upper-body clothes,345,145,388,243,502,157
15483,img/img_00095639.jpg,upper-body clothes,94,66,141,75,113,19
15484,img/img_00095640.jpg,upper-body clothes,295,205,479,274,404,109
15485,img/img_00095645.jpg,upper-body clothes,270,174,227,53,384,114
15486,img/img_00095653.jpg,upper-body clothes,191,104,213,109,276,85
15487,img/img_00095660.jpg,upper-body clothes,84,71,119,48,130,46
15488,img/img_00095661.jpg,upper-body clothes,85,60,60,0,85,0
15489,img/img_00095662.jpg,upper-body clothes,307,186,303,117,439,132
15490,img/img_00095670.jpg,full-body clothes,369,34,110,76,490,121
15491,img/img_00095680.jpg,full-body clothes,305,108,203,95,434,129
15492,img/img_00095681.jpg,full-body clothes,257,162,214,52,354,97
15493,img/img_00095698.jpg,lower-body clothes,227,96,243,147,435,208
15494,img/img_00095700.jpg,lower-body clothes,52,163,390,227,409,357
15495,img/img_00095718.jpg,full-body clothes,409,117,228,111,493,84
15496,img/img_00095719.jpg,full-body clothes,204,88,191,103,306,102
15497,img/img_00095725.jpg,full-body clothes,249,75,184,109,258,9
15498,img/img_00095734.jpg,full-body clothes,214,80,221,141,328,114
15499,img/img_00095752.jpg,full-body clothes,129,27,114,87,172,43
15500,img/img_00095757.jpg,full-body clothes,211,242,242,0,211,0
15501,img/img_00095760.jpg,full-body clothes,216,272,272,0,216,0
15502,img/img_00095764.jpg,upper-body clothes,131,102,190,88,217,86
15503,img/img_00095767.jpg,upper-body clothes,85,59,152,93,139,54
15504,img/img_00095781.jpg,full-body clothes,263,122,198,76,370,107
15505,img/img_00095800.jpg,lower-body clothes,103,80,180,100,312,209
15506,img/img_00095805.jpg,lower-body clothes,77,110,307,197,298,221
15507,img/img_00095810.jpg,lower-body clothes,337,241,241,0,337,0
15508,img/img_00095812.jpg,lower-body clothes,271,154,240,86,324,53
15509,img/img_00095815.jpg,lower-body clothes,154,62,210,148,201,47
15510,img/img_00095816.jpg,lower-body clothes,68,104,104,0,68,0
15511,img/img_00095818.jpg,lower-body clothes,379,221,270,49,478,99
15512,img/img_00095834.jpg,lower-body clothes,166,64,109,45,170,4
15513,img/img_00095837.jpg,lower-body clothes,246,103,234,131,459,213
15514,img/img_00095861.jpg,lower-body clothes,92,61,139,78,187,95
15515,img/img_00095878.jpg,lower-body clothes,231,104,244,140,415,184
15516,img/img_00095882.jpg,lower-body clothes,224,84,214,130,461,237
15517,img/img_00095888.jpg,lower-body clothes,168,78,291,213,335,167
15518,img/img_00095889.jpg,lower-body clothes,433,264,264,0,433,0
15519,img/img_00095892.jpg,lower-body clothes,259,75,254,179,462,203
15520,img/img_00095894.jpg,lower-body clothes,137,55,167,112,254,117
15521,img/img_00095897.jpg,lower-body clothes,249,92,238,146,470,221
15522,img/img_00095910.jpg,upper-body clothes,97,111,228,117,199,102
15523,img/img_00095919.jpg,upper-body clothes,315,105,202,97,433,118
15524,img/img_00095936.jpg,upper-body clothes,228,268,268,0,228,0
15525,img/img_00095944.jpg,upper-body clothes,449,264,311,47,467,18
15526,img/img_00095952.jpg,upper-body clothes,337,272,272,0,337,0
15527,img/img_00095956.jpg,upper-body clothes,146,71,408,337,228,82
15528,img/img_00095976.jpg,upper-body clothes,68,143,143,0,68,0
15529,img/img_00095979.jpg,upper-body clothes,272,302,302,0,272,0
15530,img/img_00095984.jpg,upper-body clothes,234,317,317,0,234,0
15531,img/img_00095988.jpg,upper-body clothes,64,251,251,0,64,0
15532,img/img_00095991.jpg,upper-body clothes,304,240,240,0,304,0
15533,img/img_00095997.jpg,upper-body clothes,40,185,185,0,40,0
15534,img/img_00096019.jpg,upper-body clothes,296,71,130,59,437,141
15535,img/img_00096025.jpg,upper-body clothes,71,195,195,0,71,0
15536,img/img_00096030.jpg,upper-body clothes,257,95,211,116,395,138
15537,img/img_00096032.jpg,upper-body clothes,193,155,201,46,262,69
15538,img/img_00096034.jpg,upper-body clothes,249,201,279,78,387,138
15539,img/img_00096048.jpg,upper-body clothes,123,53,109,56,189,66
15540,img/img_00096054.jpg,upper-body clothes,317,267,267,0,317,0
15541,img/img_00096063.jpg,upper-body clothes,138,178,178,0,138,0
15542,img/img_00096065.jpg,upper-body clothes,309,203,480,277,423,114
15543,img/img_00096076.jpg,upper-body clothes,152,102,135,33,215,63
15544,img/img_00096079.jpg,upper-body clothes,105,74,212,138,274,169
15545,img/img_00096081.jpg,upper-body clothes,456,176,176,0,456,0
15546,img/img_00096083.jpg,upper-body clothes,323,232,276,44,484,161
15547,img/img_00096086.jpg,upper-body clothes,228,325,325,0,228,0
15548,img/img_00096089.jpg,upper-body clothes,235,86,195,109,269,34
15549,img/img_00096094.jpg,upper-body clothes,137,96,247,151,234,97
15550,img/img_00096105.jpg,upper-body clothes,357,451,483,32,390,33
15551,img/img_00096107.jpg,upper-body clothes,93,93,148,55,142,49
15552,img/img_00096132.jpg,lower-body clothes,154,151,230,79,455,301
15553,img/img_00096146.jpg,upper-body clothes,116,123,210,87,193,77
15554,img/img_00096160.jpg,upper-body clothes,235,184,248,64,389,154
15555,img/img_00096168.jpg,lower-body clothes,101,140,440,300,361,260
15556,img/img_00096175.jpg,lower-body clothes,85,101,223,122,275,190
15557,img/img_00096183.jpg,lower-body clothes,238,87,174,87,253,15
15558,img/img_00096184.jpg,lower-body clothes,48,32,65,33,157,109
15559,img/img_00096190.jpg,full-body clothes,345,156,272,116,476,131
15560,img/img_00096195.jpg,full-body clothes,260,119,308,189,425,165
15561,img/img_00096199.jpg,full-body clothes,332,162,201,39,435,103
15562,img/img_00096219.jpg,lower-body clothes,269,95,232,137,295,26
15563,img/img_00096224.jpg,lower-body clothes,58,67,163,96,67,9
15564,img/img_00096226.jpg,lower-body clothes,38,60,178,118,159,121
15565,img/img_00096232.jpg,lower-body clothes,59,89,230,141,235,176
15566,img/img_00096245.jpg,full-body clothes,196,99,144,45,274,78
15567,img/img_00096256.jpg,upper-body clothes,407,214,286,72,466,59
15568,img/img_00096277.jpg,upper-body clothes,195,181,218,37,302,107
15569,img/img_00096281.jpg,upper-body clothes,314,201,265,64,402,88
15570,img/img_00096299.jpg,lower-body clothes,104,73,203,130,293,189
15571,img/img_00096325.jpg,upper-body clothes,266,173,268,95,418,152
15572,img/img_00096327.jpg,upper-body clothes,222,131,182,51,320,98
15573,img/img_00096336.jpg,full-body clothes,496,325,325,0,496,0
15574,img/img_00096338.jpg,full-body clothes,301,176,212,36,412,111
15575,img/img_00096353.jpg,full-body clothes,185,97,268,171,274,89
15576,img/img_00096369.jpg,full-body clothes,299,108,220,112,435,136
15577,img/img_00096371.jpg,upper-body clothes,266,117,253,136,428,162
15578,img/img_00096376.jpg,upper-body clothes,170,188,188,0,170,0
15579,img/img_00096381.jpg,full-body clothes,449,172,272,100,470,21
15580,img/img_00096384.jpg,full-body clothes,124,24,120,96,161,37
15581,img/img_00096386.jpg,full-body clothes,195,27,190,163,274,79
15582,img/img_00096395.jpg,full-body clothes,216,76,309,233,355,139
15583,img/img_00096399.jpg,full-body clothes,255,255,255,0,255,0
15584,img/img_00096401.jpg,full-body clothes,246,121,210,89,286,40
15585,img/img_00096404.jpg,full-body clothes,225,109,196,87,269,44
15586,img/img_00096406.jpg,full-body clothes,186,49,169,120,239,53
15587,img/img_00096423.jpg,lower-body clothes,120,106,429,323,306,186
15588,img/img_00096424.jpg,lower-body clothes,93,131,176,45,230,137
15589,img/img_00096430.jpg,lower-body clothes,170,126,277,151,230,60
15590,img/img_00096433.jpg,lower-body clothes,148,155,239,84,216,68
15591,img/img_00096439.jpg,full-body clothes,324,151,263,112,451,127
15592,img/img_00096440.jpg,full-body clothes,320,137,255,118,442,122
15593,img/img_00096442.jpg,full-body clothes,150,190,190,0,150,0
15594,img/img_00096445.jpg,full-body clothes,437,226,226,0,437,0
15595,img/img_00096446.jpg,full-body clothes,264,146,394,248,348,84
15596,img/img_00096457.jpg,lower-body clothes,357,235,235,0,357,0
15597,img/img_00096461.jpg,lower-body clothes,75,110,451,341,256,181
15598,img/img_00096463.jpg,lower-body clothes,134,77,160,83,359,225
15599,img/img_00096464.jpg,upper-body clothes,321,194,194,0,321,0
15600,img/img_00096467.jpg,upper-body clothes,68,86,187,101,192,124
15601,img/img_00096473.jpg,upper-body clothes,456,284,338,54,502,46
15602,img/img_00096494.jpg,full-body clothes,167,185,185,0,167,0
15603,img/img_00096496.jpg,full-body clothes,264,54,183,129,441,177
15604,img/img_00096502.jpg,full-body clothes,320,141,290,149,432,112
15605,img/img_00096505.jpg,full-body clothes,290,269,269,0,290,0
15606,img/img_00096506.jpg,full-body clothes,106,148,148,0,106,0
15607,img/img_00096521.jpg,upper-body clothes,434,219,345,126,475,41
15608,img/img_00096532.jpg,full-body clothes,216,236,236,0,216,0
15609,img/img_00096536.jpg,full-body clothes,483,100,390,290,490,7
15610,img/img_00096542.jpg,full-body clothes,349,89,183,94,434,85
15611,img/img_00096551.jpg,full-body clothes,334,69,164,95,410,76
15612,img/img_00096552.jpg,full-body clothes,302,54,213,159,394,92
15613,img/img_00096555.jpg,upper-body clothes,127,283,283,0,127,0
15614,img/img_00096561.jpg,upper-body clothes,282,377,377,0,282,0
15615,img/img_00096563.jpg,upper-body clothes,97,163,163,0,97,0
15616,img/img_00096564.jpg,upper-body clothes,460,234,234,0,460,0
15617,img/img_00096565.jpg,upper-body clothes,113,238,238,0,113,0
15618,img/img_00096567.jpg,upper-body clothes,321,275,275,0,321,0
15619,img/img_00096604.jpg,upper-body clothes,94,69,191,122,152,58
15620,img/img_00096606.jpg,upper-body clothes,200,248,309,61,274,74
15621,img/img_00096608.jpg,upper-body clothes,138,78,176,98,253,115
15622,img/img_00096619.jpg,lower-body clothes,329,302,351,49,444,115
15623,img/img_00096630.jpg,lower-body clothes,220,194,195,1,228,8
15624,img/img_00096633.jpg,lower-body clothes,111,87,139,52,114,3
15625,img/img_00096636.jpg,upper-body clothes,308,96,235,139,427,119
15626,img/img_00096646.jpg,lower-body clothes,450,206,298,92,453,3
15627,img/img_00096647.jpg,lower-body clothes,306,190,255,65,316,10
15628,img/img_00096648.jpg,lower-body clothes,189,76,127,51,211,22
15629,img/img_00096653.jpg,lower-body clothes,362,156,233,77,373,11
15630,img/img_00096660.jpg,lower-body clothes,252,74,242,168,471,219
15631,img/img_00096661.jpg,lower-body clothes,104,32,100,68,215,111
15632,img/img_00096662.jpg,lower-body clothes,243,93,139,46,245,2
15633,img/img_00096669.jpg,lower-body clothes,78,95,198,103,102,24
15634,img/img_00096670.jpg,lower-body clothes,112,81,139,58,122,10
15635,img/img_00096675.jpg,lower-body clothes,88,109,181,72,103,15
15636,img/img_00096678.jpg,lower-body clothes,347,273,273,0,347,0
15637,img/img_00096686.jpg,lower-body clothes,109,91,156,65,114,5
15638,img/img_00096691.jpg,lower-body clothes,36,20,98,78,139,103
15639,img/img_00096692.jpg,lower-body clothes,180,152,235,83,200,20
15640,img/img_00096697.jpg,lower-body clothes,220,507,507,0,220,0
15641,img/img_00096702.jpg,upper-body clothes,132,322,322,0,132,0
15642,img/img_00096703.jpg,upper-body clothes,153,91,153,62,209,56
15643,img/img_00096706.jpg,upper-body clothes,243,221,221,0,243,0
15644,img/img_00096720.jpg,upper-body clothes,143,99,147,48,225,82
15645,img/img_00096727.jpg,upper-body clothes,139,164,164,0,139,0
15646,img/img_00096734.jpg,upper-body clothes,286,59,150,91,389,103
15647,img/img_00096735.jpg,upper-body clothes,285,50,142,92,409,124
15648,img/img_00096748.jpg,lower-body clothes,169,72,188,116,365,196
15649,img/img_00096750.jpg,lower-body clothes,406,176,266,90,423,17
15650,img/img_00096753.jpg,lower-body clothes,444,198,252,54,450,6
15651,img/img_00096754.jpg,lower-body clothes,329,151,209,58,352,23
15652,img/img_00096759.jpg,lower-body clothes,171,68,146,78,210,39
15653,img/img_00096765.jpg,upper-body clothes,144,131,150,19,182,38
15654,img/img_00096769.jpg,upper-body clothes,136,65,93,28,194,58
15655,img/img_00096776.jpg,upper-body clothes,39,193,193,0,39,0
15656,img/img_00096786.jpg,upper-body clothes,277,188,188,0,277,0
15657,img/img_00096791.jpg,upper-body clothes,242,125,250,125,326,84
15658,img/img_00096797.jpg,upper-body clothes,166,213,300,87,291,125
15659,img/img_00096799.jpg,upper-body clothes,85,51,72,21,150,65
15660,img/img_00096805.jpg,upper-body clothes,233,169,213,44,374,141
15661,img/img_00096806.jpg,upper-body clothes,470,487,487,0,470,0
15662,img/img_00096814.jpg,upper-body clothes,134,83,155,72,233,99
15663,img/img_00096817.jpg,upper-body clothes,238,130,248,118,346,108
15664,img/img_00096825.jpg,upper-body clothes,125,306,306,0,125,0
15665,img/img_00096836.jpg,upper-body clothes,159,84,130,46,231,72
15666,img/img_00096840.jpg,upper-body clothes,291,146,271,125,456,165
15667,img/img_00096846.jpg,upper-body clothes,67,262,262,0,67,0
15668,img/img_00096848.jpg,upper-body clothes,289,36,227,191,351,62
15669,img/img_00096850.jpg,upper-body clothes,112,47,128,81,129,17
15670,img/img_00096851.jpg,upper-body clothes,144,142,142,0,144,0
15671,img/img_00096873.jpg,full-body clothes,151,195,195,0,151,0
15672,img/img_00096874.jpg,full-body clothes,393,126,240,114,486,93
15673,img/img_00096881.jpg,full-body clothes,309,251,251,0,309,0
15674,img/img_00096890.jpg,upper-body clothes,260,107,209,102,404,144
15675,img/img_00096898.jpg,lower-body clothes,147,101,247,146,378,231
15676,img/img_00096899.jpg,lower-body clothes,109,95,157,62,115,6
15677,img/img_00096910.jpg,upper-body clothes,215,144,190,46,346,131
15678,img/img_00096915.jpg,upper-body clothes,148,38,139,101,205,57
15679,img/img_00096917.jpg,upper-body clothes,161,110,214,104,255,94
15680,img/img_00096928.jpg,upper-body clothes,190,291,291,0,190,0
15681,img/img_00096934.jpg,lower-body clothes,93,107,328,221,299,206
15682,img/img_00096939.jpg,lower-body clothes,56,48,150,102,197,141
15683,img/img_00096952.jpg,lower-body clothes,86,40,125,85,206,120
15684,img/img_00096953.jpg,lower-body clothes,266,125,339,214,506,240
15685,img/img_00096963.jpg,lower-body clothes,142,56,168,112,284,142
15686,img/img_00096964.jpg,lower-body clothes,143,54,134,80,282,139
15687,img/img_00096968.jpg,lower-body clothes,58,79,147,68,232,174
15688,img/img_00096969.jpg,lower-body clothes,400,193,276,83,405,5
15689,img/img_00096985.jpg,lower-body clothes,101,93,152,59,290,189
15690,img/img_00096987.jpg,lower-body clothes,203,148,268,120,219,16
15691,img/img_00096988.jpg,lower-body clothes,147,97,164,67,286,139
15692,img/img_00096993.jpg,lower-body clothes,200,97,286,189,403,203
15693,img/img_00097023.jpg,upper-body clothes,236,184,358,174,396,160
15694,img/img_00097035.jpg,full-body clothes,335,120,237,117,461,126
15695,img/img_00097046.jpg,full-body clothes,196,252,252,0,196,0
15696,img/img_00097047.jpg,full-body clothes,354,374,374,0,354,0
15697,img/img_00097050.jpg,full-body clothes,302,424,424,0,302,0
15698,img/img_00097062.jpg,upper-body clothes,169,68,208,140,243,74
15699,img/img_00097068.jpg,full-body clothes,386,133,249,116,482,96
15700,img/img_00097070.jpg,full-body clothes,241,105,222,117,326,85
15701,img/img_00097076.jpg,full-body clothes,239,67,263,196,313,74
15702,img/img_00097081.jpg,full-body clothes,287,142,235,93,395,108
15703,img/img_00097082.jpg,full-body clothes,313,240,277,37,450,137
15704,img/img_00097083.jpg,upper-body clothes,252,138,258,120,406,154
15705,img/img_00097098.jpg,full-body clothes,118,90,147,57,170,52
15706,img/img_00097125.jpg,full-body clothes,338,148,251,103,451,113
15707,img/img_00097127.jpg,full-body clothes,176,79,243,164,244,68
15708,img/img_00097130.jpg,full-body clothes,184,217,217,0,184,0
15709,img/img_00097144.jpg,full-body clothes,363,268,268,0,363,0
15710,img/img_00097148.jpg,full-body clothes,112,229,229,0,112,0
15711,img/img_00097155.jpg,full-body clothes,367,156,296,140,494,127
15712,img/img_00097158.jpg,full-body clothes,458,336,336,0,458,0
15713,img/img_00097159.jpg,full-body clothes,358,353,353,0,358,0
15714,img/img_00097163.jpg,full-body clothes,238,149,149,0,238,0
15715,img/img_00097182.jpg,full-body clothes,367,224,261,37,445,78
15716,img/img_00097189.jpg,full-body clothes,300,90,218,128,418,118
15717,img/img_00097195.jpg,full-body clothes,231,114,312,198,313,82
15718,img/img_00097200.jpg,full-body clothes,359,81,299,218,490,131
15719,img/img_00097202.jpg,full-body clothes,391,156,221,65,504,113
15720,img/img_00097204.jpg,full-body clothes,364,172,290,118,479,115
15721,img/img_00097210.jpg,full-body clothes,332,232,232,0,332,0
15722,img/img_00097222.jpg,full-body clothes,316,143,246,103,437,121
15723,img/img_00097228.jpg,full-body clothes,230,69,184,115,279,49
15724,img/img_00097234.jpg,full-body clothes,481,297,297,0,481,0
15725,img/img_00097235.jpg,full-body clothes,322,205,205,0,322,0
15726,img/img_00097243.jpg,full-body clothes,233,89,170,81,293,60
15727,img/img_00097244.jpg,full-body clothes,243,296,296,0,243,0
15728,img/img_00097258.jpg,full-body clothes,147,60,177,117,196,49
15729,img/img_00097261.jpg,full-body clothes,104,57,280,223,146,42
15730,img/img_00097262.jpg,full-body clothes,229,99,200,101,313,84
15731,img/img_00097270.jpg,full-body clothes,360,142,273,131,491,131
15732,img/img_00097274.jpg,full-body clothes,380,37,169,132,486,106
15733,img/img_00097275.jpg,full-body clothes,290,131,233,102,473,183
15734,img/img_00097286.jpg,full-body clothes,251,64,147,83,311,60
15735,img/img_00097290.jpg,full-body clothes,412,128,237,109,483,71
15736,img/img_00097298.jpg,full-body clothes,330,215,215,0,330,0
15737,img/img_00097301.jpg,full-body clothes,217,109,198,89,290,73
15738,img/img_00097302.jpg,full-body clothes,366,184,314,130,480,114
15739,img/img_00097311.jpg,upper-body clothes,341,304,304,0,341,0
15740,img/img_00097316.jpg,upper-body clothes,87,83,281,198,244,157
15741,img/img_00097319.jpg,full-body clothes,196,107,224,117,281,85
15742,img/img_00097323.jpg,full-body clothes,424,252,252,0,424,0
15743,img/img_00097345.jpg,full-body clothes,131,78,118,40,181,50
15744,img/img_00097350.jpg,full-body clothes,392,118,217,99,470,78
15745,img/img_00097352.jpg,full-body clothes,388,170,252,82,473,85
15746,img/img_00097354.jpg,full-body clothes,239,45,176,131,286,47
15747,img/img_00097357.jpg,full-body clothes,393,122,211,89,483,90
15748,img/img_00097361.jpg,full-body clothes,300,99,205,106,357,57
15749,img/img_00097363.jpg,full-body clothes,373,106,141,35,485,112
15750,img/img_00097364.jpg,full-body clothes,166,191,191,0,166,0
15751,img/img_00097376.jpg,lower-body clothes,133,127,227,100,137,4
15752,img/img_00097377.jpg,lower-body clothes,264,290,413,123,329,65
15753,img/img_00097384.jpg,lower-body clothes,38,40,199,159,127,89
15754,img/img_00097394.jpg,upper-body clothes,468,339,339,0,468,0
15755,img/img_00097396.jpg,upper-body clothes,137,55,414,359,245,108
15756,img/img_00097397.jpg,upper-body clothes,136,125,178,53,247,111
15757,img/img_00097398.jpg,upper-body clothes,136,106,144,38,273,137
15758,img/img_00097402.jpg,upper-body clothes,212,152,152,0,212,0
15759,img/img_00097409.jpg,full-body clothes,398,128,247,119,474,76
15760,img/img_00097410.jpg,full-body clothes,346,121,247,126,449,103
15761,img/img_00097413.jpg,full-body clothes,376,100,213,113,489,113
15762,img/img_00097417.jpg,full-body clothes,388,141,231,90,480,92
15763,img/img_00097420.jpg,full-body clothes,400,43,209,166,492,92
15764,img/img_00097427.jpg,lower-body clothes,95,122,169,47,114,19
15765,img/img_00097433.jpg,lower-body clothes,399,171,210,39,408,9
15766,img/img_00097441.jpg,lower-body clothes,90,140,218,78,282,192
15767,img/img_00097446.jpg,upper-body clothes,177,173,298,125,326,149
15768,img/img_00097448.jpg,upper-body clothes,137,69,131,62,200,63
15769,img/img_00097456.jpg,upper-body clothes,283,99,187,88,421,138
15770,img/img_00097459.jpg,upper-body clothes,459,384,384,0,459,0
15771,img/img_00097463.jpg,upper-body clothes,161,165,165,0,161,0
15772,img/img_00097464.jpg,upper-body clothes,198,81,229,148,300,102
15773,img/img_00097465.jpg,upper-body clothes,206,149,331,182,329,123
15774,img/img_00097473.jpg,upper-body clothes,341,262,262,0,341,0
15775,img/img_00097477.jpg,upper-body clothes,318,232,232,0,318,0
15776,img/img_00097480.jpg,upper-body clothes,130,48,103,55,178,48
15777,img/img_00097488.jpg,upper-body clothes,121,71,300,229,337,216
15778,img/img_00097491.jpg,upper-body clothes,202,145,254,109,365,163
15779,img/img_00097499.jpg,upper-body clothes,199,248,283,35,351,152
15780,img/img_00097502.jpg,upper-body clothes,248,173,308,135,420,172
15781,img/img_00097509.jpg,upper-body clothes,336,141,264,123,392,56
15782,img/img_00097512.jpg,full-body clothes,341,171,267,96,450,109
15783,img/img_00097520.jpg,full-body clothes,316,107,224,117,420,104
15784,img/img_00097525.jpg,upper-body clothes,258,35,125,90,372,114
15785,img/img_00097533.jpg,upper-body clothes,209,122,217,95,315,106
15786,img/img_00097539.jpg,upper-body clothes,210,211,211,0,210,0
15787,img/img_00097548.jpg,upper-body clothes,137,101,200,99,216,79
15788,img/img_00097565.jpg,full-body clothes,278,136,259,123,494,216
15789,img/img_00097579.jpg,full-body clothes,285,295,295,0,285,0
15790,img/img_00097580.jpg,full-body clothes,349,136,247,111,480,131
15791,img/img_00097585.jpg,full-body clothes,230,111,215,104,316,86
15792,img/img_00097626.jpg,full-body clothes,351,149,250,101,471,120
15793,img/img_00097629.jpg,full-body clothes,315,130,205,75,399,84
15794,img/img_00097635.jpg,full-body clothes,323,123,230,107,441,118
15795,img/img_00097638.jpg,full-body clothes,365,161,245,84,475,110
15796,img/img_00097653.jpg,full-body clothes,227,64,192,128,268,41
15797,img/img_00097657.jpg,full-body clothes,106,252,252,0,106,0
15798,img/img_00097660.jpg,full-body clothes,320,54,155,101,386,66
15799,img/img_00097663.jpg,full-body clothes,409,47,198,151,488,79
15800,img/img_00097664.jpg,full-body clothes,271,81,182,101,329,58
15801,img/img_00097666.jpg,upper-body clothes,184,98,243,145,301,117
15802,img/img_00097675.jpg,full-body clothes,300,149,272,123,417,117
15803,img/img_00097678.jpg,full-body clothes,311,153,285,132,416,105
15804,img/img_00097683.jpg,full-body clothes,175,96,184,88,257,82
15805,img/img_00097685.jpg,full-body clothes,191,98,221,123,270,79
15806,img/img_00097686.jpg,full-body clothes,196,123,194,71,274,78
15807,img/img_00097689.jpg,full-body clothes,191,88,136,48,234,43
15808,img/img_00097698.jpg,full-body clothes,173,51,124,73,234,61
15809,img/img_00097709.jpg,full-body clothes,262,92,192,100,348,86
15810,img/img_00097710.jpg,full-body clothes,391,314,314,0,391,0
15811,img/img_00097716.jpg,full-body clothes,375,157,171,14,492,117
15812,img/img_00097726.jpg,upper-body clothes,490,322,322,0,490,0
15813,img/img_00097728.jpg,upper-body clothes,217,126,240,114,384,167
15814,img/img_00097729.jpg,upper-body clothes,335,146,146,0,335,0
15815,img/img_00097730.jpg,upper-body clothes,267,174,298,124,411,144
15816,img/img_00097732.jpg,upper-body clothes,214,151,261,110,291,77
15817,img/img_00097748.jpg,full-body clothes,356,195,278,83,458,102
15818,img/img_00097757.jpg,full-body clothes,335,117,290,173,415,80
15819,img/img_00097758.jpg,full-body clothes,353,181,263,82,486,133
15820,img/img_00097762.jpg,full-body clothes,322,138,247,109,473,151
15821,img/img_00097764.jpg,full-body clothes,303,117,238,121,433,130
15822,img/img_00097765.jpg,full-body clothes,313,215,279,64,449,136
15823,img/img_00097769.jpg,upper-body clothes,103,112,268,156,291,188
15824,img/img_00097783.jpg,upper-body clothes,122,90,262,172,198,76
15825,img/img_00097786.jpg,upper-body clothes,105,108,219,111,199,94
15826,img/img_00097788.jpg,upper-body clothes,241,221,277,56,413,172
15827,img/img_00097799.jpg,full-body clothes,299,161,222,61,410,111
15828,img/img_00097801.jpg,full-body clothes,396,103,265,162,489,93
15829,img/img_00097804.jpg,full-body clothes,464,354,354,0,464,0
15830,img/img_00097817.jpg,full-body clothes,392,286,286,0,392,0
15831,img/img_00097828.jpg,upper-body clothes,265,141,260,119,403,138
15832,img/img_00097834.jpg,upper-body clothes,272,142,220,78,444,172
15833,img/img_00097836.jpg,upper-body clothes,95,49,95,46,158,63
15834,img/img_00097841.jpg,full-body clothes,315,126,214,88,427,112
15835,img/img_00097843.jpg,full-body clothes,347,165,271,106,487,140
15836,img/img_00097846.jpg,full-body clothes,302,101,157,56,402,100
15837,img/img_00097852.jpg,full-body clothes,502,289,289,0,502,0
15838,img/img_00097862.jpg,full-body clothes,338,94,225,131,444,106
15839,img/img_00097876.jpg,lower-body clothes,91,156,232,76,413,322
15840,img/img_00097879.jpg,lower-body clothes,120,182,379,197,494,374
15841,img/img_00097885.jpg,lower-body clothes,61,75,155,80,225,164
15842,img/img_00097886.jpg,lower-body clothes,354,220,220,0,354,0
15843,img/img_00097888.jpg,lower-body clothes,99,119,234,115,405,306
15844,img/img_00097889.jpg,lower-body clothes,139,198,274,76,456,317
15845,img/img_00097894.jpg,lower-body clothes,376,43,43,0,376,0
15846,img/img_00097899.jpg,lower-body clothes,159,412,461,49,244,85
15847,img/img_00097908.jpg,full-body clothes,402,117,233,116,493,91
15848,img/img_00097919.jpg,full-body clothes,280,72,228,156,345,65
15849,img/img_00097942.jpg,upper-body clothes,183,79,156,77,272,89
15850,img/img_00097957.jpg,upper-body clothes,266,120,210,90,380,114
15851,img/img_00097962.jpg,upper-body clothes,327,154,297,143,480,153
15852,img/img_00097982.jpg,full-body clothes,342,161,285,124,433,91
15853,img/img_00097986.jpg,upper-body clothes,197,103,240,137,317,120
15854,img/img_00097993.jpg,upper-body clothes,196,149,209,60,310,114
15855,img/img_00097996.jpg,full-body clothes,291,129,217,88,403,112
15856,img/img_00097997.jpg,full-body clothes,303,132,214,82,431,128
15857,img/img_00097999.jpg,full-body clothes,254,43,185,142,328,74
15858,img/img_00098002.jpg,full-body clothes,373,146,267,121,475,102
15859,img/img_00098036.jpg,full-body clothes,164,73,187,114,290,126
15860,img/img_00098037.jpg,full-body clothes,332,224,224,0,332,0
15861,img/img_00098044.jpg,full-body clothes,195,112,183,71,272,77
15862,img/img_00098045.jpg,full-body clothes,269,272,272,0,269,0
15863,img/img_00098046.jpg,full-body clothes,186,144,275,131,328,142
15864,img/img_00098050.jpg,full-body clothes,265,88,190,102,353,88
15865,img/img_00098054.jpg,full-body clothes,305,41,180,139,405,100
15866,img/img_00098056.jpg,full-body clothes,165,110,151,41,227,62
15867,img/img_00098057.jpg,full-body clothes,367,34,238,204,485,118
15868,img/img_00098060.jpg,full-body clothes,309,26,191,165,421,112
15869,img/img_00098061.jpg,full-body clothes,347,24,181,157,480,133
15870,img/img_00098068.jpg,full-body clothes,242,133,202,69,332,90
15871,img/img_00098070.jpg,full-body clothes,264,48,139,91,350,86
15872,img/img_00098072.jpg,full-body clothes,347,171,285,114,459,112
15873,img/img_00098084.jpg,full-body clothes,153,78,144,66,208,55
15874,img/img_00098089.jpg,full-body clothes,84,42,118,76,114,30
15875,img/img_00098093.jpg,upper-body clothes,330,156,234,78,473,143
15876,img/img_00098098.jpg,upper-body clothes,314,82,261,179,428,114
15877,img/img_00098101.jpg,upper-body clothes,414,278,316,38,426,12
15878,img/img_00098104.jpg,upper-body clothes,178,156,180,24,206,28
15879,img/img_00098106.jpg,upper-body clothes,317,265,301,36,420,103
15880,img/img_00098111.jpg,full-body clothes,322,180,247,67,464,142
15881,img/img_00098112.jpg,full-body clothes,265,113,192,79,354,89
15882,img/img_00098113.jpg,full-body clothes,399,110,215,105,484,85
15883,img/img_00098120.jpg,full-body clothes,267,33,134,101,325,58
15884,img/img_00098124.jpg,full-body clothes,340,73,193,120,463,123
15885,img/img_00098125.jpg,full-body clothes,351,227,280,53,477,126
15886,img/img_00098130.jpg,full-body clothes,339,132,224,92,455,116
15887,img/img_00098133.jpg,full-body clothes,353,109,230,121,466,113
15888,img/img_00098135.jpg,full-body clothes,432,250,250,0,432,0
15889,img/img_00098143.jpg,full-body clothes,354,152,254,102,479,125
15890,img/img_00098146.jpg,upper-body clothes,246,113,236,123,357,111
15891,img/img_00098173.jpg,full-body clothes,404,52,226,174,478,74
15892,img/img_00098175.jpg,full-body clothes,288,40,154,114,339,51
15893,img/img_00098180.jpg,full-body clothes,372,151,329,178,450,78
15894,img/img_00098181.jpg,full-body clothes,499,223,223,0,499,0
15895,img/img_00098188.jpg,full-body clothes,116,122,122,0,116,0
15896,img/img_00098189.jpg,full-body clothes,389,138,239,101,477,88
15897,img/img_00098198.jpg,full-body clothes,390,195,202,7,461,71
15898,img/img_00098204.jpg,full-body clothes,286,139,155,16,472,186
15899,img/img_00098215.jpg,full-body clothes,285,142,259,117,492,207
15900,img/img_00098226.jpg,lower-body clothes,54,111,155,44,256,202
15901,img/img_00098228.jpg,lower-body clothes,45,93,215,122,259,214
15902,img/img_00098233.jpg,lower-body clothes,267,224,224,0,267,0
15903,img/img_00098247.jpg,upper-body clothes,110,62,138,76,189,79
15904,img/img_00098252.jpg,upper-body clothes,137,114,149,35,220,83
15905,img/img_00098254.jpg,upper-body clothes,176,101,154,53,292,116
15906,img/img_00098263.jpg,full-body clothes,415,310,310,0,415,0
15907,img/img_00098266.jpg,full-body clothes,121,67,102,35,137,16
15908,img/img_00098270.jpg,full-body clothes,400,133,247,114,470,70
15909,img/img_00098289.jpg,full-body clothes,352,201,288,87,405,53
15910,img/img_00098290.jpg,full-body clothes,473,246,246,0,473,0
15911,img/img_00098294.jpg,full-body clothes,310,176,261,85,425,115
15912,img/img_00098307.jpg,full-body clothes,135,143,143,0,135,0
15913,img/img_00098310.jpg,full-body clothes,139,216,216,0,139,0
15914,img/img_00098312.jpg,full-body clothes,247,42,141,99,335,88
15915,img/img_00098313.jpg,full-body clothes,337,129,253,124,464,127
15916,img/img_00098314.jpg,full-body clothes,160,127,172,45,220,60
15917,img/img_00098341.jpg,upper-body clothes,255,61,191,130,379,124
15918,img/img_00098359.jpg,full-body clothes,347,218,288,70,469,122
15919,img/img_00098360.jpg,full-body clothes,358,110,216,106,461,103
15920,img/img_00098362.jpg,full-body clothes,323,57,194,137,452,129
15921,img/img_00098363.jpg,full-body clothes,123,160,160,0,123,0
15922,img/img_00098381.jpg,upper-body clothes,488,303,303,0,488,0
15923,img/img_00098383.jpg,upper-body clothes,204,89,292,203,327,123
15924,img/img_00098392.jpg,upper-body clothes,428,173,255,82,493,65
15925,img/img_00098393.jpg,upper-body clothes,153,71,191,120,248,95
15926,img/img_00098394.jpg,upper-body clothes,143,67,107,40,206,63
15927,img/img_00098395.jpg,upper-body clothes,93,95,135,40,113,20
15928,img/img_00098411.jpg,upper-body clothes,268,142,400,258,289,21
15929,img/img_00098414.jpg,full-body clothes,214,224,224,0,214,0
15930,img/img_00098415.jpg,full-body clothes,287,64,155,91,395,108
15931,img/img_00098418.jpg,full-body clothes,320,80,189,109,396,76
15932,img/img_00098420.jpg,full-body clothes,108,119,119,0,108,0
15933,img/img_00098421.jpg,full-body clothes,111,228,228,0,111,0
15934,img/img_00098422.jpg,full-body clothes,219,29,139,110,266,47
15935,img/img_00098428.jpg,full-body clothes,159,82,185,103,245,86
15936,img/img_00098429.jpg,full-body clothes,300,169,260,91,422,122
15937,img/img_00098469.jpg,full-body clothes,284,233,233,0,284,0
15938,img/img_00098471.jpg,full-body clothes,181,205,205,0,181,0
15939,img/img_00098482.jpg,upper-body clothes,250,171,298,127,420,170
15940,img/img_00098494.jpg,upper-body clothes,362,223,223,0,362,0
15941,img/img_00098517.jpg,full-body clothes,246,200,200,0,246,0
15942,img/img_00098525.jpg,full-body clothes,384,130,242,112,502,118
15943,img/img_00098543.jpg,lower-body clothes,400,95,226,131,406,6
15944,img/img_00098544.jpg,lower-body clothes,290,134,234,100,322,32
15945,img/img_00098554.jpg,lower-body clothes,359,98,154,56,372,13
15946,img/img_00098570.jpg,full-body clothes,161,91,171,80,230,69
15947,img/img_00098572.jpg,lower-body clothes,231,416,416,0,231,0
15948,img/img_00098573.jpg,lower-body clothes,320,494,494,0,320,0
15949,img/img_00098589.jpg,lower-body clothes,98,127,303,176,340,242
15950,img/img_00098595.jpg,full-body clothes,246,220,220,0,246,0
15951,img/img_00098600.jpg,full-body clothes,306,162,238,76,405,99
15952,img/img_00098604.jpg,full-body clothes,257,175,175,0,257,0
15953,img/img_00098606.jpg,lower-body clothes,137,168,211,43,448,311
15954,img/img_00098608.jpg,lower-body clothes,79,117,124,7,126,47
15955,img/img_00098613.jpg,lower-body clothes,327,96,176,80,380,53
15956,img/img_00098623.jpg,full-body clothes,227,143,185,42,307,80
15957,img/img_00098638.jpg,upper-body clothes,69,302,302,0,69,0
15958,img/img_00098642.jpg,upper-body clothes,463,138,242,104,496,33
15959,img/img_00098655.jpg,full-body clothes,372,238,238,0,372,0
15960,img/img_00098663.jpg,full-body clothes,269,122,205,83,401,132
15961,img/img_00098664.jpg,full-body clothes,315,62,167,105,425,110
15962,img/img_00098665.jpg,full-body clothes,218,101,263,162,291,73
15963,img/img_00098670.jpg,full-body clothes,345,146,234,88,434,89
15964,img/img_00098676.jpg,full-body clothes,168,86,168,82,219,51
15965,img/img_00098691.jpg,full-body clothes,291,151,241,90,422,131
15966,img/img_00098707.jpg,upper-body clothes,215,91,192,101,318,103
15967,img/img_00098715.jpg,lower-body clothes,204,211,386,175,286,82
15968,img/img_00098737.jpg,full-body clothes,178,61,136,75,245,67
15969,img/img_00098743.jpg,full-body clothes,328,159,346,187,442,114
15970,img/img_00098751.jpg,full-body clothes,269,114,173,59,344,75
15971,img/img_00098753.jpg,full-body clothes,379,152,234,82,492,113
15972,img/img_00098761.jpg,full-body clothes,212,84,217,133,274,62
15973,img/img_00098763.jpg,full-body clothes,334,176,255,79,450,116
15974,img/img_00098778.jpg,full-body clothes,261,137,230,93,399,138
15975,img/img_00098779.jpg,full-body clothes,196,97,189,92,272,76
15976,img/img_00098781.jpg,full-body clothes,167,101,145,44,297,130
15977,img/img_00098786.jpg,upper-body clothes,69,52,116,64,123,54
15978,img/img_00098792.jpg,upper-body clothes,239,35,222,187,407,168
15979,img/img_00098793.jpg,upper-body clothes,248,279,279,0,248,0
15980,img/img_00098800.jpg,upper-body clothes,143,33,95,62,221,78
15981,img/img_00098802.jpg,upper-body clothes,189,100,155,55,296,107
15982,img/img_00098803.jpg,upper-body clothes,169,118,176,58,293,124
15983,img/img_00098811.jpg,full-body clothes,181,53,129,76,243,62
15984,img/img_00098813.jpg,full-body clothes,337,94,208,114,421,84
15985,img/img_00098822.jpg,upper-body clothes,60,70,164,94,134,74
15986,img/img_00098824.jpg,upper-body clothes,210,111,248,137,362,152
15987,img/img_00098830.jpg,upper-body clothes,136,162,162,0,136,0
15988,img/img_00098842.jpg,full-body clothes,153,77,154,77,214,61
15989,img/img_00098850.jpg,full-body clothes,161,72,137,65,214,53
15990,img/img_00098855.jpg,full-body clothes,162,75,99,24,226,64
15991,img/img_00098864.jpg,lower-body clothes,109,119,194,75,292,183
15992,img/img_00098867.jpg,lower-body clothes,70,102,242,140,258,188
15993,img/img_00098872.jpg,lower-body clothes,146,158,276,118,440,294
15994,img/img_00098876.jpg,lower-body clothes,45,79,128,49,206,161
15995,img/img_00098879.jpg,lower-body clothes,46,88,141,53,220,174
15996,img/img_00098893.jpg,lower-body clothes,172,92,138,46,331,159
15997,img/img_00098895.jpg,lower-body clothes,55,91,138,47,220,165
15998,img/img_00098902.jpg,lower-body clothes,45,89,126,37,213,168
15999,img/img_00098909.jpg,lower-body clothes,30,97,152,55,212,182
16000,img/img_00098910.jpg,lower-body clothes,42,102,125,23,216,174
16001,img/img_00098913.jpg,lower-body clothes,117,172,254,82,471,354
16002,img/img_00098917.jpg,upper-body clothes,193,121,222,101,323,130
16003,img/img_00098928.jpg,upper-body clothes,111,57,133,76,181,70
16004,img/img_00098931.jpg,upper-body clothes,83,61,119,58,158,75
16005,img/img_00098935.jpg,full-body clothes,102,48,151,103,143,41
16006,img/img_00098939.jpg,full-body clothes,355,132,213,81,476,121
16007,img/img_00098940.jpg,full-body clothes,401,209,209,0,401,0
16008,img/img_00098953.jpg,full-body clothes,272,84,221,137,355,83
16009,img/img_00098963.jpg,upper-body clothes,271,104,280,176,413,142
16010,img/img_00098965.jpg,upper-body clothes,273,136,247,111,415,142
16011,img/img_00098974.jpg,upper-body clothes,293,88,198,110,426,133
16012,img/img_00098981.jpg,full-body clothes,389,64,292,228,474,85
16013,img/img_00098983.jpg,full-body clothes,381,55,216,161,459,78
16014,img/img_00098984.jpg,full-body clothes,235,43,175,132,287,52
16015,img/img_00098986.jpg,full-body clothes,365,97,214,117,450,85
16016,img/img_00098993.jpg,full-body clothes,246,113,250,137,326,80
16017,img/img_00098994.jpg,full-body clothes,157,26,107,81,184,27
16018,img/img_00098996.jpg,full-body clothes,177,88,239,151,289,112
16019,img/img_00099013.jpg,full-body clothes,178,57,126,69,219,41
16020,img/img_00099019.jpg,full-body clothes,210,152,244,92,303,93
16021,img/img_00099025.jpg,full-body clothes,216,107,244,137,310,94
16022,img/img_00099026.jpg,full-body clothes,179,96,172,76,252,73
16023,img/img_00099031.jpg,full-body clothes,206,75,157,82,262,56
16024,img/img_00099040.jpg,upper-body clothes,237,115,203,88,378,141
16025,img/img_00099045.jpg,upper-body clothes,237,113,197,84,389,152
16026,img/img_00099049.jpg,upper-body clothes,157,63,137,74,224,67
16027,img/img_00099050.jpg,upper-body clothes,163,76,158,82,249,86
16028,img/img_00099067.jpg,upper-body clothes,280,268,321,53,449,169
16029,img/img_00099068.jpg,upper-body clothes,221,443,443,0,221,0
16030,img/img_00099069.jpg,upper-body clothes,239,132,241,109,376,137
16031,img/img_00099071.jpg,upper-body clothes,202,142,244,102,322,120
16032,img/img_00099073.jpg,upper-body clothes,123,341,341,0,123,0
16033,img/img_00099088.jpg,full-body clothes,264,96,226,130,336,72
16034,img/img_00099093.jpg,full-body clothes,159,106,154,48,217,58
16035,img/img_00099094.jpg,full-body clothes,172,87,127,40,232,60
16036,img/img_00099095.jpg,full-body clothes,166,46,107,61,207,41
16037,img/img_00099104.jpg,lower-body clothes,182,156,251,95,480,298
16038,img/img_00099107.jpg,full-body clothes,362,261,383,122,491,129
16039,img/img_00099108.jpg,full-body clothes,150,80,165,85,186,36
16040,img/img_00099111.jpg,full-body clothes,380,124,248,124,495,115
16041,img/img_00099114.jpg,full-body clothes,349,76,176,100,449,100
16042,img/img_00099136.jpg,upper-body clothes,232,79,455,376,311,79
16043,img/img_00099143.jpg,upper-body clothes,312,318,318,0,312,0
16044,img/img_00099144.jpg,upper-body clothes,190,127,234,107,290,100
16045,img/img_00099150.jpg,upper-body clothes,444,213,213,0,444,0
16046,img/img_00099154.jpg,upper-body clothes,120,66,132,66,184,64
16047,img/img_00099156.jpg,upper-body clothes,79,238,238,0,79,0
16048,img/img_00099161.jpg,upper-body clothes,84,55,130,75,137,53
16049,img/img_00099166.jpg,upper-body clothes,207,151,189,38,314,107
16050,img/img_00099181.jpg,upper-body clothes,241,100,200,100,376,135
16051,img/img_00099183.jpg,upper-body clothes,126,92,144,52,202,76
16052,img/img_00099190.jpg,upper-body clothes,55,40,132,92,98,43
16053,img/img_00099193.jpg,upper-body clothes,292,208,285,77,413,121
16054,img/img_00099205.jpg,upper-body clothes,122,68,140,72,185,63
16055,img/img_00099208.jpg,upper-body clothes,146,69,133,64,213,67
16056,img/img_00099210.jpg,upper-body clothes,139,70,206,136,213,74
16057,img/img_00099224.jpg,upper-body clothes,106,70,132,62,165,59
16058,img/img_00099228.jpg,upper-body clothes,125,81,145,64,204,79
16059,img/img_00099237.jpg,upper-body clothes,224,178,206,28,228,4
16060,img/img_00099243.jpg,upper-body clothes,174,125,244,119,310,136
16061,img/img_00099259.jpg,upper-body clothes,236,136,186,50,295,59
16062,img/img_00099264.jpg,upper-body clothes,235,183,351,168,384,149
16063,img/img_00099270.jpg,upper-body clothes,148,66,133,67,215,67
16064,img/img_00099275.jpg,upper-body clothes,126,85,139,54,206,80
16065,img/img_00099282.jpg,upper-body clothes,183,122,175,53,328,145
16066,img/img_00099287.jpg,upper-body clothes,159,92,199,107,242,83
16067,img/img_00099310.jpg,full-body clothes,333,208,245,37,485,152
16068,img/img_00099313.jpg,full-body clothes,497,250,250,0,497,0
16069,img/img_00099317.jpg,full-body clothes,472,355,355,0,472,0
16070,img/img_00099322.jpg,full-body clothes,444,241,241,0,444,0
16071,img/img_00099325.jpg,full-body clothes,458,316,316,0,458,0
16072,img/img_00099327.jpg,full-body clothes,335,262,333,71,452,117
16073,img/img_00099342.jpg,upper-body clothes,162,65,134,69,232,70
16074,img/img_00099371.jpg,full-body clothes,277,113,217,104,364,87
16075,img/img_00099375.jpg,full-body clothes,327,179,303,124,446,119
16076,img/img_00099384.jpg,upper-body clothes,293,157,211,54,433,140
16077,img/img_00099393.jpg,upper-body clothes,219,227,271,44,354,135
16078,img/img_00099394.jpg,upper-body clothes,312,163,280,117,478,166
16079,img/img_00099398.jpg,lower-body clothes,166,73,256,183,466,300
16080,img/img_00099400.jpg,lower-body clothes,140,130,213,83,197,57
16081,img/img_00099402.jpg,lower-body clothes,118,110,437,327,139,21
16082,img/img_00099412.jpg,lower-body clothes,82,66,120,54,297,215
16083,img/img_00099417.jpg,upper-body clothes,206,100,249,149,295,89
16084,img/img_00099419.jpg,upper-body clothes,189,100,220,120,310,121
16085,img/img_00099421.jpg,upper-body clothes,335,143,264,121,416,81
16086,img/img_00099427.jpg,upper-body clothes,242,256,306,50,355,113
16087,img/img_00099435.jpg,upper-body clothes,264,87,282,195,413,149
16088,img/img_00099437.jpg,upper-body clothes,176,52,134,82,304,128
16089,img/img_00099446.jpg,upper-body clothes,219,125,236,111,349,130
16090,img/img_00099448.jpg,full-body clothes,226,51,181,130,310,84
16091,img/img_00099453.jpg,full-body clothes,170,41,160,119,224,54
16092,img/img_00099462.jpg,full-body clothes,245,157,319,162,323,78
16093,img/img_00099467.jpg,full-body clothes,225,116,216,100,261,36
16094,img/img_00099474.jpg,full-body clothes,345,211,344,133,490,145
16095,img/img_00099490.jpg,full-body clothes,297,160,269,109,441,144
16096,img/img_00099494.jpg,full-body clothes,222,192,192,0,222,0
16097,img/img_00099495.jpg,full-body clothes,203,139,213,74,279,76
16098,img/img_00099496.jpg,full-body clothes,182,90,172,82,252,70
16099,img/img_00099500.jpg,full-body clothes,373,165,275,110,458,85
16100,img/img_00099505.jpg,full-body clothes,193,66,181,115,271,78
16101,img/img_00099509.jpg,full-body clothes,222,121,233,112,300,78
16102,img/img_00099515.jpg,full-body clothes,130,92,142,50,231,101
16103,img/img_00099519.jpg,full-body clothes,258,147,266,119,362,104
16104,img/img_00099521.jpg,full-body clothes,298,177,266,89,450,152
16105,img/img_00099527.jpg,full-body clothes,243,245,245,0,243,0
16106,img/img_00099528.jpg,full-body clothes,195,93,212,119,261,66
16107,img/img_00099529.jpg,full-body clothes,178,48,122,74,236,58
16108,img/img_00099533.jpg,full-body clothes,245,240,240,0,245,0
16109,img/img_00099539.jpg,full-body clothes,279,349,349,0,279,0
16110,img/img_00099540.jpg,full-body clothes,277,124,267,143,358,81
16111,img/img_00099541.jpg,full-body clothes,84,90,90,0,84,0
16112,img/img_00099542.jpg,full-body clothes,232,206,206,0,232,0
16113,img/img_00099547.jpg,full-body clothes,353,127,272,145,445,92
16114,img/img_00099557.jpg,full-body clothes,181,48,123,75,237,56
16115,img/img_00099559.jpg,full-body clothes,164,46,97,51,219,55
16116,img/img_00099561.jpg,full-body clothes,380,137,250,113,487,107
16117,img/img_00099563.jpg,full-body clothes,152,97,161,64,217,65
16118,img/img_00099565.jpg,full-body clothes,155,106,142,36,211,56
16119,img/img_00099580.jpg,full-body clothes,256,274,274,0,256,0
16120,img/img_00099581.jpg,full-body clothes,320,86,192,106,454,134
16121,img/img_00099586.jpg,full-body clothes,284,135,135,0,284,0
16122,img/img_00099587.jpg,full-body clothes,175,46,205,159,226,51
16123,img/img_00099589.jpg,full-body clothes,375,147,286,139,452,77
16124,img/img_00099595.jpg,full-body clothes,397,37,203,166,478,81
16125,img/img_00099607.jpg,full-body clothes,379,67,251,184,473,94
16126,img/img_00099614.jpg,upper-body clothes,180,132,255,123,333,153
16127,img/img_00099617.jpg,upper-body clothes,125,44,124,80,209,84
16128,img/img_00099622.jpg,upper-body clothes,123,74,194,120,244,121
16129,img/img_00099627.jpg,upper-body clothes,162,49,176,127,250,88
16130,img/img_00099643.jpg,full-body clothes,365,128,258,130,495,130
16131,img/img_00099645.jpg,full-body clothes,176,401,401,0,176,0
16132,img/img_00099649.jpg,full-body clothes,179,162,162,0,179,0
16133,img/img_00099650.jpg,full-body clothes,108,74,133,59,173,65
16134,img/img_00099652.jpg,full-body clothes,332,292,300,8,475,143
16135,img/img_00099653.jpg,full-body clothes,265,170,237,67,359,94
16136,img/img_00099657.jpg,full-body clothes,473,371,371,0,473,0
16137,img/img_00099664.jpg,full-body clothes,352,92,211,119,462,110
16138,img/img_00099676.jpg,full-body clothes,202,34,123,89,240,38
16139,img/img_00099681.jpg,full-body clothes,291,93,174,81,350,59
16140,img/img_00099687.jpg,full-body clothes,338,247,284,37,364,26
16141,img/img_00099704.jpg,upper-body clothes,150,79,145,66,154,4
16142,img/img_00099705.jpg,upper-body clothes,93,79,218,139,212,119
16143,img/img_00099716.jpg,lower-body clothes,137,124,207,83,445,308
16144,img/img_00099719.jpg,lower-body clothes,279,255,265,10,351,72
16145,img/img_00099720.jpg,lower-body clothes,68,79,136,57,226,158
16146,img/img_00099730.jpg,lower-body clothes,129,162,268,106,376,247
16147,img/img_00099734.jpg,lower-body clothes,109,255,290,35,119,10
16148,img/img_00099738.jpg,lower-body clothes,172,174,289,115,234,62
16149,img/img_00099739.jpg,lower-body clothes,232,342,415,73,313,81
16150,img/img_00099741.jpg,lower-body clothes,96,34,113,79,118,22
16151,img/img_00099749.jpg,lower-body clothes,280,345,345,0,280,0
16152,img/img_00099755.jpg,full-body clothes,407,114,238,124,500,93
16153,img/img_00099762.jpg,full-body clothes,313,105,320,215,465,152
16154,img/img_00099764.jpg,full-body clothes,214,102,252,150,341,127
16155,img/img_00099772.jpg,upper-body clothes,258,151,237,86,391,133
16156,img/img_00099775.jpg,upper-body clothes,189,61,147,86,283,94
16157,img/img_00099778.jpg,full-body clothes,231,68,233,165,322,91
16158,img/img_00099787.jpg,full-body clothes,235,456,456,0,235,0
16159,img/img_00099796.jpg,full-body clothes,361,153,323,170,469,108
16160,img/img_00099814.jpg,full-body clothes,258,162,248,86,378,120
16161,img/img_00099822.jpg,full-body clothes,309,167,279,112,444,135
16162,img/img_00099840.jpg,upper-body clothes,258,131,221,90,409,151
16163,img/img_00099844.jpg,upper-body clothes,185,57,171,114,256,71
16164,img/img_00099847.jpg,upper-body clothes,454,331,331,0,454,0
16165,img/img_00099848.jpg,upper-body clothes,189,46,173,127,274,85
16166,img/img_00099861.jpg,upper-body clothes,159,101,218,117,278,119
16167,img/img_00099863.jpg,upper-body clothes,144,109,187,78,256,112
16168,img/img_00099875.jpg,upper-body clothes,258,124,227,103,411,153
16169,img/img_00099880.jpg,upper-body clothes,145,123,248,125,242,97
16170,img/img_00099899.jpg,full-body clothes,493,314,314,0,493,0
16171,img/img_00099909.jpg,full-body clothes,119,153,153,0,119,0
16172,img/img_00099911.jpg,full-body clothes,304,153,252,99,348,44
16173,img/img_00099926.jpg,upper-body clothes,419,263,335,72,437,18
16174,img/img_00099928.jpg,upper-body clothes,241,166,440,274,311,70
16175,img/img_00099957.jpg,full-body clothes,468,186,186,0,468,0
16176,img/img_00099959.jpg,full-body clothes,173,99,217,118,277,104
16177,img/img_00099971.jpg,full-body clothes,228,212,212,0,228,0
16178,img/img_00099972.jpg,full-body clothes,273,174,439,265,344,71
16179,img/img_00099973.jpg,full-body clothes,378,127,225,98,483,105
16180,img/img_00099974.jpg,full-body clothes,447,140,215,75,505,58
16181,img/img_00099985.jpg,full-body clothes,284,74,159,85,345,61
16182,img/img_00099989.jpg,full-body clothes,362,143,318,175,457,95
16183,img/img_00099992.jpg,full-body clothes,269,241,326,85,310,41
16184,img/img_00099996.jpg,full-body clothes,365,49,202,153,487,122
16185,img/img_00099997.jpg,full-body clothes,162,80,174,94,181,19
16186,img/img_00099998.jpg,lower-body clothes,492,123,231,108,500,8
16187,img/img_00100005.jpg,lower-body clothes,380,126,234,108,433,53
16188,img/img_00100006.jpg,lower-body clothes,226,80,142,62,250,24
16189,img/img_00100007.jpg,lower-body clothes,146,49,276,227,270,124
16190,img/img_00100011.jpg,upper-body clothes,486,461,461,0,486,0
16191,img/img_00100030.jpg,upper-body clothes,364,298,395,97,452,88
16192,img/img_00100031.jpg,upper-body clothes,335,213,292,79,352,17
16193,img/img_00100033.jpg,upper-body clothes,350,391,391,0,350,0
16194,img/img_00100045.jpg,full-body clothes,163,90,189,99,219,56
16195,img/img_00100048.jpg,upper-body clothes,484,459,459,0,484,0
16196,img/img_00100049.jpg,upper-body clothes,115,85,153,68,187,72
16197,img/img_00100050.jpg,upper-body clothes,60,198,198,0,60,0
16198,img/img_00100054.jpg,upper-body clothes,374,268,268,0,374,0
16199,img/img_00100059.jpg,upper-body clothes,137,290,290,0,137,0
16200,img/img_00100060.jpg,upper-body clothes,492,477,500,23,501,9
16201,img/img_00100061.jpg,upper-body clothes,214,211,211,0,214,0
16202,img/img_00100062.jpg,upper-body clothes,434,287,306,19,459,25
16203,img/img_00100067.jpg,upper-body clothes,308,165,236,71,435,127
16204,img/img_00100072.jpg,upper-body clothes,178,80,163,83,275,97
16205,img/img_00100076.jpg,upper-body clothes,49,253,253,0,49,0
16206,img/img_00100077.jpg,upper-body clothes,181,146,259,113,324,143
16207,img/img_00100078.jpg,upper-body clothes,349,230,361,131,374,25
16208,img/img_00100081.jpg,upper-body clothes,287,178,234,56,416,129
16209,img/img_00100083.jpg,upper-body clothes,86,279,279,0,86,0
16210,img/img_00100087.jpg,upper-body clothes,330,108,255,147,475,145
16211,img/img_00100088.jpg,upper-body clothes,97,46,105,59,157,60
16212,img/img_00100094.jpg,lower-body clothes,68,80,264,184,285,217
16213,img/img_00100095.jpg,lower-body clothes,184,443,486,43,188,4
16214,img/img_00100098.jpg,lower-body clothes,127,84,334,250,192,65
16215,img/img_00100099.jpg,lower-body clothes,118,122,249,127,267,149
16216,img/img_00100104.jpg,lower-body clothes,119,171,255,84,472,353
16217,img/img_00100109.jpg,lower-body clothes,81,453,453,0,81,0
16218,img/img_00100115.jpg,lower-body clothes,65,84,152,68,291,226
16219,img/img_00100133.jpg,full-body clothes,260,86,150,64,345,85
16220,img/img_00100138.jpg,full-body clothes,272,296,296,0,272,0
16221,img/img_00100141.jpg,full-body clothes,148,79,195,116,239,91
16222,img/img_00100142.jpg,full-body clothes,190,99,162,63,281,91
16223,img/img_00100160.jpg,full-body clothes,373,41,112,71,444,71
16224,img/img_00100168.jpg,full-body clothes,267,325,325,0,267,0
16225,img/img_00100172.jpg,full-body clothes,326,125,253,128,440,114
16226,img/img_00100175.jpg,full-body clothes,367,68,259,191,462,95
16227,img/img_00100176.jpg,full-body clothes,315,118,157,39,420,105
16228,img/img_00100184.jpg,full-body clothes,355,65,211,146,443,88
16229,img/img_00100192.jpg,full-body clothes,215,296,296,0,215,0
16230,img/img_00100214.jpg,full-body clothes,297,346,346,0,297,0
16231,img/img_00100217.jpg,full-body clothes,270,196,273,77,421,151
16232,img/img_00100219.jpg,full-body clothes,260,70,247,177,342,82
16233,img/img_00100220.jpg,full-body clothes,364,104,217,113,473,109
16234,img/img_00100244.jpg,lower-body clothes,136,126,261,135,427,291
16235,img/img_00100281.jpg,lower-body clothes,241,91,201,110,462,221
16236,img/img_00100284.jpg,lower-body clothes,375,21,165,144,380,5
16237,img/img_00100286.jpg,lower-body clothes,393,143,316,173,410,17
16238,img/img_00100294.jpg,lower-body clothes,386,147,227,80,403,17
16239,img/img_00100295.jpg,lower-body clothes,197,73,138,65,207,10
16240,img/img_00100296.jpg,lower-body clothes,228,76,166,90,444,216
16241,img/img_00100302.jpg,upper-body clothes,173,157,157,0,173,0
16242,img/img_00100307.jpg,upper-body clothes,336,222,247,25,392,56
16243,img/img_00100319.jpg,full-body clothes,387,83,293,210,475,88
16244,img/img_00100329.jpg,full-body clothes,364,52,215,163,438,74
16245,img/img_00100337.jpg,lower-body clothes,81,77,434,357,251,170
16246,img/img_00100340.jpg,lower-body clothes,485,356,356,0,485,0
16247,img/img_00100344.jpg,lower-body clothes,286,261,309,48,398,112
16248,img/img_00100345.jpg,lower-body clothes,442,387,387,0,442,0
16249,img/img_00100358.jpg,lower-body clothes,394,43,90,47,418,24
16250,img/img_00100363.jpg,lower-body clothes,248,85,167,82,256,8
16251,img/img_00100368.jpg,lower-body clothes,301,99,242,143,444,143
16252,img/img_00100370.jpg,lower-body clothes,411,156,277,121,430,19
16253,img/img_00100372.jpg,lower-body clothes,242,145,275,130,454,212
16254,img/img_00100378.jpg,upper-body clothes,166,114,223,109,216,50
16255,img/img_00100380.jpg,upper-body clothes,30,309,309,0,30,0
16256,img/img_00100384.jpg,upper-body clothes,94,247,247,0,94,0
16257,img/img_00100391.jpg,upper-body clothes,117,218,218,0,117,0
16258,img/img_00100395.jpg,upper-body clothes,147,182,182,0,147,0
16259,img/img_00100396.jpg,upper-body clothes,160,97,127,30,223,63
16260,img/img_00100401.jpg,upper-body clothes,262,321,321,0,262,0
16261,img/img_00100402.jpg,upper-body clothes,58,423,423,0,58,0
16262,img/img_00100419.jpg,upper-body clothes,129,64,155,91,200,71
16263,img/img_00100429.jpg,lower-body clothes,210,73,271,198,415,205
16264,img/img_00100442.jpg,upper-body clothes,113,91,322,231,179,66
16265,img/img_00100446.jpg,upper-body clothes,167,104,144,40,237,70
16266,img/img_00100454.jpg,lower-body clothes,244,218,218,0,244,0
16267,img/img_00100459.jpg,lower-body clothes,344,241,241,0,344,0
16268,img/img_00100472.jpg,lower-body clothes,110,64,143,79,202,92
16269,img/img_00100477.jpg,full-body clothes,164,64,125,61,226,62
16270,img/img_00100479.jpg,full-body clothes,336,109,206,97,441,105
16271,img/img_00100482.jpg,lower-body clothes,212,80,193,113,401,189
16272,img/img_00100483.jpg,lower-body clothes,132,40,103,63,229,97
16273,img/img_00100484.jpg,lower-body clothes,325,240,240,0,325,0
16274,img/img_00100486.jpg,lower-body clothes,192,111,199,88,383,191
16275,img/img_00100494.jpg,lower-body clothes,49,96,136,40,264,215
16276,img/img_00100504.jpg,full-body clothes,77,32,94,62,102,25
16277,img/img_00100506.jpg,full-body clothes,221,93,149,56,274,53
16278,img/img_00100513.jpg,full-body clothes,366,71,97,26,431,65
16279,img/img_00100523.jpg,full-body clothes,206,100,206,106,284,78
16280,img/img_00100533.jpg,upper-body clothes,285,190,286,96,438,153
16281,img/img_00100537.jpg,upper-body clothes,98,61,133,72,158,60
16282,img/img_00100542.jpg,full-body clothes,323,130,229,99,458,135
16283,img/img_00100543.jpg,full-body clothes,374,44,197,153,456,82
16284,img/img_00100552.jpg,lower-body clothes,72,72,224,152,278,206
16285,img/img_00100556.jpg,lower-body clothes,119,172,244,72,375,256
16286,img/img_00100562.jpg,lower-body clothes,78,85,206,121,321,243
16287,img/img_00100570.jpg,lower-body clothes,104,117,197,80,347,243
16288,img/img_00100573.jpg,lower-body clothes,61,66,122,56,213,152
16289,img/img_00100583.jpg,upper-body clothes,175,88,162,74,282,107
16290,img/img_00100584.jpg,upper-body clothes,247,141,190,49,317,70
16291,img/img_00100600.jpg,upper-body clothes,182,33,114,81,233,51
16292,img/img_00100602.jpg,upper-body clothes,144,108,153,45,238,94
16293,img/img_00100603.jpg,upper-body clothes,167,27,106,79,258,91
16294,img/img_00100614.jpg,lower-body clothes,242,82,220,138,451,209
16295,img/img_00100622.jpg,lower-body clothes,103,106,242,136,299,196
16296,img/img_00100630.jpg,lower-body clothes,182,57,141,84,324,142
16297,img/img_00100633.jpg,lower-body clothes,65,68,204,136,247,182
16298,img/img_00100646.jpg,upper-body clothes,184,149,243,94,309,125
16299,img/img_00100651.jpg,lower-body clothes,242,81,128,47,455,213
16300,img/img_00100666.jpg,lower-body clothes,242,106,198,92,493,251
16301,img/img_00100678.jpg,full-body clothes,326,174,265,91,463,137
16302,img/img_00100684.jpg,full-body clothes,312,94,202,108,394,82
16303,img/img_00100696.jpg,full-body clothes,359,80,208,128,444,85
16304,img/img_00100699.jpg,full-body clothes,383,322,322,0,383,0
16305,img/img_00100715.jpg,upper-body clothes,149,93,145,52,212,63
16306,img/img_00100718.jpg,upper-body clothes,283,194,194,0,283,0
16307,img/img_00100720.jpg,upper-body clothes,93,87,151,64,166,73
16308,img/img_00100728.jpg,upper-body clothes,181,67,198,131,271,90
16309,img/img_00100730.jpg,upper-body clothes,248,270,270,0,248,0
16310,img/img_00100746.jpg,lower-body clothes,64,105,179,74,285,221
16311,img/img_00100766.jpg,lower-body clothes,52,102,158,56,276,224
16312,img/img_00100769.jpg,lower-body clothes,71,98,229,131,256,185
16313,img/img_00100770.jpg,lower-body clothes,213,206,206,0,213,0
16314,img/img_00100781.jpg,lower-body clothes,209,134,134,0,209,0
16315,img/img_00100788.jpg,lower-body clothes,421,245,298,53,431,10
16316,img/img_00100790.jpg,lower-body clothes,377,274,274,0,377,0
16317,img/img_00100796.jpg,full-body clothes,175,80,138,58,228,53
16318,img/img_00100800.jpg,full-body clothes,372,82,212,130,448,76
16319,img/img_00100819.jpg,lower-body clothes,129,184,271,87,447,318
16320,img/img_00100827.jpg,full-body clothes,183,23,108,85,241,58
16321,img/img_00100828.jpg,full-body clothes,188,91,197,106,273,85
16322,img/img_00100841.jpg,lower-body clothes,149,58,166,108,278,129
16323,img/img_00100851.jpg,lower-body clothes,155,60,313,253,291,136
16324,img/img_00100852.jpg,lower-body clothes,250,81,220,139,442,192
16325,img/img_00100857.jpg,lower-body clothes,388,139,321,182,411,23
16326,img/img_00100860.jpg,lower-body clothes,255,70,211,141,461,206
16327,img/img_00100868.jpg,upper-body clothes,213,216,216,0,213,0
16328,img/img_00100869.jpg,upper-body clothes,134,164,255,91,294,160
16329,img/img_00100874.jpg,upper-body clothes,197,127,193,66,319,122
16330,img/img_00100877.jpg,upper-body clothes,123,106,195,89,254,131
16331,img/img_00100884.jpg,upper-body clothes,117,59,137,78,176,59
16332,img/img_00100900.jpg,full-body clothes,274,374,374,0,274,0
16333,img/img_00100908.jpg,full-body clothes,289,127,216,89,293,4
16334,img/img_00100910.jpg,lower-body clothes,171,140,217,77,462,291
16335,img/img_00100914.jpg,lower-body clothes,59,95,199,104,278,219
16336,img/img_00100920.jpg,lower-body clothes,129,105,192,87,257,128
16337,img/img_00100926.jpg,lower-body clothes,176,177,265,88,477,301
16338,img/img_00100943.jpg,full-body clothes,98,168,168,0,98,0
16339,img/img_00100965.jpg,lower-body clothes,232,127,201,74,282,50
16340,img/img_00100968.jpg,lower-body clothes,339,141,212,71,350,11
16341,img/img_00100982.jpg,lower-body clothes,434,7,275,268,480,46
16342,img/img_00100985.jpg,lower-body clothes,190,302,302,0,190,0
16343,img/img_00100990.jpg,lower-body clothes,117,90,161,71,239,122
16344,img/img_00100999.jpg,lower-body clothes,93,57,87,30,262,169
16345,img/img_00101000.jpg,lower-body clothes,279,93,245,152,445,166
16346,img/img_00101002.jpg,upper-body clothes,251,115,182,67,396,145
16347,img/img_00101005.jpg,upper-body clothes,347,211,286,75,489,142
16348,img/img_00101022.jpg,upper-body clothes,69,52,166,114,282,213
16349,img/img_00101025.jpg,upper-body clothes,144,69,416,347,291,147
16350,img/img_00101027.jpg,upper-body clothes,44,32,205,173,100,56
16351,img/img_00101035.jpg,lower-body clothes,260,92,240,148,465,205
16352,img/img_00101039.jpg,lower-body clothes,216,216,216,0,216,0
16353,img/img_00101053.jpg,lower-body clothes,243,106,217,111,464,221
16354,img/img_00101054.jpg,full-body clothes,204,105,182,77,256,52
16355,img/img_00101055.jpg,full-body clothes,379,121,290,169,464,85
16356,img/img_00101056.jpg,full-body clothes,171,72,152,80,222,51
16357,img/img_00101060.jpg,full-body clothes,417,304,304,0,417,0
16358,img/img_00101065.jpg,full-body clothes,171,78,169,91,228,57
16359,img/img_00101097.jpg,upper-body clothes,263,121,245,124,416,153
16360,img/img_00101112.jpg,full-body clothes,288,38,219,181,301,13
16361,img/img_00101113.jpg,full-body clothes,249,105,268,163,337,88
16362,img/img_00101119.jpg,full-body clothes,356,104,202,98,436,80
16363,img/img_00101121.jpg,full-body clothes,280,191,191,0,280,0
16364,img/img_00101124.jpg,lower-body clothes,453,210,328,118,461,8
16365,img/img_00101134.jpg,lower-body clothes,53,37,106,69,349,296
16366,img/img_00101139.jpg,lower-body clothes,80,89,222,133,265,185
16367,img/img_00101146.jpg,lower-body clothes,70,103,173,70,82,12
16368,img/img_00101148.jpg,lower-body clothes,258,349,349,0,258,0
16369,img/img_00101151.jpg,lower-body clothes,88,192,192,0,88,0
16370,img/img_00101154.jpg,lower-body clothes,136,156,261,105,171,35
16371,img/img_00101158.jpg,lower-body clothes,73,129,185,56,131,58
16372,img/img_00101161.jpg,lower-body clothes,293,224,313,89,337,44
16373,img/img_00101164.jpg,lower-body clothes,109,117,242,125,259,150
16374,img/img_00101170.jpg,lower-body clothes,58,97,193,96,228,170
16375,img/img_00101176.jpg,upper-body clothes,209,78,222,144,357,148
16376,img/img_00101202.jpg,upper-body clothes,82,55,138,83,120,38
16377,img/img_00101208.jpg,upper-body clothes,261,161,208,47,432,171
16378,img/img_00101209.jpg,upper-body clothes,276,140,207,67,400,124
16379,img/img_00101211.jpg,upper-body clothes,314,472,472,0,314,0
16380,img/img_00101232.jpg,full-body clothes,327,143,237,94,468,141
16381,img/img_00101240.jpg,full-body clothes,280,282,282,0,280,0
16382,img/img_00101242.jpg,full-body clothes,322,213,287,74,434,112
16383,img/img_00101244.jpg,full-body clothes,279,220,220,0,279,0
16384,img/img_00101251.jpg,lower-body clothes,105,41,126,85,208,103
16385,img/img_00101258.jpg,lower-body clothes,178,62,134,72,215,37
16386,img/img_00101259.jpg,lower-body clothes,215,75,239,164,434,219
16387,img/img_00101261.jpg,lower-body clothes,190,57,128,71,198,8
16388,img/img_00101266.jpg,lower-body clothes,231,55,118,63,453,222
16389,img/img_00101268.jpg,lower-body clothes,450,42,194,152,473,23
16390,img/img_00101270.jpg,upper-body clothes,273,167,244,77,420,147
16391,img/img_00101283.jpg,upper-body clothes,97,137,137,0,97,0
16392,img/img_00101285.jpg,upper-body clothes,145,100,143,43,239,94
16393,img/img_00101287.jpg,upper-body clothes,253,96,192,96,349,96
16394,img/img_00101289.jpg,upper-body clothes,103,221,221,0,103,0
16395,img/img_00101293.jpg,upper-body clothes,274,72,166,94,395,121
16396,img/img_00101296.jpg,lower-body clothes,75,74,74,0,75,0
16397,img/img_00101306.jpg,lower-body clothes,102,151,226,75,403,301
16398,img/img_00101310.jpg,upper-body clothes,237,399,399,0,237,0
16399,img/img_00101313.jpg,upper-body clothes,165,62,135,73,257,92
16400,img/img_00101319.jpg,upper-body clothes,253,311,311,0,253,0
16401,img/img_00101327.jpg,upper-body clothes,189,135,313,178,218,29
16402,img/img_00101338.jpg,upper-body clothes,181,94,248,154,315,134
16403,img/img_00101345.jpg,upper-body clothes,236,120,287,167,388,152
16404,img/img_00101347.jpg,upper-body clothes,300,219,281,62,465,165
16405,img/img_00101352.jpg,upper-body clothes,243,92,216,124,395,152
16406,img/img_00101354.jpg,upper-body clothes,178,201,201,0,178,0
16407,img/img_00101361.jpg,upper-body clothes,441,258,328,70,489,48
16408,img/img_00101364.jpg,upper-body clothes,354,201,282,81,423,69
16409,img/img_00101366.jpg,full-body clothes,151,76,182,106,210,59
16410,img/img_00101367.jpg,full-body clothes,120,63,189,126,171,51
16411,img/img_00101374.jpg,full-body clothes,267,142,209,67,361,94
16412,img/img_00101387.jpg,upper-body clothes,238,121,235,114,352,114
16413,img/img_00101392.jpg,upper-body clothes,120,100,165,65,185,65
16414,img/img_00101402.jpg,upper-body clothes,332,209,303,94,468,136
16415,img/img_00101403.jpg,upper-body clothes,251,73,262,189,388,137
16416,img/img_00101405.jpg,upper-body clothes,236,92,225,133,277,41
16417,img/img_00101409.jpg,upper-body clothes,311,51,225,174,400,89
16418,img/img_00101428.jpg,upper-body clothes,169,115,215,100,264,95
16419,img/img_00101432.jpg,upper-body clothes,278,99,222,123,366,88
16420,img/img_00101439.jpg,upper-body clothes,346,128,233,105,455,109
16421,img/img_00101441.jpg,upper-body clothes,200,45,99,54,256,56
16422,img/img_00101442.jpg,upper-body clothes,306,107,234,127,389,83
16423,img/img_00101452.jpg,upper-body clothes,325,196,258,62,479,154
16424,img/img_00101453.jpg,upper-body clothes,95,41,320,279,185,90
16425,img/img_00101455.jpg,upper-body clothes,288,191,264,73,408,120
16426,img/img_00101460.jpg,upper-body clothes,344,191,259,68,486,142
16427,img/img_00101461.jpg,upper-body clothes,166,75,212,137,233,67
16428,img/img_00101462.jpg,upper-body clothes,430,275,275,0,430,0
16429,img/img_00101466.jpg,upper-body clothes,257,122,250,128,349,92
16430,img/img_00101476.jpg,upper-body clothes,252,100,256,156,360,108
16431,img/img_00101478.jpg,upper-body clothes,316,60,210,150,475,159
16432,img/img_00101485.jpg,lower-body clothes,240,144,233,89,418,178
16433,img/img_00101486.jpg,lower-body clothes,229,69,253,184,404,175
16434,img/img_00101490.jpg,lower-body clothes,203,112,315,203,393,190
16435,img/img_00101514.jpg,full-body clothes,181,83,146,63,235,54
16436,img/img_00101524.jpg,upper-body clothes,363,89,244,155,434,71
16437,img/img_00101530.jpg,upper-body clothes,371,56,154,98,476,105
16438,img/img_00101534.jpg,upper-body clothes,358,332,332,0,358,0
16439,img/img_00101543.jpg,upper-body clothes,338,127,232,105,474,136
16440,img/img_00101546.jpg,upper-body clothes,278,150,286,136,373,95
16441,img/img_00101547.jpg,upper-body clothes,255,90,171,81,345,90
16442,img/img_00101549.jpg,upper-body clothes,287,166,257,91,414,127
16443,img/img_00101554.jpg,upper-body clothes,213,108,194,86,296,83
16444,img/img_00101573.jpg,full-body clothes,294,156,265,109,433,139
16445,img/img_00101578.jpg,full-body clothes,166,50,115,65,204,38
16446,img/img_00101579.jpg,upper-body clothes,205,101,219,118,286,81
16447,img/img_00101592.jpg,upper-body clothes,244,137,220,83,344,100
16448,img/img_00101605.jpg,upper-body clothes,347,144,279,135,452,105
16449,img/img_00101607.jpg,upper-body clothes,352,165,236,71,500,148
16450,img/img_00101615.jpg,upper-body clothes,139,55,182,127,196,57
16451,img/img_00101624.jpg,upper-body clothes,209,108,192,84,295,86
16452,img/img_00101630.jpg,upper-body clothes,308,199,296,97,430,122
16453,img/img_00101632.jpg,upper-body clothes,145,77,210,133,174,29
16454,img/img_00101647.jpg,upper-body clothes,231,137,206,69,320,89
16455,img/img_00101650.jpg,upper-body clothes,136,96,232,136,226,90
16456,img/img_00101652.jpg,upper-body clothes,143,23,87,64,200,57
16457,img/img_00101661.jpg,upper-body clothes,151,164,262,98,237,86
16458,img/img_00101663.jpg,upper-body clothes,345,135,329,194,465,120
16459,img/img_00101666.jpg,upper-body clothes,296,124,223,99,380,84
16460,img/img_00101669.jpg,upper-body clothes,213,83,177,94,290,77
16461,img/img_00101680.jpg,upper-body clothes,140,46,110,64,181,41
16462,img/img_00101685.jpg,full-body clothes,323,120,230,110,415,92
16463,img/img_00101691.jpg,full-body clothes,254,91,216,125,349,95
16464,img/img_00101692.jpg,full-body clothes,245,117,246,129,323,78
16465,img/img_00101698.jpg,full-body clothes,312,183,261,78,442,130
16466,img/img_00101720.jpg,full-body clothes,143,147,147,0,143,0
16467,img/img_00101721.jpg,full-body clothes,270,98,263,165,363,93
16468,img/img_00101723.jpg,upper-body clothes,366,67,220,153,473,107
16469,img/img_00101725.jpg,upper-body clothes,93,23,114,91,133,40
16470,img/img_00101741.jpg,upper-body clothes,291,184,271,87,427,136
16471,img/img_00101743.jpg,upper-body clothes,217,121,250,129,301,84
16472,img/img_00101746.jpg,upper-body clothes,159,77,123,46,220,61
16473,img/img_00101747.jpg,upper-body clothes,269,106,254,148,359,90
16474,img/img_00101748.jpg,upper-body clothes,355,177,268,91,472,117
16475,img/img_00101754.jpg,upper-body clothes,253,100,228,128,343,90
16476,img/img_00101758.jpg,upper-body clothes,147,64,141,77,188,41
16477,img/img_00101794.jpg,upper-body clothes,281,87,198,111,372,91
16478,img/img_00101806.jpg,upper-body clothes,288,80,233,153,365,77
16479,img/img_00101819.jpg,full-body clothes,226,88,251,163,301,75
16480,img/img_00101834.jpg,full-body clothes,186,131,235,104,266,80
16481,img/img_00101835.jpg,full-body clothes,231,129,183,54,297,66
16482,img/img_00101841.jpg,upper-body clothes,242,107,225,118,260,18
16483,img/img_00101843.jpg,upper-body clothes,254,104,243,139,327,73
16484,img/img_00101853.jpg,upper-body clothes,198,85,191,106,254,56
16485,img/img_00101864.jpg,upper-body clothes,360,97,218,121,480,120
16486,img/img_00101865.jpg,upper-body clothes,202,162,301,139,285,83
16487,img/img_00101869.jpg,upper-body clothes,293,62,237,175,440,147
16488,img/img_00101873.jpg,upper-body clothes,221,67,207,140,312,91
16489,img/img_00101874.jpg,upper-body clothes,288,85,275,190,363,75
16490,img/img_00101877.jpg,upper-body clothes,296,185,269,84,430,134
16491,img/img_00101882.jpg,upper-body clothes,168,47,167,120,268,100
16492,img/img_00101896.jpg,upper-body clothes,242,93,305,212,393,151
16493,img/img_00101900.jpg,upper-body clothes,131,79,270,191,213,82
16494,img/img_00101921.jpg,upper-body clothes,99,51,141,90,142,43
16495,img/img_00101924.jpg,upper-body clothes,337,91,218,127,468,131
16496,img/img_00101928.jpg,upper-body clothes,200,54,143,89,242,42
16497,img/img_00101931.jpg,full-body clothes,123,208,208,0,123,0
16498,img/img_00101932.jpg,full-body clothes,164,33,138,105,216,52
16499,img/img_00101942.jpg,full-body clothes,160,97,151,54,225,65
16500,img/img_00101946.jpg,full-body clothes,287,228,228,0,287,0
16501,img/img_00101947.jpg,full-body clothes,242,63,181,118,292,50
16502,img/img_00101948.jpg,full-body clothes,326,125,275,150,428,102
16503,img/img_00101950.jpg,full-body clothes,182,89,151,62,238,56
16504,img/img_00101958.jpg,full-body clothes,322,139,168,29,449,127
16505,img/img_00101962.jpg,upper-body clothes,137,62,128,66,207,70
16506,img/img_00101963.jpg,upper-body clothes,255,61,197,136,338,83
16507,img/img_00101967.jpg,upper-body clothes,216,66,197,131,300,84
16508,img/img_00101968.jpg,upper-body clothes,351,143,248,105,470,119
16509,img/img_00101969.jpg,upper-body clothes,284,274,274,0,284,0
16510,img/img_00101975.jpg,upper-body clothes,151,28,99,71,227,76
16511,img/img_00101984.jpg,upper-body clothes,173,201,201,0,173,0
16512,img/img_00101985.jpg,upper-body clothes,135,85,139,54,255,120
16513,img/img_00101986.jpg,upper-body clothes,311,175,270,95,469,158
16514,img/img_00101994.jpg,upper-body clothes,284,107,197,90,428,144
16515,img/img_00101995.jpg,upper-body clothes,363,53,174,121,502,139
16516,img/img_00102006.jpg,upper-body clothes,316,195,268,73,471,155
16517,img/img_00102016.jpg,upper-body clothes,297,40,239,199,378,81
16518,img/img_00102018.jpg,upper-body clothes,228,268,268,0,228,0
16519,img/img_00102046.jpg,upper-body clothes,161,270,270,0,161,0
16520,img/img_00102048.jpg,upper-body clothes,264,179,234,55,448,184
16521,img/img_00102051.jpg,upper-body clothes,449,259,302,43,497,48
16522,img/img_00102060.jpg,upper-body clothes,337,59,202,143,485,148
16523,img/img_00102069.jpg,upper-body clothes,346,93,371,278,468,122
16524,img/img_00102079.jpg,upper-body clothes,161,34,148,114,224,63
16525,img/img_00102082.jpg,upper-body clothes,253,73,211,138,352,99
16526,img/img_00102101.jpg,full-body clothes,292,137,137,0,292,0
16527,img/img_00102105.jpg,full-body clothes,326,196,254,58,474,148
16528,img/img_00102106.jpg,full-body clothes,356,116,256,140,481,125
16529,img/img_00102116.jpg,upper-body clothes,312,105,259,154,400,88
16530,img/img_00102140.jpg,full-body clothes,165,78,230,152,248,83
16531,img/img_00102141.jpg,full-body clothes,217,38,171,133,296,79
16532,img/img_00102145.jpg,upper-body clothes,150,82,141,59,220,70
16533,img/img_00102156.jpg,upper-body clothes,299,69,252,183,441,142
16534,img/img_00102157.jpg,upper-body clothes,148,74,136,62,196,48
16535,img/img_00102159.jpg,upper-body clothes,238,129,240,111,362,124
16536,img/img_00102161.jpg,upper-body clothes,247,85,184,99,339,92
16537,img/img_00102164.jpg,upper-body clothes,204,85,179,94,296,92
16538,img/img_00102172.jpg,upper-body clothes,243,149,254,105,398,155
16539,img/img_00102180.jpg,upper-body clothes,164,82,214,132,233,69
16540,img/img_00102183.jpg,upper-body clothes,261,94,202,108,342,81
16541,img/img_00102184.jpg,upper-body clothes,300,85,186,101,405,105
16542,img/img_00102199.jpg,upper-body clothes,321,75,232,157,435,114
16543,img/img_00102200.jpg,upper-body clothes,325,207,283,76,488,163
16544,img/img_00102208.jpg,full-body clothes,248,83,235,152,337,89
16545,img/img_00102212.jpg,full-body clothes,337,133,259,126,427,90
16546,img/img_00102225.jpg,upper-body clothes,306,94,245,151,391,85
16547,img/img_00102228.jpg,upper-body clothes,128,67,104,37,183,55
16548,img/img_00102230.jpg,upper-body clothes,309,146,227,81,451,142
16549,img/img_00102234.jpg,upper-body clothes,356,207,281,74,390,34
16550,img/img_00102235.jpg,upper-body clothes,304,61,182,121,370,66
16551,img/img_00102245.jpg,upper-body clothes,131,42,119,77,175,44
16552,img/img_00102249.jpg,upper-body clothes,261,122,284,162,335,74
16553,img/img_00102255.jpg,upper-body clothes,293,51,221,170,359,66
16554,img/img_00102257.jpg,upper-body clothes,305,124,263,139,414,109
16555,img/img_00102289.jpg,upper-body clothes,185,91,154,63,270,85
16556,img/img_00102290.jpg,upper-body clothes,297,126,198,72,400,103
16557,img/img_00102291.jpg,upper-body clothes,157,64,114,50,187,30
16558,img/img_00102293.jpg,upper-body clothes,232,55,196,141,305,73
16559,img/img_00102313.jpg,upper-body clothes,207,128,207,79,315,108
16560,img/img_00102339.jpg,upper-body clothes,248,77,232,155,350,102
16561,img/img_00102342.jpg,upper-body clothes,152,57,163,106,198,46
16562,img/img_00102343.jpg,upper-body clothes,296,73,197,124,399,103
16563,img/img_00102349.jpg,upper-body clothes,323,163,256,93,450,127
16564,img/img_00102352.jpg,upper-body clothes,373,103,234,131,466,93
16565,img/img_00102353.jpg,upper-body clothes,128,185,227,42,219,91
16566,img/img_00102359.jpg,upper-body clothes,249,103,202,99,345,96
16567,img/img_00102367.jpg,full-body clothes,280,258,258,0,280,0
16568,img/img_00102369.jpg,full-body clothes,213,82,254,172,291,78
16569,img/img_00102371.jpg,full-body clothes,123,51,184,133,182,59
16570,img/img_00102372.jpg,full-body clothes,256,59,189,130,340,84
16571,img/img_00102384.jpg,full-body clothes,413,116,137,21,498,85
16572,img/img_00102391.jpg,upper-body clothes,33,91,91,0,33,0
16573,img/img_00102395.jpg,upper-body clothes,359,94,224,130,469,110
16574,img/img_00102396.jpg,upper-body clothes,252,107,236,129,372,120
16575,img/img_00102402.jpg,upper-body clothes,166,117,205,88,299,133
16576,img/img_00102406.jpg,upper-body clothes,103,44,120,76,158,55
16577,img/img_00102412.jpg,full-body clothes,319,90,243,153,405,86
16578,img/img_00102420.jpg,upper-body clothes,236,127,228,101,340,104
16579,img/img_00102426.jpg,upper-body clothes,212,59,222,163,311,99
16580,img/img_00102432.jpg,upper-body clothes,51,38,80,42,98,47
16581,img/img_00102433.jpg,upper-body clothes,227,192,192,0,227,0
16582,img/img_00102436.jpg,upper-body clothes,251,116,240,124,412,161
16583,img/img_00102453.jpg,upper-body clothes,195,126,184,58,212,17
16584,img/img_00102454.jpg,upper-body clothes,192,314,314,0,192,0
16585,img/img_00102457.jpg,upper-body clothes,69,174,174,0,69,0
16586,img/img_00102464.jpg,upper-body clothes,349,61,200,139,490,141
16587,img/img_00102466.jpg,upper-body clothes,180,68,180,112,265,85
16588,img/img_00102468.jpg,upper-body clothes,247,31,111,80,329,82
16589,img/img_00102469.jpg,upper-body clothes,336,152,355,203,448,112
16590,img/img_00102471.jpg,upper-body clothes,78,66,152,86,86,8
16591,img/img_00102472.jpg,upper-body clothes,140,87,150,63,219,79
16592,img/img_00102475.jpg,upper-body clothes,172,108,209,101,248,76
16593,img/img_00102477.jpg,upper-body clothes,217,114,193,79,328,111
16594,img/img_00102482.jpg,upper-body clothes,341,117,185,68,461,120
16595,img/img_00102484.jpg,upper-body clothes,181,130,211,81,259,78
16596,img/img_00102487.jpg,upper-body clothes,236,37,116,79,325,89
16597,img/img_00102494.jpg,upper-body clothes,248,97,273,176,441,193
16598,img/img_00102496.jpg,upper-body clothes,210,77,155,78,281,71
16599,img/img_00102519.jpg,upper-body clothes,124,25,110,85,167,43
16600,img/img_00102520.jpg,upper-body clothes,171,105,205,100,256,85
16601,img/img_00102575.jpg,upper-body clothes,213,165,224,59,325,112
16602,img/img_00102577.jpg,upper-body clothes,181,73,185,112,265,84
16603,img/img_00102578.jpg,upper-body clothes,353,169,261,92,407,54
16604,img/img_00102586.jpg,upper-body clothes,298,145,250,105,438,140
16605,img/img_00102594.jpg,upper-body clothes,501,452,452,0,501,0
16606,img/img_00102601.jpg,upper-body clothes,55,50,368,318,126,71
16607,img/img_00102602.jpg,upper-body clothes,178,106,192,86,271,93
16608,img/img_00102608.jpg,upper-body clothes,39,261,261,0,39,0
16609,img/img_00102623.jpg,upper-body clothes,262,289,491,202,368,106
16610,img/img_00102624.jpg,upper-body clothes,237,87,194,107,280,43
16611,img/img_00102630.jpg,upper-body clothes,128,81,134,53,193,65
16612,img/img_00102635.jpg,upper-body clothes,256,58,185,127,377,121
16613,img/img_00102645.jpg,upper-body clothes,226,161,250,89,372,146
16614,img/img_00102663.jpg,lower-body clothes,271,46,202,156,476,205
16615,img/img_00102664.jpg,lower-body clothes,107,42,113,71,206,99
16616,img/img_00102674.jpg,lower-body clothes,155,63,146,83,298,143
16617,img/img_00102687.jpg,upper-body clothes,338,311,311,0,338,0
16618,img/img_00102689.jpg,upper-body clothes,204,97,116,19,287,83
16619,img/img_00102691.jpg,upper-body clothes,195,113,139,26,271,76
16620,img/img_00102699.jpg,upper-body clothes,237,420,420,0,237,0
16621,img/img_00102702.jpg,upper-body clothes,124,74,404,330,177,53
16622,img/img_00102704.jpg,upper-body clothes,255,382,382,0,255,0
16623,img/img_00102705.jpg,upper-body clothes,199,228,228,0,199,0
16624,img/img_00102712.jpg,upper-body clothes,305,265,265,0,305,0
16625,img/img_00102721.jpg,upper-body clothes,143,81,152,71,209,66
16626,img/img_00102723.jpg,upper-body clothes,197,142,236,94,298,101
16627,img/img_00102726.jpg,upper-body clothes,307,172,276,104,458,151
16628,img/img_00102739.jpg,upper-body clothes,293,190,279,89,444,151
16629,img/img_00102747.jpg,upper-body clothes,180,73,196,123,266,86
16630,img/img_00102754.jpg,upper-body clothes,163,126,240,114,241,78
16631,img/img_00102764.jpg,upper-body clothes,121,72,149,77,191,70
16632,img/img_00102766.jpg,upper-body clothes,286,143,214,71,436,150
16633,img/img_00102767.jpg,upper-body clothes,173,145,233,88,266,93
16634,img/img_00102768.jpg,upper-body clothes,207,175,211,36,287,80
16635,img/img_00102773.jpg,full-body clothes,339,232,323,91,465,126
16636,img/img_00102778.jpg,full-body clothes,173,106,205,99,267,94
16637,img/img_00102809.jpg,full-body clothes,107,54,104,50,141,34
16638,img/img_00102812.jpg,full-body clothes,165,112,152,40,237,72
16639,img/img_00102818.jpg,full-body clothes,193,87,200,113,274,81
16640,img/img_00102820.jpg,full-body clothes,430,410,410,0,430,0
16641,img/img_00102827.jpg,upper-body clothes,275,137,214,77,435,160
16642,img/img_00102831.jpg,upper-body clothes,140,117,175,58,237,97
16643,img/img_00102842.jpg,upper-body clothes,209,140,227,87,329,120
16644,img/img_00102847.jpg,full-body clothes,192,169,279,110,319,127
16645,img/img_00102855.jpg,full-body clothes,501,329,329,0,501,0
16646,img/img_00102856.jpg,full-body clothes,340,208,282,74,471,131
16647,img/img_00102857.jpg,full-body clothes,193,140,183,43,282,89
16648,img/img_00102859.jpg,full-body clothes,154,145,193,48,230,76
16649,img/img_00102863.jpg,full-body clothes,422,283,283,0,422,0
16650,img/img_00102871.jpg,upper-body clothes,233,208,208,0,233,0
16651,img/img_00102874.jpg,upper-body clothes,147,125,197,72,196,49
16652,img/img_00102880.jpg,upper-body clothes,224,342,342,0,224,0
16653,img/img_00102892.jpg,lower-body clothes,342,28,180,152,436,94
16654,img/img_00102920.jpg,full-body clothes,390,50,230,180,468,78
16655,img/img_00102922.jpg,full-body clothes,320,112,340,228,454,134
16656,img/img_00102927.jpg,lower-body clothes,217,115,264,149,404,187
16657,img/img_00102931.jpg,lower-body clothes,188,78,133,55,202,14
16658,img/img_00102932.jpg,lower-body clothes,193,50,182,132,201,8
16659,img/img_00102936.jpg,lower-body clothes,214,112,202,90,247,33
16660,img/img_00102938.jpg,lower-body clothes,245,80,190,110,423,178
16661,img/img_00102948.jpg,lower-body clothes,384,127,219,92,444,60
16662,img/img_00102949.jpg,lower-body clothes,355,109,286,177,439,84
16663,img/img_00102958.jpg,lower-body clothes,384,175,327,152,431,47
16664,img/img_00102961.jpg,lower-body clothes,367,130,323,193,400,33
16665,img/img_00102963.jpg,lower-body clothes,401,188,318,130,433,32
16666,img/img_00102967.jpg,lower-body clothes,359,131,222,91,400,41
16667,img/img_00102971.jpg,lower-body clothes,261,134,237,103,440,179
16668,img/img_00102974.jpg,lower-body clothes,280,64,285,221,449,169
16669,img/img_00102975.jpg,lower-body clothes,209,62,231,169,460,251
16670,img/img_00102980.jpg,lower-body clothes,254,123,260,137,455,201
16671,img/img_00102982.jpg,lower-body clothes,281,94,181,87,300,19
16672,img/img_00102983.jpg,lower-body clothes,231,102,202,100,426,195
16673,img/img_00102985.jpg,lower-body clothes,379,163,248,85,433,54
16674,img/img_00102998.jpg,lower-body clothes,236,87,473,386,455,219
16675,img/img_00103001.jpg,lower-body clothes,243,131,249,118,446,203
16676,img/img_00103018.jpg,lower-body clothes,367,133,247,114,413,46
16677,img/img_00103020.jpg,lower-body clothes,50,98,198,100,59,9
16678,img/img_00103026.jpg,lower-body clothes,60,79,199,120,280,220
16679,img/img_00103028.jpg,lower-body clothes,106,155,205,50,122,16
16680,img/img_00103030.jpg,lower-body clothes,115,163,257,94,146,31
16681,img/img_00103034.jpg,upper-body clothes,151,127,300,173,372,221
16682,img/img_00103036.jpg,upper-body clothes,362,470,470,0,362,0
16683,img/img_00103037.jpg,upper-body clothes,203,217,262,45,317,114
16684,img/img_00103038.jpg,upper-body clothes,172,139,179,40,281,109
16685,img/img_00103050.jpg,lower-body clothes,402,97,247,150,411,9
16686,img/img_00103062.jpg,upper-body clothes,355,308,352,44,434,79
16687,img/img_00103064.jpg,upper-body clothes,212,127,242,115,327,115
16688,img/img_00103069.jpg,upper-body clothes,145,92,108,16,220,75
16689,img/img_00103071.jpg,upper-body clothes,59,52,141,89,110,51
16690,img/img_00103075.jpg,upper-body clothes,462,250,250,0,462,0
16691,img/img_00103082.jpg,full-body clothes,325,176,293,117,467,142
16692,img/img_00103084.jpg,full-body clothes,352,98,223,125,494,142
16693,img/img_00103088.jpg,full-body clothes,197,91,182,91,282,85
16694,img/img_00103089.jpg,full-body clothes,180,241,241,0,180,0
16695,img/img_00103098.jpg,lower-body clothes,215,293,339,46,310,95
16696,img/img_00103110.jpg,lower-body clothes,45,251,251,0,45,0
16697,img/img_00103116.jpg,lower-body clothes,209,300,501,201,289,80
16698,img/img_00103121.jpg,lower-body clothes,219,22,308,286,223,4
16699,img/img_00103129.jpg,upper-body clothes,268,156,245,89,414,146
16700,img/img_00103134.jpg,upper-body clothes,1,1,1,0,1,0
16701,img/img_00103136.jpg,upper-body clothes,21,160,160,0,21,0
16702,img/img_00103144.jpg,upper-body clothes,336,438,438,0,336,0
16703,img/img_00103145.jpg,lower-body clothes,273,90,233,143,454,181
16704,img/img_00103146.jpg,lower-body clothes,232,110,201,91,381,149
16705,img/img_00103149.jpg,lower-body clothes,282,74,417,343,475,193
16706,img/img_00103155.jpg,lower-body clothes,189,67,192,125,206,17
16707,img/img_00103157.jpg,lower-body clothes,441,167,250,83,459,18
16708,img/img_00103178.jpg,lower-body clothes,275,118,187,69,466,191
16709,img/img_00103181.jpg,lower-body clothes,255,126,224,98,429,174
16710,img/img_00103185.jpg,lower-body clothes,188,109,146,37,320,132
16711,img/img_00103188.jpg,lower-body clothes,249,65,210,145,423,174
16712,img/img_00103203.jpg,lower-body clothes,285,183,433,250,436,151
16713,img/img_00103207.jpg,lower-body clothes,281,57,226,169,464,183
16714,img/img_00103209.jpg,lower-body clothes,247,136,176,40,342,95
16715,img/img_00103210.jpg,lower-body clothes,144,106,175,69,280,136
16716,img/img_00103216.jpg,full-body clothes,198,109,234,125,287,89
16717,img/img_00103217.jpg,full-body clothes,336,56,220,164,441,105
16718,img/img_00103224.jpg,full-body clothes,263,68,146,78,319,56
16719,img/img_00103234.jpg,full-body clothes,136,137,137,0,136,0
16720,img/img_00103237.jpg,full-body clothes,361,68,184,116,436,75
16721,img/img_00103238.jpg,full-body clothes,203,89,253,164,282,79
16722,img/img_00103240.jpg,full-body clothes,185,55,126,71,232,47
16723,img/img_00103248.jpg,full-body clothes,399,74,216,142,475,76
16724,img/img_00103252.jpg,upper-body clothes,96,80,266,186,184,88
16725,img/img_00103261.jpg,full-body clothes,346,72,191,119,421,75
16726,img/img_00103266.jpg,upper-body clothes,271,114,163,49,423,152
16727,img/img_00103274.jpg,upper-body clothes,166,83,139,56,227,61
16728,img/img_00103278.jpg,upper-body clothes,171,69,324,255,303,132
16729,img/img_00103316.jpg,lower-body clothes,215,114,224,110,404,189
16730,img/img_00103318.jpg,lower-body clothes,94,109,198,89,277,183
16731,img/img_00103320.jpg,lower-body clothes,44,59,196,137,156,112
16732,img/img_00103323.jpg,lower-body clothes,70,104,235,131,242,172
16733,img/img_00103325.jpg,lower-body clothes,138,53,146,93,296,158
16734,img/img_00103333.jpg,full-body clothes,370,130,236,106,464,94
16735,img/img_00103342.jpg,full-body clothes,348,81,163,82,420,72
16736,img/img_00103343.jpg,full-body clothes,351,120,208,88,438,87
16737,img/img_00103351.jpg,full-body clothes,413,67,215,148,495,82
16738,img/img_00103354.jpg,full-body clothes,323,61,191,130,417,94
16739,img/img_00103376.jpg,lower-body clothes,152,84,230,146,188,36
16740,img/img_00103385.jpg,lower-body clothes,54,65,127,62,152,98
16741,img/img_00103388.jpg,lower-body clothes,190,105,269,164,380,190
16742,img/img_00103393.jpg,lower-body clothes,470,95,95,0,470,0
16743,img/img_00103398.jpg,full-body clothes,373,182,265,83,484,111
16744,img/img_00103399.jpg,full-body clothes,204,92,219,127,300,96
16745,img/img_00103405.jpg,full-body clothes,226,128,318,190,307,81
16746,img/img_00103407.jpg,full-body clothes,108,54,202,148,157,49
16747,img/img_00103409.jpg,full-body clothes,226,159,220,61,317,91
16748,img/img_00103412.jpg,full-body clothes,333,163,273,110,457,124
16749,img/img_00103415.jpg,full-body clothes,165,88,137,49,231,66
16750,img/img_00103416.jpg,full-body clothes,190,121,220,99,267,77
16751,img/img_00103419.jpg,full-body clothes,242,116,156,40,321,79
16752,img/img_00103433.jpg,upper-body clothes,168,464,464,0,168,0
16753,img/img_00103437.jpg,upper-body clothes,164,127,186,59,273,109
16754,img/img_00103443.jpg,upper-body clothes,117,68,155,87,170,53
16755,img/img_00103455.jpg,upper-body clothes,290,170,342,172,442,152
16756,img/img_00103457.jpg,upper-body clothes,122,75,235,160,201,79
16757,img/img_00103472.jpg,upper-body clothes,117,76,90,14,166,49
16758,img/img_00103486.jpg,upper-body clothes,95,75,314,239,210,115
16759,img/img_00103492.jpg,upper-body clothes,340,269,269,0,340,0
16760,img/img_00103494.jpg,upper-body clothes,312,298,298,0,312,0
16761,img/img_00103500.jpg,upper-body clothes,125,300,300,0,125,0
16762,img/img_00103504.jpg,upper-body clothes,319,255,278,23,366,47
16763,img/img_00103517.jpg,upper-body clothes,147,104,161,57,220,73
16764,img/img_00103525.jpg,upper-body clothes,244,218,239,21,326,82
16765,img/img_00103528.jpg,upper-body clothes,116,436,436,0,116,0
16766,img/img_00103532.jpg,full-body clothes,181,87,201,114,247,66
16767,img/img_00103538.jpg,lower-body clothes,288,300,313,13,492,204
16768,img/img_00103547.jpg,lower-body clothes,125,56,261,205,480,355
16769,img/img_00103551.jpg,upper-body clothes,258,224,262,38,294,36
16770,img/img_00103558.jpg,upper-body clothes,139,324,324,0,139,0
16771,img/img_00103570.jpg,upper-body clothes,265,47,217,170,331,66
16772,img/img_00103578.jpg,upper-body clothes,164,54,109,55,228,64
16773,img/img_00103581.jpg,upper-body clothes,126,73,135,62,195,69
16774,img/img_00103583.jpg,upper-body clothes,315,189,189,0,315,0
16775,img/img_00103585.jpg,upper-body clothes,102,73,127,54,169,67
16776,img/img_00103595.jpg,upper-body clothes,123,68,110,42,191,68
16777,img/img_00103596.jpg,upper-body clothes,108,71,150,79,185,77
16778,img/img_00103602.jpg,upper-body clothes,124,81,188,107,214,90
16779,img/img_00103608.jpg,upper-body clothes,151,66,145,79,204,53
16780,img/img_00103609.jpg,full-body clothes,294,73,205,132,423,129
16781,img/img_00103618.jpg,upper-body clothes,328,229,309,80,460,132
16782,img/img_00103620.jpg,upper-body clothes,497,323,323,0,497,0
16783,img/img_00103623.jpg,upper-body clothes,184,246,246,0,184,0
16784,img/img_00103638.jpg,lower-body clothes,460,170,333,163,467,7
16785,img/img_00103643.jpg,lower-body clothes,333,70,195,125,356,23
16786,img/img_00103655.jpg,upper-body clothes,344,286,286,0,344,0
16787,img/img_00103659.jpg,upper-body clothes,349,156,269,113,484,135
16788,img/img_00103667.jpg,full-body clothes,212,95,242,147,313,101
16789,img/img_00103671.jpg,full-body clothes,200,54,176,122,281,81
16790,img/img_00103673.jpg,full-body clothes,279,133,231,98,426,147
16791,img/img_00103691.jpg,lower-body clothes,52,77,161,84,215,163
16792,img/img_00103693.jpg,upper-body clothes,236,168,257,89,332,96
16793,img/img_00103700.jpg,upper-body clothes,283,177,306,129,419,136
16794,img/img_00103708.jpg,upper-body clothes,235,172,266,94,391,156
16795,img/img_00103715.jpg,upper-body clothes,242,156,195,39,337,95
16796,img/img_00103716.jpg,upper-body clothes,223,124,232,108,379,156
16797,img/img_00103718.jpg,upper-body clothes,201,176,242,66,342,141
16798,img/img_00103722.jpg,upper-body clothes,237,171,318,147,439,202
16799,img/img_00103729.jpg,upper-body clothes,110,92,157,65,191,81
16800,img/img_00103730.jpg,upper-body clothes,231,132,260,128,394,163
16801,img/img_00103741.jpg,lower-body clothes,231,82,170,88,444,213
16802,img/img_00103744.jpg,full-body clothes,160,249,249,0,160,0
16803,img/img_00103748.jpg,full-body clothes,213,99,219,120,279,66
16804,img/img_00103760.jpg,upper-body clothes,154,89,238,149,245,91
16805,img/img_00103762.jpg,upper-body clothes,294,202,277,75,494,200
16806,img/img_00103763.jpg,upper-body clothes,166,79,191,112,260,94
16807,img/img_00103764.jpg,upper-body clothes,461,174,174,0,461,0
16808,img/img_00103767.jpg,upper-body clothes,161,79,124,45,243,82
16809,img/img_00103773.jpg,upper-body clothes,333,193,344,151,482,149
16810,img/img_00103774.jpg,upper-body clothes,147,100,151,51,217,70
16811,img/img_00103777.jpg,lower-body clothes,95,75,219,144,218,123
16812,img/img_00103785.jpg,lower-body clothes,380,231,231,0,380,0
16813,img/img_00103786.jpg,lower-body clothes,67,96,153,57,262,195
16814,img/img_00103788.jpg,upper-body clothes,107,110,208,98,194,87
16815,img/img_00103802.jpg,full-body clothes,226,59,189,130,293,67
16816,img/img_00103822.jpg,lower-body clothes,243,87,208,121,446,203
16817,img/img_00103834.jpg,lower-body clothes,155,87,154,67,161,6
16818,img/img_00103840.jpg,lower-body clothes,87,161,267,106,124,37
16819,img/img_00103841.jpg,lower-body clothes,479,367,374,7,482,3
16820,img/img_00103849.jpg,full-body clothes,221,262,262,0,221,0
16821,img/img_00103851.jpg,full-body clothes,254,44,201,157,334,80
16822,img/img_00103856.jpg,full-body clothes,365,145,255,110,488,123
16823,img/img_00103860.jpg,upper-body clothes,268,150,201,51,369,101
16824,img/img_00103864.jpg,upper-body clothes,135,90,144,54,227,92
16825,img/img_00103879.jpg,lower-body clothes,223,131,248,117,460,237
16826,img/img_00103881.jpg,lower-body clothes,353,219,219,0,353,0
16827,img/img_00103882.jpg,lower-body clothes,287,264,264,0,287,0
16828,img/img_00103883.jpg,lower-body clothes,342,210,210,0,342,0
16829,img/img_00103893.jpg,lower-body clothes,403,206,206,0,403,0
16830,img/img_00103895.jpg,upper-body clothes,288,111,264,153,459,171
16831,img/img_00103899.jpg,upper-body clothes,282,81,198,117,403,121
16832,img/img_00103909.jpg,upper-body clothes,177,75,213,138,285,108
16833,img/img_00103912.jpg,upper-body clothes,86,119,258,139,178,92
16834,img/img_00103914.jpg,upper-body clothes,75,53,330,277,180,105
16835,img/img_00103925.jpg,upper-body clothes,224,201,303,102,342,118
16836,img/img_00103928.jpg,upper-body clothes,248,124,220,96,411,163
16837,img/img_00103932.jpg,upper-body clothes,170,116,233,117,313,143
16838,img/img_00103933.jpg,upper-body clothes,247,328,328,0,247,0
16839,img/img_00103936.jpg,upper-body clothes,158,122,252,130,315,157
16840,img/img_00103941.jpg,upper-body clothes,45,31,118,87,88,43
16841,img/img_00103957.jpg,upper-body clothes,191,144,202,58,316,125
16842,img/img_00103992.jpg,lower-body clothes,125,143,241,98,374,249
16843,img/img_00104017.jpg,lower-body clothes,183,59,143,84,315,132
16844,img/img_00104019.jpg,lower-body clothes,149,48,153,105,268,119
16845,img/img_00104023.jpg,lower-body clothes,150,58,166,108,277,127
16846,img/img_00104024.jpg,lower-body clothes,123,98,98,0,123,0
16847,img/img_00104036.jpg,full-body clothes,389,39,230,191,472,83
16848,img/img_00104037.jpg,full-body clothes,292,81,202,121,374,82
16849,img/img_00104044.jpg,full-body clothes,224,163,204,41,334,110
16850,img/img_00104054.jpg,lower-body clothes,207,72,281,209,440,233
16851,img/img_00104064.jpg,lower-body clothes,203,67,141,74,209,6
16852,img/img_00104071.jpg,lower-body clothes,235,77,194,117,416,181
16853,img/img_00104077.jpg,upper-body clothes,179,139,273,134,296,117
16854,img/img_00104089.jpg,upper-body clothes,177,151,194,43,274,97
16855,img/img_00104090.jpg,upper-body clothes,294,76,185,109,421,127
16856,img/img_00104095.jpg,upper-body clothes,181,116,250,134,273,92
16857,img/img_00104099.jpg,lower-body clothes,142,137,236,99,389,247
16858,img/img_00104100.jpg,lower-body clothes,131,131,181,50,310,179
16859,img/img_00104107.jpg,lower-body clothes,96,154,225,71,386,290
16860,img/img_00104116.jpg,upper-body clothes,175,135,236,101,326,151
16861,img/img_00104119.jpg,full-body clothes,301,192,249,57,427,126
16862,img/img_00104129.jpg,full-body clothes,172,186,186,0,172,0
16863,img/img_00104137.jpg,upper-body clothes,267,125,240,115,401,134
16864,img/img_00104140.jpg,upper-body clothes,307,54,355,301,390,83
16865,img/img_00104145.jpg,upper-body clothes,129,117,228,111,199,70
16866,img/img_00104146.jpg,upper-body clothes,262,218,253,35,430,168
16867,img/img_00104148.jpg,upper-body clothes,214,172,202,30,391,177
16868,img/img_00104153.jpg,full-body clothes,326,111,247,136,452,126
16869,img/img_00104155.jpg,full-body clothes,248,58,135,77,335,87
16870,img/img_00104156.jpg,full-body clothes,260,79,198,119,348,88
16871,img/img_00104160.jpg,full-body clothes,255,119,201,82,345,90
16872,img/img_00104161.jpg,full-body clothes,202,117,239,122,296,94
16873,img/img_00104185.jpg,upper-body clothes,170,83,232,149,267,97
16874,img/img_00104197.jpg,upper-body clothes,241,200,254,54,407,166
16875,img/img_00104212.jpg,lower-body clothes,278,87,205,118,475,197
16876,img/img_00104231.jpg,lower-body clothes,229,93,115,22,448,219
16877,img/img_00104235.jpg,lower-body clothes,127,43,193,150,445,318
16878,img/img_00104237.jpg,full-body clothes,138,42,141,99,180,42
16879,img/img_00104238.jpg,full-body clothes,326,88,224,136,437,111
16880,img/img_00104239.jpg,full-body clothes,373,99,232,133,455,82
16881,img/img_00104240.jpg,full-body clothes,216,181,181,0,216,0
16882,img/img_00104247.jpg,full-body clothes,241,249,249,0,241,0
16883,img/img_00104251.jpg,full-body clothes,363,72,200,128,499,136
16884,img/img_00104264.jpg,upper-body clothes,276,231,231,0,276,0
16885,img/img_00104269.jpg,upper-body clothes,230,194,277,83,392,162
16886,img/img_00104272.jpg,upper-body clothes,256,99,177,78,395,139
16887,img/img_00104286.jpg,upper-body clothes,110,53,138,85,166,56
16888,img/img_00104290.jpg,upper-body clothes,296,206,206,0,296,0
16889,img/img_00104292.jpg,upper-body clothes,269,107,199,92,371,102
16890,img/img_00104295.jpg,upper-body clothes,379,282,282,0,379,0
16891,img/img_00104300.jpg,upper-body clothes,289,179,179,0,289,0
16892,img/img_00104301.jpg,upper-body clothes,156,52,134,82,234,78
16893,img/img_00104302.jpg,upper-body clothes,332,251,251,0,332,0
16894,img/img_00104305.jpg,upper-body clothes,295,73,251,178,453,158
16895,img/img_00104307.jpg,upper-body clothes,303,126,251,125,414,111
16896,img/img_00104312.jpg,upper-body clothes,156,55,122,67,218,62
16897,img/img_00104313.jpg,upper-body clothes,283,128,207,79,477,194
16898,img/img_00104316.jpg,upper-body clothes,197,163,163,0,197,0
16899,img/img_00104317.jpg,upper-body clothes,262,198,261,63,410,148
16900,img/img_00104318.jpg,upper-body clothes,241,127,212,85,381,140
16901,img/img_00104330.jpg,upper-body clothes,249,105,171,66,392,143
16902,img/img_00104344.jpg,upper-body clothes,249,108,167,59,397,148
16903,img/img_00104353.jpg,upper-body clothes,137,103,143,40,210,73
16904,img/img_00104358.jpg,upper-body clothes,333,253,253,0,333,0
16905,img/img_00104359.jpg,upper-body clothes,243,179,281,102,384,141
16906,img/img_00104362.jpg,upper-body clothes,342,135,247,112,442,100
16907,img/img_00104366.jpg,upper-body clothes,444,234,293,59,454,10
16908,img/img_00104371.jpg,upper-body clothes,196,91,161,70,290,94
16909,img/img_00104374.jpg,upper-body clothes,96,61,183,122,194,98
16910,img/img_00104387.jpg,upper-body clothes,126,91,167,76,215,89
16911,img/img_00104392.jpg,full-body clothes,170,40,168,128,209,39
16912,img/img_00104393.jpg,full-body clothes,201,62,151,89,253,52
16913,img/img_00104394.jpg,full-body clothes,115,60,127,67,153,38
16914,img/img_00104405.jpg,full-body clothes,310,58,197,139,397,87
16915,img/img_00104408.jpg,upper-body clothes,282,55,186,131,410,128
16916,img/img_00104416.jpg,upper-body clothes,224,82,272,190,360,136
16917,img/img_00104426.jpg,lower-body clothes,415,57,212,155,449,34
16918,img/img_00104447.jpg,lower-body clothes,210,161,161,0,210,0
16919,img/img_00104458.jpg,upper-body clothes,241,165,331,166,366,125
16920,img/img_00104473.jpg,upper-body clothes,165,44,156,112,230,65
16921,img/img_00104482.jpg,upper-body clothes,221,159,253,94,387,166
16922,img/img_00104490.jpg,upper-body clothes,292,167,261,94,415,123
16923,img/img_00104498.jpg,full-body clothes,375,222,292,70,489,114
16924,img/img_00104504.jpg,full-body clothes,325,181,251,70,444,119
16925,img/img_00104506.jpg,full-body clothes,183,277,277,0,183,0
16926,img/img_00104513.jpg,full-body clothes,190,167,167,0,190,0
16927,img/img_00104520.jpg,full-body clothes,299,200,314,114,419,120
16928,img/img_00104521.jpg,full-body clothes,263,87,220,133,408,145
16929,img/img_00104524.jpg,full-body clothes,174,108,131,23,228,54
16930,img/img_00104529.jpg,full-body clothes,306,99,231,132,346,40
16931,img/img_00104534.jpg,full-body clothes,229,77,130,53,306,77
16932,img/img_00104539.jpg,upper-body clothes,220,104,209,105,406,186
16933,img/img_00104540.jpg,upper-body clothes,235,135,211,76,380,145
16934,img/img_00104554.jpg,full-body clothes,409,271,271,0,409,0
16935,img/img_00104555.jpg,full-body clothes,357,65,195,130,441,84
16936,img/img_00104556.jpg,full-body clothes,310,91,204,113,402,92
16937,img/img_00104559.jpg,full-body clothes,322,56,183,127,409,87
16938,img/img_00104561.jpg,full-body clothes,199,63,152,89,253,54
16939,img/img_00104563.jpg,full-body clothes,171,148,218,70,266,95
16940,img/img_00104570.jpg,full-body clothes,352,224,224,0,352,0
16941,img/img_00104573.jpg,full-body clothes,343,171,267,96,457,114
16942,img/img_00104576.jpg,full-body clothes,182,80,132,52,233,51
16943,img/img_00104579.jpg,full-body clothes,193,109,163,54,287,94
16944,img/img_00104580.jpg,upper-body clothes,181,239,239,0,181,0
16945,img/img_00104584.jpg,upper-body clothes,166,89,169,80,253,87
16946,img/img_00104587.jpg,upper-body clothes,166,328,328,0,166,0
16947,img/img_00104588.jpg,upper-body clothes,343,204,266,62,492,149
16948,img/img_00104589.jpg,upper-body clothes,40,72,72,0,40,0
16949,img/img_00104590.jpg,upper-body clothes,254,167,248,81,390,136
16950,img/img_00104614.jpg,full-body clothes,405,24,234,210,471,66
16951,img/img_00104616.jpg,full-body clothes,288,99,210,111,372,84
16952,img/img_00104618.jpg,full-body clothes,303,92,202,110,394,91
16953,img/img_00104623.jpg,full-body clothes,190,42,110,68,236,46
16954,img/img_00104630.jpg,full-body clothes,382,81,288,207,476,94
16955,img/img_00104632.jpg,full-body clothes,347,88,216,128,429,82
16956,img/img_00104634.jpg,full-body clothes,358,62,193,131,441,83
16957,img/img_00104643.jpg,full-body clothes,386,93,196,103,443,57
16958,img/img_00104647.jpg,full-body clothes,263,18,130,112,316,53
16959,img/img_00104651.jpg,full-body clothes,341,164,263,99,446,105
16960,img/img_00104655.jpg,lower-body clothes,331,244,244,0,331,0
16961,img/img_00104657.jpg,lower-body clothes,309,248,248,0,309,0
16962,img/img_00104669.jpg,lower-body clothes,317,242,242,0,317,0
16963,img/img_00104671.jpg,lower-body clothes,63,62,131,69,166,103
16964,img/img_00104687.jpg,upper-body clothes,335,199,267,68,485,150
16965,img/img_00104695.jpg,upper-body clothes,263,147,238,91,426,163
16966,img/img_00104702.jpg,upper-body clothes,223,138,138,0,223,0
16967,img/img_00104703.jpg,upper-body clothes,354,184,184,0,354,0
16968,img/img_00104704.jpg,upper-body clothes,167,182,182,0,167,0
16969,img/img_00104715.jpg,upper-body clothes,150,83,133,50,243,93
16970,img/img_00104724.jpg,lower-body clothes,225,75,287,212,344,119
16971,img/img_00104727.jpg,lower-body clothes,120,45,74,29,214,94
16972,img/img_00104738.jpg,lower-body clothes,116,46,112,66,246,130
16973,img/img_00104742.jpg,lower-body clothes,197,66,138,72,209,12
16974,img/img_00104747.jpg,lower-body clothes,351,221,221,0,351,0
16975,img/img_00104749.jpg,lower-body clothes,345,127,261,134,440,95
16976,img/img_00104752.jpg,lower-body clothes,51,100,144,44,255,204
16977,img/img_00104753.jpg,lower-body clothes,141,42,133,91,272,131
16978,img/img_00104756.jpg,lower-body clothes,6,152,152,0,6,0
16979,img/img_00104757.jpg,lower-body clothes,112,302,302,0,112,0
16980,img/img_00104767.jpg,lower-body clothes,194,78,117,39,419,225
16981,img/img_00104769.jpg,lower-body clothes,372,96,227,131,431,59
16982,img/img_00104776.jpg,lower-body clothes,172,76,160,84,304,132
16983,img/img_00104779.jpg,upper-body clothes,284,174,272,98,418,134
16984,img/img_00104781.jpg,upper-body clothes,198,73,203,130,336,138
16985,img/img_00104785.jpg,upper-body clothes,180,123,252,129,319,139
16986,img/img_00104796.jpg,upper-body clothes,165,110,220,110,223,58
16987,img/img_00104802.jpg,upper-body clothes,279,179,256,77,472,193
16988,img/img_00104807.jpg,upper-body clothes,117,85,155,70,199,82
16989,img/img_00104825.jpg,lower-body clothes,193,175,246,71,263,70
16990,img/img_00104826.jpg,lower-body clothes,145,121,181,60,155,10
16991,img/img_00104845.jpg,full-body clothes,340,233,298,65,474,134
16992,img/img_00104851.jpg,full-body clothes,406,245,245,0,406,0
16993,img/img_00104853.jpg,full-body clothes,313,132,233,101,396,83
16994,img/img_00104872.jpg,upper-body clothes,333,119,315,196,470,137
16995,img/img_00104876.jpg,upper-body clothes,176,336,336,0,176,0
16996,img/img_00104877.jpg,upper-body clothes,473,202,202,0,473,0
16997,img/img_00104882.jpg,upper-body clothes,201,73,165,92,318,117
16998,img/img_00104883.jpg,upper-body clothes,79,70,162,92,180,101
16999,img/img_00104886.jpg,upper-body clothes,336,84,207,123,469,133
17000,img/img_00104892.jpg,upper-body clothes,223,80,231,151,385,162
17001,img/img_00104911.jpg,upper-body clothes,122,108,423,315,257,135
17002,img/img_00104915.jpg,upper-body clothes,151,81,162,81,226,75
17003,img/img_00104920.jpg,upper-body clothes,54,162,162,0,54,0
17004,img/img_00104921.jpg,upper-body clothes,162,72,160,88,245,83
17005,img/img_00104932.jpg,upper-body clothes,132,140,140,0,132,0
17006,img/img_00104939.jpg,upper-body clothes,299,157,314,157,392,93
17007,img/img_00104943.jpg,upper-body clothes,371,381,381,0,371,0
17008,img/img_00104978.jpg,upper-body clothes,178,69,194,125,267,89
17009,img/img_00104980.jpg,upper-body clothes,294,137,200,63,425,131
17010,img/img_00104981.jpg,upper-body clothes,101,65,142,77,164,63
17011,img/img_00104982.jpg,upper-body clothes,155,81,159,78,230,75
17012,img/img_00104989.jpg,upper-body clothes,149,79,231,152,248,99
17013,img/img_00104995.jpg,upper-body clothes,338,342,342,0,338,0
17014,img/img_00105001.jpg,upper-body clothes,295,180,236,56,425,130
17015,img/img_00105007.jpg,upper-body clothes,186,93,218,125,403,217
17016,img/img_00105008.jpg,upper-body clothes,157,275,275,0,157,0
17017,img/img_00105014.jpg,full-body clothes,383,149,270,121,485,102
17018,img/img_00105015.jpg,full-body clothes,367,160,466,306,498,131
17019,img/img_00105016.jpg,full-body clothes,261,146,235,89,360,99
17020,img/img_00105023.jpg,full-body clothes,381,125,247,122,488,107
17021,img/img_00105025.jpg,full-body clothes,223,109,250,141,306,83
17022,img/img_00105027.jpg,full-body clothes,309,206,325,119,452,143
17023,img/img_00105029.jpg,full-body clothes,417,51,232,181,483,66
17024,img/img_00105036.jpg,upper-body clothes,338,425,425,0,338,0
17025,img/img_00105037.jpg,upper-body clothes,129,67,247,180,350,221
17026,img/img_00105044.jpg,upper-body clothes,125,48,99,51,177,52
17027,img/img_00105046.jpg,upper-body clothes,350,169,362,193,495,145
17028,img/img_00105048.jpg,upper-body clothes,130,70,140,70,205,75
17029,img/img_00105051.jpg,upper-body clothes,205,371,371,0,205,0
17030,img/img_00105057.jpg,upper-body clothes,369,349,349,0,369,0
17031,img/img_00105058.jpg,upper-body clothes,190,137,176,39,204,14
17032,img/img_00105060.jpg,upper-body clothes,318,249,249,0,318,0
17033,img/img_00105067.jpg,full-body clothes,218,213,213,0,218,0
17034,img/img_00105075.jpg,full-body clothes,110,51,73,22,115,5
17035,img/img_00105096.jpg,lower-body clothes,216,120,223,103,240,24
17036,img/img_00105101.jpg,lower-body clothes,104,86,86,0,104,0
17037,img/img_00105105.jpg,lower-body clothes,276,115,318,203,471,195
17038,img/img_00105109.jpg,lower-body clothes,83,62,96,34,160,77
17039,img/img_00105112.jpg,lower-body clothes,102,109,233,124,279,177
17040,img/img_00105115.jpg,lower-body clothes,169,100,161,61,185,16
17041,img/img_00105130.jpg,full-body clothes,306,148,230,82,458,152
17042,img/img_00105143.jpg,upper-body clothes,184,164,333,169,338,154
17043,img/img_00105148.jpg,upper-body clothes,238,170,330,160,421,183
17044,img/img_00105162.jpg,lower-body clothes,92,93,162,69,282,190
17045,img/img_00105165.jpg,lower-body clothes,229,269,310,41,359,130
17046,img/img_00105173.jpg,upper-body clothes,167,24,163,139,232,65
17047,img/img_00105174.jpg,upper-body clothes,236,16,128,112,297,61
17048,img/img_00105175.jpg,upper-body clothes,219,105,187,82,302,83
17049,img/img_00105179.jpg,upper-body clothes,147,12,152,140,203,56
17050,img/img_00105187.jpg,full-body clothes,409,134,222,88,472,63
17051,img/img_00105189.jpg,full-body clothes,315,219,219,0,315,0
17052,img/img_00105206.jpg,full-body clothes,193,64,148,84,251,58
17053,img/img_00105211.jpg,lower-body clothes,103,73,193,120,263,160
17054,img/img_00105219.jpg,upper-body clothes,162,59,193,134,246,84
17055,img/img_00105222.jpg,upper-body clothes,147,142,241,99,306,159
17056,img/img_00105246.jpg,upper-body clothes,314,105,258,153,454,140
17057,img/img_00105255.jpg,full-body clothes,355,205,307,102,483,128
17058,img/img_00105263.jpg,upper-body clothes,80,18,49,31,121,41
17059,img/img_00105264.jpg,upper-body clothes,248,131,344,213,385,137
17060,img/img_00105266.jpg,upper-body clothes,263,128,240,112,416,153
17061,img/img_00105271.jpg,upper-body clothes,316,166,275,109,367,51
17062,img/img_00105275.jpg,upper-body clothes,202,123,236,113,324,122
17063,img/img_00105276.jpg,upper-body clothes,107,89,196,107,227,120
17064,img/img_00105279.jpg,upper-body clothes,320,193,298,105,382,62
17065,img/img_00105280.jpg,full-body clothes,185,56,106,50,222,37
17066,img/img_00105286.jpg,full-body clothes,231,90,186,96,316,85
17067,img/img_00105287.jpg,full-body clothes,374,114,234,120,497,123
17068,img/img_00105292.jpg,full-body clothes,346,65,176,111,425,79
17069,img/img_00105294.jpg,full-body clothes,308,144,236,92,466,158
17070,img/img_00105298.jpg,full-body clothes,176,42,127,85,219,43
17071,img/img_00105301.jpg,full-body clothes,376,314,314,0,376,0
17072,img/img_00105302.jpg,full-body clothes,401,116,230,114,488,87
17073,img/img_00105309.jpg,full-body clothes,372,150,216,66,474,102
17074,img/img_00105310.jpg,full-body clothes,162,63,108,45,209,47
17075,img/img_00105311.jpg,full-body clothes,193,94,222,128,281,88
17076,img/img_00105315.jpg,full-body clothes,212,71,168,97,262,50
17077,img/img_00105317.jpg,full-body clothes,289,171,256,85,435,146
17078,img/img_00105318.jpg,full-body clothes,163,83,158,75,222,59
17079,img/img_00105325.jpg,full-body clothes,187,115,141,26,189,2
17080,img/img_00105326.jpg,full-body clothes,360,152,228,76,456,96
17081,img/img_00105332.jpg,full-body clothes,227,89,213,124,299,72
17082,img/img_00105333.jpg,full-body clothes,150,44,151,107,203,53
17083,img/img_00105340.jpg,full-body clothes,406,324,324,0,406,0
17084,img/img_00105346.jpg,full-body clothes,329,178,293,115,465,136
17085,img/img_00105356.jpg,full-body clothes,151,83,242,159,274,123
17086,img/img_00105359.jpg,full-body clothes,231,81,203,122,309,78
17087,img/img_00105370.jpg,full-body clothes,236,376,376,0,236,0
17088,img/img_00105375.jpg,full-body clothes,227,114,183,69,320,93
17089,img/img_00105380.jpg,lower-body clothes,132,126,238,112,140,8
17090,img/img_00105382.jpg,lower-body clothes,112,110,178,68,324,212
17091,img/img_00105385.jpg,lower-body clothes,138,163,223,60,154,16
17092,img/img_00105398.jpg,full-body clothes,365,176,261,85,455,90
17093,img/img_00105403.jpg,full-body clothes,326,269,280,11,457,131
17094,img/img_00105406.jpg,full-body clothes,252,137,197,60,343,91
17095,img/img_00105410.jpg,lower-body clothes,116,135,185,50,393,277
17096,img/img_00105413.jpg,lower-body clothes,82,77,197,120,275,193
17097,img/img_00105414.jpg,lower-body clothes,215,140,215,75,268,53
17098,img/img_00105417.jpg,lower-body clothes,190,64,153,89,337,147
17099,img/img_00105424.jpg,lower-body clothes,80,86,196,110,87,7
17100,img/img_00105427.jpg,lower-body clothes,475,173,259,86,492,17
17101,img/img_00105432.jpg,lower-body clothes,229,81,221,140,365,136
17102,img/img_00105433.jpg,lower-body clothes,354,154,282,128,433,79
17103,img/img_00105442.jpg,lower-body clothes,310,102,168,66,363,53
17104,img/img_00105461.jpg,lower-body clothes,352,119,217,98,382,30
17105,img/img_00105470.jpg,lower-body clothes,149,180,249,69,453,304
17106,img/img_00105477.jpg,lower-body clothes,207,160,160,0,207,0
17107,img/img_00105483.jpg,lower-body clothes,222,146,264,118,441,219
17108,img/img_00105485.jpg,full-body clothes,339,57,166,109,433,94
17109,img/img_00105491.jpg,full-body clothes,246,109,211,102,403,157
17110,img/img_00105496.jpg,full-body clothes,179,111,137,26,233,54
17111,img/img_00105499.jpg,full-body clothes,314,103,176,73,415,101
17112,img/img_00105503.jpg,upper-body clothes,343,280,280,0,343,0
17113,img/img_00105509.jpg,upper-body clothes,359,92,203,111,408,49
17114,img/img_00105510.jpg,upper-body clothes,385,73,230,157,425,40
17115,img/img_00105513.jpg,upper-body clothes,98,46,46,0,98,0
17116,img/img_00105515.jpg,upper-body clothes,187,161,161,0,187,0
17117,img/img_00105519.jpg,upper-body clothes,208,161,161,0,208,0
17118,img/img_00105525.jpg,upper-body clothes,149,105,246,141,233,84
17119,img/img_00105529.jpg,upper-body clothes,95,135,236,101,230,135
17120,img/img_00105545.jpg,lower-body clothes,116,143,210,67,382,266
17121,img/img_00105554.jpg,lower-body clothes,57,84,125,41,218,161
17122,img/img_00105558.jpg,lower-body clothes,104,131,163,32,333,229
17123,img/img_00105561.jpg,lower-body clothes,346,259,259,0,346,0
17124,img/img_00105566.jpg,lower-body clothes,212,380,416,36,290,78
17125,img/img_00105572.jpg,lower-body clothes,246,211,321,110,261,15
17126,img/img_00105585.jpg,full-body clothes,354,78,208,130,450,96
17127,img/img_00105589.jpg,full-body clothes,349,120,259,139,425,76
17128,img/img_00105593.jpg,full-body clothes,202,163,163,0,202,0
17129,img/img_00105596.jpg,full-body clothes,238,33,170,137,391,153
17130,img/img_00105613.jpg,lower-body clothes,117,45,233,188,287,170
17131,img/img_00105618.jpg,lower-body clothes,444,261,317,56,470,26
17132,img/img_00105619.jpg,lower-body clothes,399,127,240,113,435,36
17133,img/img_00105627.jpg,full-body clothes,347,116,212,96,473,126
17134,img/img_00105637.jpg,lower-body clothes,116,121,189,68,120,4
17135,img/img_00105643.jpg,upper-body clothes,217,66,270,204,393,176
17136,img/img_00105650.jpg,upper-body clothes,148,71,125,54,233,85
17137,img/img_00105655.jpg,upper-body clothes,112,119,246,127,255,143
17138,img/img_00105669.jpg,lower-body clothes,228,148,206,58,299,71
17139,img/img_00105671.jpg,upper-body clothes,119,98,201,103,213,94
17140,img/img_00105681.jpg,upper-body clothes,139,61,115,54,208,69
17141,img/img_00105695.jpg,full-body clothes,156,141,141,0,156,0
17142,img/img_00105696.jpg,full-body clothes,225,233,233,0,225,0
17143,img/img_00105701.jpg,full-body clothes,164,81,132,51,217,53
17144,img/img_00105715.jpg,lower-body clothes,346,149,244,95,364,18
17145,img/img_00105718.jpg,lower-body clothes,279,93,231,138,442,163
17146,img/img_00105720.jpg,lower-body clothes,221,88,166,78,238,17
17147,img/img_00105721.jpg,lower-body clothes,171,62,150,88,186,15
17148,img/img_00105725.jpg,upper-body clothes,284,177,241,64,433,149
17149,img/img_00105747.jpg,upper-body clothes,161,72,200,128,286,125
17150,img/img_00105749.jpg,full-body clothes,353,156,246,90,445,92
17151,img/img_00105750.jpg,full-body clothes,331,223,346,123,447,116
17152,img/img_00105751.jpg,full-body clothes,296,145,249,104,457,161
17153,img/img_00105755.jpg,full-body clothes,155,90,128,38,213,58
17154,img/img_00105759.jpg,full-body clothes,282,137,238,101,408,126
17155,img/img_00105762.jpg,upper-body clothes,253,329,329,0,253,0
17156,img/img_00105770.jpg,full-body clothes,320,172,261,89,452,132
17157,img/img_00105773.jpg,full-body clothes,321,225,310,85,436,115
17158,img/img_00105776.jpg,full-body clothes,431,314,314,0,431,0
17159,img/img_00105778.jpg,full-body clothes,341,269,304,35,464,123
17160,img/img_00105787.jpg,upper-body clothes,206,60,106,46,301,95
17161,img/img_00105788.jpg,upper-body clothes,157,106,235,129,247,90
17162,img/img_00105789.jpg,upper-body clothes,228,123,246,123,368,140
17163,img/img_00105793.jpg,full-body clothes,248,305,305,0,248,0
17164,img/img_00105795.jpg,full-body clothes,256,107,203,96,274,18
17165,img/img_00105803.jpg,full-body clothes,393,85,200,115,488,95
17166,img/img_00105808.jpg,full-body clothes,182,63,132,69,226,44
17167,img/img_00105810.jpg,full-body clothes,260,240,240,0,260,0
17168,img/img_00105814.jpg,lower-body clothes,48,67,85,18,173,125
17169,img/img_00105824.jpg,lower-body clothes,379,279,346,67,404,25
17170,img/img_00105828.jpg,full-body clothes,286,51,200,149,379,93
17171,img/img_00105834.jpg,full-body clothes,423,224,224,0,423,0
17172,img/img_00105838.jpg,full-body clothes,200,46,161,115,281,81
17173,img/img_00105846.jpg,lower-body clothes,365,154,245,91,375,10
17174,img/img_00105851.jpg,lower-body clothes,402,95,246,151,436,34
17175,img/img_00105860.jpg,lower-body clothes,231,126,272,146,455,224
17176,img/img_00105875.jpg,upper-body clothes,284,84,322,238,417,133
17177,img/img_00105887.jpg,full-body clothes,323,150,273,123,450,127
17178,img/img_00105888.jpg,full-body clothes,338,69,215,146,467,129
17179,img/img_00105889.jpg,full-body clothes,399,111,238,127,507,108
17180,img/img_00105894.jpg,full-body clothes,337,153,259,106,450,113
17181,img/img_00105897.jpg,full-body clothes,177,38,130,92,248,71
17182,img/img_00105908.jpg,upper-body clothes,211,474,474,0,211,0
17183,img/img_00105917.jpg,upper-body clothes,274,93,199,106,336,62
17184,img/img_00105921.jpg,full-body clothes,295,136,243,107,384,89
17185,img/img_00105927.jpg,full-body clothes,304,177,249,72,408,104
17186,img/img_00105952.jpg,lower-body clothes,20,329,329,0,20,0
17187,img/img_00105963.jpg,lower-body clothes,399,57,101,44,422,23
17188,img/img_00105984.jpg,full-body clothes,286,146,223,77,324,38
17189,img/img_00105990.jpg,full-body clothes,263,171,187,16,350,87
17190,img/img_00105993.jpg,full-body clothes,132,39,116,77,185,53
17191,img/img_00105996.jpg,full-body clothes,308,40,179,139,400,92
17192,img/img_00106002.jpg,full-body clothes,335,149,149,0,335,0
17193,img/img_00106005.jpg,full-body clothes,200,64,204,140,290,90
17194,img/img_00106017.jpg,full-body clothes,231,144,181,37,318,87
17195,img/img_00106025.jpg,full-body clothes,232,46,145,99,319,87
17196,img/img_00106027.jpg,full-body clothes,265,141,200,59,371,106
17197,img/img_00106036.jpg,full-body clothes,312,213,242,29,455,143
17198,img/img_00106062.jpg,full-body clothes,155,30,65,35,211,56
17199,img/img_00106065.jpg,lower-body clothes,118,160,182,22,186,68
17200,img/img_00106076.jpg,lower-body clothes,69,93,225,132,251,182
17201,img/img_00106078.jpg,upper-body clothes,336,191,251,60,482,146
17202,img/img_00106079.jpg,upper-body clothes,266,216,236,20,397,131
17203,img/img_00106090.jpg,full-body clothes,201,129,243,114,281,80
17204,img/img_00106111.jpg,full-body clothes,433,255,363,108,465,32
17205,img/img_00106123.jpg,full-body clothes,274,107,213,106,353,79
17206,img/img_00106124.jpg,full-body clothes,248,100,100,0,248,0
17207,img/img_00106127.jpg,full-body clothes,218,201,307,106,292,74
17208,img/img_00106138.jpg,upper-body clothes,492,438,438,0,492,0
17209,img/img_00106142.jpg,upper-body clothes,98,69,160,91,159,61
17210,img/img_00106145.jpg,full-body clothes,211,98,219,121,297,86
17211,img/img_00106149.jpg,full-body clothes,148,83,194,111,196,48
17212,img/img_00106152.jpg,full-body clothes,220,86,148,62,307,87
17213,img/img_00106153.jpg,lower-body clothes,205,97,176,79,238,33
17214,img/img_00106155.jpg,lower-body clothes,353,151,224,73,426,73
17215,img/img_00106160.jpg,lower-body clothes,218,92,209,117,452,234
17216,img/img_00106162.jpg,lower-body clothes,354,147,241,94,384,30
17217,img/img_00106170.jpg,lower-body clothes,166,64,126,62,210,44
17218,img/img_00106179.jpg,full-body clothes,177,88,202,114,260,83
17219,img/img_00106180.jpg,full-body clothes,244,31,134,103,321,77
17220,img/img_00106182.jpg,full-body clothes,307,123,243,120,407,100
17221,img/img_00106188.jpg,full-body clothes,194,111,266,155,275,81
17222,img/img_00106192.jpg,full-body clothes,340,126,236,110,469,129
17223,img/img_00106194.jpg,full-body clothes,291,183,250,67,409,118
17224,img/img_00106196.jpg,full-body clothes,287,59,248,189,377,90
17225,img/img_00106198.jpg,full-body clothes,188,98,229,131,279,91
17226,img/img_00106199.jpg,full-body clothes,163,84,122,38,220,57
17227,img/img_00106202.jpg,full-body clothes,443,355,355,0,443,0
17228,img/img_00106209.jpg,lower-body clothes,161,89,176,87,293,132
17229,img/img_00106210.jpg,lower-body clothes,38,107,179,72,338,300
17230,img/img_00106214.jpg,lower-body clothes,113,137,232,95,387,274
17231,img/img_00106225.jpg,full-body clothes,143,105,147,42,201,58
17232,img/img_00106231.jpg,lower-body clothes,353,293,398,105,362,9
17233,img/img_00106238.jpg,lower-body clothes,144,116,230,114,369,225
17234,img/img_00106243.jpg,lower-body clothes,257,219,301,82,275,18
17235,img/img_00106244.jpg,lower-body clothes,125,87,132,45,150,25
17236,img/img_00106270.jpg,lower-body clothes,113,12,69,57,118,5
17237,img/img_00106275.jpg,lower-body clothes,104,93,247,154,402,298
17238,img/img_00106278.jpg,lower-body clothes,177,47,221,174,282,105
17239,img/img_00106283.jpg,upper-body clothes,272,181,241,60,351,79
17240,img/img_00106290.jpg,upper-body clothes,145,75,150,75,208,63
17241,img/img_00106301.jpg,full-body clothes,136,62,87,25,178,42
17242,img/img_00106302.jpg,full-body clothes,348,131,237,106,448,100
17243,img/img_00106310.jpg,full-body clothes,378,139,164,25,477,99
17244,img/img_00106321.jpg,full-body clothes,131,64,194,130,183,52
17245,img/img_00106330.jpg,full-body clothes,355,98,234,136,473,118
17246,img/img_00106336.jpg,full-body clothes,258,128,169,41,344,86
17247,img/img_00106340.jpg,full-body clothes,388,129,235,106,482,94
17248,img/img_00106341.jpg,full-body clothes,350,103,162,59,445,95
17249,img/img_00106350.jpg,full-body clothes,197,104,204,100,278,81
17250,img/img_00106362.jpg,upper-body clothes,221,103,227,124,362,141
17251,img/img_00106370.jpg,lower-body clothes,83,108,162,54,266,183
17252,img/img_00106376.jpg,lower-body clothes,408,337,337,0,408,0
17253,img/img_00106379.jpg,lower-body clothes,139,213,220,7,290,151
17254,img/img_00106380.jpg,lower-body clothes,113,96,157,61,185,72
17255,img/img_00106386.jpg,full-body clothes,348,165,258,93,465,117
17256,img/img_00106390.jpg,full-body clothes,396,412,412,0,396,0
17257,img/img_00106394.jpg,full-body clothes,139,88,88,0,139,0
17258,img/img_00106403.jpg,full-body clothes,358,208,271,63,490,132
17259,img/img_00106409.jpg,full-body clothes,311,224,347,123,440,129
17260,img/img_00106416.jpg,full-body clothes,285,159,338,179,419,134
17261,img/img_00106425.jpg,upper-body clothes,152,64,116,52,228,76
17262,img/img_00106429.jpg,upper-body clothes,125,65,134,69,196,71
17263,img/img_00106430.jpg,upper-body clothes,73,60,128,68,130,57
17264,img/img_00106434.jpg,upper-body clothes,127,61,125,64,194,67
17265,img/img_00106436.jpg,upper-body clothes,369,301,301,0,369,0
17266,img/img_00106439.jpg,upper-body clothes,121,57,198,141,193,72
17267,img/img_00106444.jpg,full-body clothes,216,85,207,122,283,67
17268,img/img_00106447.jpg,full-body clothes,184,250,250,0,184,0
17269,img/img_00106448.jpg,full-body clothes,250,176,234,58,258,8
17270,img/img_00106459.jpg,lower-body clothes,64,103,166,63,257,193
17271,img/img_00106465.jpg,lower-body clothes,100,154,273,119,409,309
17272,img/img_00106467.jpg,lower-body clothes,151,43,141,98,298,147
17273,img/img_00106481.jpg,full-body clothes,196,114,166,52,266,70
17274,img/img_00106484.jpg,full-body clothes,340,77,289,212,500,160
17275,img/img_00106486.jpg,full-body clothes,207,80,191,111,249,42
17276,img/img_00106488.jpg,full-body clothes,193,229,229,0,193,0
17277,img/img_00106493.jpg,full-body clothes,455,214,261,47,496,41
17278,img/img_00106502.jpg,full-body clothes,236,117,181,64,322,86
17279,img/img_00106510.jpg,full-body clothes,228,274,274,0,228,0
17280,img/img_00106512.jpg,full-body clothes,302,94,242,148,425,123
17281,img/img_00106516.jpg,full-body clothes,361,143,251,108,484,123
17282,img/img_00106518.jpg,full-body clothes,346,141,188,47,475,129
17283,img/img_00106519.jpg,full-body clothes,145,92,158,66,209,64
17284,img/img_00106522.jpg,full-body clothes,98,68,150,82,157,59
17285,img/img_00106533.jpg,full-body clothes,338,145,260,115,460,122
17286,img/img_00106537.jpg,full-body clothes,430,103,103,0,430,0
17287,img/img_00106542.jpg,full-body clothes,326,180,180,0,326,0
17288,img/img_00106562.jpg,lower-body clothes,114,150,274,124,120,6
17289,img/img_00106566.jpg,lower-body clothes,130,166,234,68,438,308
17290,img/img_00106581.jpg,upper-body clothes,298,212,352,140,415,117
17291,img/img_00106584.jpg,upper-body clothes,357,281,397,116,444,87
17292,img/img_00106590.jpg,upper-body clothes,131,71,144,73,207,76
17293,img/img_00106592.jpg,upper-body clothes,118,94,239,145,300,182
17294,img/img_00106595.jpg,upper-body clothes,197,115,219,104,320,123
17295,img/img_00106612.jpg,full-body clothes,164,205,205,0,164,0
17296,img/img_00106614.jpg,full-body clothes,181,293,293,0,181,0
17297,img/img_00106617.jpg,upper-body clothes,124,36,103,67,164,40
17298,img/img_00106627.jpg,lower-body clothes,125,133,201,68,241,116
17299,img/img_00106639.jpg,upper-body clothes,183,182,437,255,339,156
17300,img/img_00106650.jpg,upper-body clothes,119,106,228,122,219,100
17301,img/img_00106653.jpg,upper-body clothes,145,41,150,109,218,73
17302,img/img_00106654.jpg,upper-body clothes,176,52,260,208,292,116
17303,img/img_00106657.jpg,upper-body clothes,247,170,348,178,423,176
17304,img/img_00106663.jpg,upper-body clothes,233,164,164,0,233,0
17305,img/img_00106668.jpg,full-body clothes,185,56,231,175,344,159
17306,img/img_00106669.jpg,full-body clothes,371,81,203,122,470,99
17307,img/img_00106672.jpg,full-body clothes,258,206,206,0,258,0
17308,img/img_00106681.jpg,full-body clothes,286,94,205,111,374,88
17309,img/img_00106686.jpg,upper-body clothes,116,44,103,59,170,54
17310,img/img_00106691.jpg,upper-body clothes,188,133,219,86,285,97
17311,img/img_00106698.jpg,lower-body clothes,140,146,278,132,388,248
17312,img/img_00106700.jpg,lower-body clothes,51,71,113,42,176,125
17313,img/img_00106703.jpg,lower-body clothes,65,90,129,39,211,146
17314,img/img_00106720.jpg,lower-body clothes,114,122,230,108,284,170
17315,img/img_00106746.jpg,upper-body clothes,337,192,192,0,337,0
17316,img/img_00106747.jpg,upper-body clothes,131,86,136,50,208,77
17317,img/img_00106748.jpg,upper-body clothes,291,180,180,0,291,0
17318,img/img_00106749.jpg,upper-body clothes,168,121,182,61,278,110
17319,img/img_00106751.jpg,upper-body clothes,279,58,192,134,439,160
17320,img/img_00106754.jpg,upper-body clothes,224,258,258,0,224,0
17321,img/img_00106765.jpg,full-body clothes,160,71,137,66,231,71
17322,img/img_00106774.jpg,full-body clothes,249,230,230,0,249,0
17323,img/img_00106780.jpg,lower-body clothes,196,117,118,1,200,4
17324,img/img_00106792.jpg,upper-body clothes,62,230,230,0,62,0
17325,img/img_00106803.jpg,upper-body clothes,171,328,328,0,171,0
17326,img/img_00106805.jpg,upper-body clothes,158,298,298,0,158,0
17327,img/img_00106816.jpg,full-body clothes,257,162,162,0,257,0
17328,img/img_00106818.jpg,full-body clothes,11,425,425,0,11,0
17329,img/img_00106819.jpg,full-body clothes,234,198,198,0,234,0
17330,img/img_00106820.jpg,full-body clothes,238,65,109,44,320,82
17331,img/img_00106833.jpg,upper-body clothes,91,37,295,258,371,280
17332,img/img_00106834.jpg,upper-body clothes,229,163,163,0,229,0
17333,img/img_00106846.jpg,upper-body clothes,365,256,256,0,365,0
17334,img/img_00106853.jpg,upper-body clothes,308,132,132,0,308,0
17335,img/img_00106855.jpg,upper-body clothes,333,379,379,0,333,0
17336,img/img_00106857.jpg,upper-body clothes,141,63,181,118,251,110
17337,img/img_00106860.jpg,upper-body clothes,111,64,133,69,192,81
17338,img/img_00106866.jpg,upper-body clothes,443,445,445,0,443,0
17339,img/img_00106867.jpg,upper-body clothes,189,132,219,87,306,117
17340,img/img_00106874.jpg,lower-body clothes,82,105,165,60,325,243
17341,img/img_00106880.jpg,lower-body clothes,397,366,366,0,397,0
17342,img/img_00106883.jpg,lower-body clothes,68,88,240,152,272,204
17343,img/img_00106892.jpg,lower-body clothes,264,161,262,101,478,214
17344,img/img_00106894.jpg,lower-body clothes,75,78,166,88,279,204
17345,img/img_00106895.jpg,lower-body clothes,188,63,185,122,291,103
17346,img/img_00106907.jpg,upper-body clothes,267,172,254,82,413,146
17347,img/img_00106912.jpg,upper-body clothes,310,281,281,0,310,0
17348,img/img_00106924.jpg,upper-body clothes,323,223,273,50,404,81
17349,img/img_00106926.jpg,upper-body clothes,154,111,260,149,191,37
17350,img/img_00106927.jpg,upper-body clothes,121,82,159,77,182,61
17351,img/img_00106931.jpg,upper-body clothes,121,102,151,49,206,85
17352,img/img_00106949.jpg,full-body clothes,250,167,291,124,348,98
17353,img/img_00106954.jpg,full-body clothes,335,255,255,0,335,0
17354,img/img_00106959.jpg,upper-body clothes,271,217,282,65,466,195
17355,img/img_00106965.jpg,upper-body clothes,214,168,278,110,324,110
17356,img/img_00106966.jpg,upper-body clothes,258,173,238,65,370,112
17357,img/img_00106968.jpg,upper-body clothes,493,193,193,0,493,0
17358,img/img_00106983.jpg,upper-body clothes,303,138,332,194,460,157
17359,img/img_00106986.jpg,lower-body clothes,114,81,143,62,125,11
17360,img/img_00106994.jpg,lower-body clothes,434,146,289,143,451,17
17361,img/img_00106998.jpg,lower-body clothes,279,146,231,85,478,199
17362,img/img_00107001.jpg,lower-body clothes,122,162,248,86,154,32
17363,img/img_00107002.jpg,lower-body clothes,143,178,234,56,233,90
17364,img/img_00107004.jpg,lower-body clothes,166,90,328,238,279,113
17365,img/img_00107008.jpg,lower-body clothes,400,113,200,87,412,12
17366,img/img_00107023.jpg,lower-body clothes,214,64,163,99,400,186
17367,img/img_00107039.jpg,lower-body clothes,177,80,194,114,385,208
17368,img/img_00107042.jpg,lower-body clothes,167,100,136,36,203,36
17369,img/img_00107047.jpg,lower-body clothes,163,65,136,71,211,48
17370,img/img_00107051.jpg,lower-body clothes,375,146,352,206,424,49
17371,img/img_00107056.jpg,lower-body clothes,417,150,346,196,442,25
17372,img/img_00107063.jpg,lower-body clothes,223,105,202,97,274,51
17373,img/img_00107074.jpg,full-body clothes,162,237,237,0,162,0
17374,img/img_00107079.jpg,full-body clothes,326,147,241,94,440,114
17375,img/img_00107082.jpg,full-body clothes,323,184,266,82,444,121
17376,img/img_00107086.jpg,full-body clothes,255,159,252,93,350,95
17377,img/img_00107087.jpg,lower-body clothes,190,126,237,111,317,127
17378,img/img_00107092.jpg,lower-body clothes,280,111,249,138,454,174
17379,img/img_00107095.jpg,lower-body clothes,181,96,168,72,341,160
17380,img/img_00107099.jpg,lower-body clothes,433,109,230,121,440,7
17381,img/img_00107113.jpg,lower-body clothes,264,97,226,129,455,191
17382,img/img_00107129.jpg,lower-body clothes,394,125,198,73,426,32
17383,img/img_00107130.jpg,lower-body clothes,263,133,265,132,426,163
17384,img/img_00107131.jpg,lower-body clothes,347,111,210,99,464,117
17385,img/img_00107133.jpg,lower-body clothes,299,99,260,161,352,53
17386,img/img_00107148.jpg,lower-body clothes,203,67,133,66,209,6
17387,img/img_00107171.jpg,lower-body clothes,419,103,234,131,438,19
17388,img/img_00107172.jpg,lower-body clothes,189,58,132,74,208,19
17389,img/img_00107179.jpg,lower-body clothes,391,68,104,36,417,26
17390,img/img_00107183.jpg,lower-body clothes,182,54,107,53,204,22
17391,img/img_00107189.jpg,lower-body clothes,69,107,229,122,198,129
17392,img/img_00107191.jpg,lower-body clothes,81,99,132,33,95,14
17393,img/img_00107195.jpg,lower-body clothes,102,176,262,86,445,343
17394,img/img_00107200.jpg,lower-body clothes,112,106,227,121,135,23
17395,img/img_00107202.jpg,lower-body clothes,69,77,139,62,75,6
17396,img/img_00107211.jpg,lower-body clothes,116,165,252,87,127,11
17397,img/img_00107219.jpg,lower-body clothes,63,83,216,133,233,170
17398,img/img_00107234.jpg,lower-body clothes,404,134,266,132,441,37
17399,img/img_00107235.jpg,lower-body clothes,402,138,229,91,421,19
17400,img/img_00107242.jpg,lower-body clothes,269,82,174,92,283,14
17401,img/img_00107243.jpg,lower-body clothes,298,87,196,109,330,32
17402,img/img_00107247.jpg,lower-body clothes,224,90,214,124,451,227
17403,img/img_00107253.jpg,lower-body clothes,219,103,289,186,449,230
17404,img/img_00107257.jpg,full-body clothes,339,86,167,81,458,119
17405,img/img_00107258.jpg,full-body clothes,269,89,206,117,351,82
17406,img/img_00107262.jpg,full-body clothes,300,83,169,86,383,83
17407,img/img_00107270.jpg,full-body clothes,214,66,212,146,385,171
17408,img/img_00107279.jpg,full-body clothes,337,64,236,172,405,68
17409,img/img_00107293.jpg,lower-body clothes,163,92,207,115,355,192
17410,img/img_00107299.jpg,lower-body clothes,112,190,205,15,451,339
17411,img/img_00107300.jpg,upper-body clothes,291,158,253,95,420,129
17412,img/img_00107302.jpg,upper-body clothes,113,109,208,99,201,88
17413,img/img_00107305.jpg,upper-body clothes,173,126,242,116,323,150
17414,img/img_00107307.jpg,upper-body clothes,223,201,270,69,373,150
17415,img/img_00107314.jpg,lower-body clothes,211,47,83,36,381,170
17416,img/img_00107322.jpg,lower-body clothes,243,81,202,121,448,205
17417,img/img_00107323.jpg,lower-body clothes,104,39,99,60,211,107
17418,img/img_00107327.jpg,lower-body clothes,104,150,269,119,407,303
17419,img/img_00107334.jpg,lower-body clothes,340,206,206,0,340,0
17420,img/img_00107336.jpg,lower-body clothes,131,182,261,79,459,328
17421,img/img_00107338.jpg,lower-body clothes,140,78,196,118,346,206
17422,img/img_00107344.jpg,lower-body clothes,402,153,249,96,417,15
17423,img/img_00107346.jpg,lower-body clothes,227,74,192,118,244,17
17424,img/img_00107349.jpg,lower-body clothes,352,217,217,0,352,0
17425,img/img_00107350.jpg,lower-body clothes,238,80,218,138,427,189
17426,img/img_00107353.jpg,lower-body clothes,146,43,130,87,247,101
17427,img/img_00107361.jpg,lower-body clothes,26,59,186,127,154,128
17428,img/img_00107362.jpg,lower-body clothes,103,174,239,65,418,315
17429,img/img_00107363.jpg,lower-body clothes,203,104,171,67,425,222
17430,img/img_00107364.jpg,lower-body clothes,121,167,256,89,417,296
17431,img/img_00107365.jpg,lower-body clothes,86,120,161,41,278,192
17432,img/img_00107373.jpg,lower-body clothes,62,83,163,80,229,167
17433,img/img_00107380.jpg,lower-body clothes,131,182,255,73,454,323
17434,img/img_00107383.jpg,lower-body clothes,92,158,245,87,358,266
17435,img/img_00107409.jpg,lower-body clothes,101,147,244,97,372,271
17436,img/img_00107413.jpg,lower-body clothes,197,187,234,47,206,9
17437,img/img_00107414.jpg,lower-body clothes,100,96,147,51,104,4
17438,img/img_00107422.jpg,full-body clothes,385,249,334,85,392,7
17439,img/img_00107443.jpg,full-body clothes,188,140,294,154,265,77
17440,img/img_00107444.jpg,full-body clothes,215,238,238,0,215,0
17441,img/img_00107461.jpg,lower-body clothes,247,165,284,119,322,75
17442,img/img_00107463.jpg,lower-body clothes,103,75,158,83,126,23
17443,img/img_00107466.jpg,lower-body clothes,88,126,248,122,286,198
17444,img/img_00107467.jpg,lower-body clothes,57,77,239,162,357,300
17445,img/img_00107479.jpg,lower-body clothes,144,201,291,90,421,277
17446,img/img_00107483.jpg,lower-body clothes,164,59,172,113,302,138
17447,img/img_00107504.jpg,lower-body clothes,84,89,137,48,90,6
17448,img/img_00107505.jpg,lower-body clothes,176,168,236,68,185,9
17449,img/img_00107511.jpg,lower-body clothes,239,81,154,73,276,37
17450,img/img_00107519.jpg,lower-body clothes,188,82,117,35,201,13
17451,img/img_00107530.jpg,lower-body clothes,154,61,142,81,218,64
17452,img/img_00107534.jpg,lower-body clothes,210,35,112,77,223,13
17453,img/img_00107535.jpg,lower-body clothes,410,169,272,103,435,25
17454,img/img_00107536.jpg,lower-body clothes,183,99,159,60,418,235
17455,img/img_00107550.jpg,full-body clothes,275,97,130,33,356,81
17456,img/img_00107563.jpg,lower-body clothes,267,97,203,106,445,178
17457,img/img_00107566.jpg,lower-body clothes,177,65,135,70,198,21
17458,img/img_00107568.jpg,lower-body clothes,380,119,243,124,422,42
17459,img/img_00107569.jpg,lower-body clothes,416,43,175,132,430,14
17460,img/img_00107570.jpg,lower-body clothes,224,86,154,68,244,20
17461,img/img_00107574.jpg,full-body clothes,207,116,250,134,302,95
17462,img/img_00107576.jpg,full-body clothes,236,96,211,115,311,75
17463,img/img_00107577.jpg,full-body clothes,403,78,168,90,490,87
17464,img/img_00107579.jpg,full-body clothes,307,208,296,88,431,124
17465,img/img_00107593.jpg,lower-body clothes,354,104,227,123,456,102
17466,img/img_00107594.jpg,lower-body clothes,340,91,217,126,461,121
17467,img/img_00107597.jpg,lower-body clothes,419,45,196,151,428,9
17468,img/img_00107614.jpg,lower-body clothes,419,132,269,137,423,4
17469,img/img_00107618.jpg,lower-body clothes,277,86,257,171,453,176
17470,img/img_00107623.jpg,lower-body clothes,222,112,324,212,455,233
17471,img/img_00107630.jpg,lower-body clothes,218,108,203,95,250,32
17472,img/img_00107645.jpg,lower-body clothes,165,151,255,104,457,292
17473,img/img_00107647.jpg,lower-body clothes,367,36,199,163,408,41
17474,img/img_00107648.jpg,lower-body clothes,226,135,252,117,479,253
17475,img/img_00107653.jpg,upper-body clothes,194,52,119,67,254,60
17476,img/img_00107654.jpg,upper-body clothes,101,76,202,126,176,75
17477,img/img_00107662.jpg,upper-body clothes,90,57,139,82,156,66
17478,img/img_00107673.jpg,lower-body clothes,206,181,181,0,206,0
17479,img/img_00107675.jpg,lower-body clothes,137,102,200,98,339,202
17480,img/img_00107679.jpg,lower-body clothes,131,89,142,53,320,189
17481,img/img_00107690.jpg,upper-body clothes,243,89,244,155,400,157
17482,img/img_00107699.jpg,full-body clothes,245,153,266,113,347,102
17483,img/img_00107702.jpg,full-body clothes,281,213,309,96,397,116
17484,img/img_00107706.jpg,lower-body clothes,286,96,419,323,311,25
17485,img/img_00107712.jpg,lower-body clothes,364,103,237,134,451,87
17486,img/img_00107714.jpg,lower-body clothes,54,248,248,0,54,0
17487,img/img_00107715.jpg,lower-body clothes,407,134,190,56,419,12
17488,img/img_00107721.jpg,lower-body clothes,424,55,186,131,433,9
17489,img/img_00107723.jpg,lower-body clothes,176,57,130,73,196,20
17490,img/img_00107727.jpg,lower-body clothes,225,81,300,219,453,228
17491,img/img_00107731.jpg,lower-body clothes,269,64,240,176,278,9
17492,img/img_00107732.jpg,lower-body clothes,404,121,265,144,406,2
17493,img/img_00107734.jpg,full-body clothes,236,92,214,122,324,88
17494,img/img_00107737.jpg,full-body clothes,214,140,176,36,295,81
17495,img/img_00107744.jpg,full-body clothes,129,76,144,68,189,60
17496,img/img_00107770.jpg,full-body clothes,189,35,117,82,233,44
17497,img/img_00107784.jpg,upper-body clothes,293,311,311,0,293,0
17498,img/img_00107786.jpg,upper-body clothes,135,81,144,63,197,62
17499,img/img_00107791.jpg,lower-body clothes,58,75,124,49,226,168
17500,img/img_00107792.jpg,lower-body clothes,240,293,293,0,240,0
17501,img/img_00107798.jpg,lower-body clothes,61,108,172,64,274,213
17502,img/img_00107817.jpg,upper-body clothes,181,129,237,108,323,142
17503,img/img_00107819.jpg,upper-body clothes,118,70,150,80,188,70
17504,img/img_00107822.jpg,upper-body clothes,349,30,215,185,466,117
17505,img/img_00107826.jpg,upper-body clothes,182,133,233,100,306,124
17506,img/img_00107828.jpg,upper-body clothes,216,130,231,101,347,131
17507,img/img_00107831.jpg,upper-body clothes,205,279,279,0,205,0
17508,img/img_00107845.jpg,lower-body clothes,102,153,272,119,410,308
17509,img/img_00107868.jpg,lower-body clothes,104,22,161,139,290,186
17510,img/img_00107870.jpg,lower-body clothes,103,145,273,128,377,274
17511,img/img_00107882.jpg,full-body clothes,285,242,242,0,285,0
17512,img/img_00107883.jpg,full-body clothes,267,149,237,88,410,143
17513,img/img_00107887.jpg,full-body clothes,101,9,89,80,139,38
17514,img/img_00107891.jpg,full-body clothes,222,238,238,0,222,0
17515,img/img_00107894.jpg,full-body clothes,331,94,231,137,467,136
17516,img/img_00107895.jpg,full-body clothes,281,237,237,0,281,0
17517,img/img_00107901.jpg,full-body clothes,345,94,241,147,440,95
17518,img/img_00107902.jpg,full-body clothes,352,210,210,0,352,0
17519,img/img_00107903.jpg,full-body clothes,216,213,213,0,216,0
17520,img/img_00107915.jpg,full-body clothes,67,174,174,0,67,0
17521,img/img_00107924.jpg,full-body clothes,106,282,282,0,106,0
17522,img/img_00107925.jpg,full-body clothes,381,127,227,100,470,89
17523,img/img_00107928.jpg,full-body clothes,66,166,166,0,66,0
17524,img/img_00107933.jpg,full-body clothes,381,85,241,156,476,95
17525,img/img_00107934.jpg,full-body clothes,351,206,206,0,351,0
17526,img/img_00107936.jpg,full-body clothes,339,138,214,76,416,77
17527,img/img_00107937.jpg,full-body clothes,101,70,153,83,147,46
17528,img/img_00107940.jpg,upper-body clothes,180,160,160,0,180,0
17529,img/img_00107943.jpg,upper-body clothes,186,308,308,0,186,0
17530,img/img_00107954.jpg,full-body clothes,264,147,239,92,412,148
17531,img/img_00107955.jpg,full-body clothes,216,92,180,88,299,83
17532,img/img_00107958.jpg,full-body clothes,134,22,147,125,220,86
17533,img/img_00107962.jpg,upper-body clothes,343,120,205,85,475,132
17534,img/img_00107971.jpg,upper-body clothes,326,97,234,137,406,80
17535,img/img_00107976.jpg,upper-body clothes,360,140,256,116,479,119
17536,img/img_00107987.jpg,upper-body clothes,245,188,290,102,398,153
17537,img/img_00107988.jpg,upper-body clothes,302,178,259,81,435,133
17538,img/img_00107989.jpg,upper-body clothes,206,81,192,111,280,74
17539,img/img_00107995.jpg,upper-body clothes,137,82,167,85,211,74
17540,img/img_00107996.jpg,upper-body clothes,204,123,208,85,318,114
17541,img/img_00107999.jpg,upper-body clothes,254,170,246,76,410,156
17542,img/img_00108002.jpg,full-body clothes,225,113,236,123,310,85
17543,img/img_00108012.jpg,full-body clothes,214,47,191,144,320,106
17544,img/img_00108017.jpg,upper-body clothes,142,64,147,83,186,44
17545,img/img_00108023.jpg,upper-body clothes,192,72,129,57,258,66
17546,img/img_00108035.jpg,lower-body clothes,166,50,167,117,271,105
17547,img/img_00108036.jpg,lower-body clothes,187,68,199,131,455,268
17548,img/img_00108042.jpg,lower-body clothes,156,60,131,71,262,106
17549,img/img_00108045.jpg,lower-body clothes,204,164,164,0,204,0
17550,img/img_00108052.jpg,full-body clothes,282,208,229,21,382,100
17551,img/img_00108053.jpg,full-body clothes,289,170,230,60,458,169
17552,img/img_00108054.jpg,full-body clothes,383,107,227,120,470,87
17553,img/img_00108055.jpg,full-body clothes,124,64,184,120,171,47
17554,img/img_00108057.jpg,full-body clothes,314,132,232,100,455,141
17555,img/img_00108059.jpg,full-body clothes,401,160,218,58,483,82
17556,img/img_00108094.jpg,lower-body clothes,237,81,150,69,251,14
17557,img/img_00108095.jpg,lower-body clothes,271,230,374,144,288,17
17558,img/img_00108097.jpg,lower-body clothes,259,95,213,118,479,220
17559,img/img_00108107.jpg,upper-body clothes,126,38,160,122,193,67
17560,img/img_00108110.jpg,upper-body clothes,206,271,271,0,206,0
17561,img/img_00108116.jpg,upper-body clothes,129,198,198,0,129,0
17562,img/img_00108117.jpg,upper-body clothes,192,458,458,0,192,0
17563,img/img_00108122.jpg,upper-body clothes,379,325,346,21,439,60
17564,img/img_00108125.jpg,full-body clothes,369,127,215,88,463,94
17565,img/img_00108135.jpg,lower-body clothes,136,89,175,86,261,125
17566,img/img_00108138.jpg,lower-body clothes,236,61,204,143,440,204
17567,img/img_00108140.jpg,full-body clothes,391,144,290,146,482,91
17568,img/img_00108141.jpg,full-body clothes,388,43,215,172,489,101
17569,img/img_00108146.jpg,full-body clothes,330,149,291,142,426,96
17570,img/img_00108147.jpg,full-body clothes,203,200,200,0,203,0
17571,img/img_00108154.jpg,full-body clothes,408,30,192,162,483,75
17572,img/img_00108156.jpg,full-body clothes,380,47,239,192,466,86
17573,img/img_00108161.jpg,lower-body clothes,86,95,193,98,322,236
17574,img/img_00108174.jpg,lower-body clothes,89,79,221,142,354,265
17575,img/img_00108176.jpg,lower-body clothes,138,155,278,123,441,303
17576,img/img_00108178.jpg,lower-body clothes,130,96,227,131,423,293
17577,img/img_00108179.jpg,lower-body clothes,93,96,244,148,264,171
17578,img/img_00108181.jpg,lower-body clothes,99,109,262,153,250,151
17579,img/img_00108193.jpg,lower-body clothes,155,107,255,148,163,8
17580,img/img_00108200.jpg,lower-body clothes,130,164,230,66,156,26
17581,img/img_00108204.jpg,full-body clothes,114,64,135,71,158,44
17582,img/img_00108214.jpg,full-body clothes,377,139,254,115,456,79
17583,img/img_00108218.jpg,full-body clothes,201,203,203,0,201,0
17584,img/img_00108220.jpg,full-body clothes,260,126,197,71,319,59
17585,img/img_00108224.jpg,full-body clothes,45,395,395,0,45,0
17586,img/img_00108230.jpg,full-body clothes,399,236,346,110,495,96
17587,img/img_00108231.jpg,full-body clothes,79,72,155,83,121,42
17588,img/img_00108236.jpg,full-body clothes,181,74,220,146,339,158
17589,img/img_00108237.jpg,full-body clothes,233,136,248,112,328,95
17590,img/img_00108238.jpg,full-body clothes,444,351,351,0,444,0
17591,img/img_00108246.jpg,upper-body clothes,121,66,187,121,180,59
17592,img/img_00108247.jpg,upper-body clothes,197,78,185,107,273,76
17593,img/img_00108248.jpg,upper-body clothes,306,138,242,104,414,108
17594,img/img_00108252.jpg,upper-body clothes,215,70,174,104,286,71
17595,img/img_00108255.jpg,upper-body clothes,130,102,154,52,196,66
17596,img/img_00108259.jpg,upper-body clothes,168,48,122,74,231,63
17597,img/img_00108261.jpg,full-body clothes,369,209,209,0,369,0
17598,img/img_00108272.jpg,full-body clothes,169,90,191,101,225,56
17599,img/img_00108274.jpg,full-body clothes,423,206,274,68,464,41
17600,img/img_00108275.jpg,full-body clothes,345,285,285,0,345,0
17601,img/img_00108281.jpg,upper-body clothes,469,341,341,0,469,0
17602,img/img_00108284.jpg,upper-body clothes,164,122,235,113,266,102
17603,img/img_00108290.jpg,upper-body clothes,301,134,220,86,440,139
17604,img/img_00108310.jpg,full-body clothes,384,111,286,175,462,78
17605,img/img_00108312.jpg,full-body clothes,213,140,190,50,297,84
17606,img/img_00108314.jpg,full-body clothes,189,148,222,74,252,63
17607,img/img_00108315.jpg,full-body clothes,113,57,134,77,157,44
17608,img/img_00108317.jpg,full-body clothes,193,84,135,51,259,66
17609,img/img_00108330.jpg,full-body clothes,191,99,209,110,261,70
17610,img/img_00108333.jpg,full-body clothes,283,163,256,93,404,121
17611,img/img_00108335.jpg,full-body clothes,309,164,267,103,419,110
17612,img/img_00108339.jpg,full-body clothes,344,48,147,99,459,115
17613,img/img_00108365.jpg,upper-body clothes,283,134,228,94,440,157
17614,img/img_00108382.jpg,full-body clothes,125,62,311,249,173,48
17615,img/img_00108387.jpg,full-body clothes,145,246,246,0,145,0
17616,img/img_00108418.jpg,upper-body clothes,91,51,120,69,139,48
17617,img/img_00108421.jpg,upper-body clothes,114,63,119,56,193,79
17618,img/img_00108428.jpg,upper-body clothes,89,99,254,155,183,94
17619,img/img_00108431.jpg,upper-body clothes,38,139,139,0,38,0
17620,img/img_00108442.jpg,upper-body clothes,181,125,296,171,194,13
17621,img/img_00108450.jpg,upper-body clothes,73,52,128,76,139,66
17622,img/img_00108456.jpg,upper-body clothes,255,46,177,131,344,89
17623,img/img_00108458.jpg,upper-body clothes,121,61,151,90,193,72
17624,img/img_00108460.jpg,upper-body clothes,261,124,222,98,398,137
17625,img/img_00108465.jpg,upper-body clothes,259,119,225,106,424,165
17626,img/img_00108474.jpg,upper-body clothes,108,72,289,217,155,47
17627,img/img_00108476.jpg,upper-body clothes,100,106,180,74,202,102
17628,img/img_00108482.jpg,upper-body clothes,155,101,140,39,222,67
17629,img/img_00108483.jpg,lower-body clothes,288,126,184,58,502,214
17630,img/img_00108496.jpg,upper-body clothes,73,139,139,0,73,0
17631,img/img_00108500.jpg,upper-body clothes,268,210,264,54,406,138
17632,img/img_00108504.jpg,upper-body clothes,498,314,314,0,498,0
17633,img/img_00108506.jpg,upper-body clothes,56,159,159,0,56,0
17634,img/img_00108509.jpg,full-body clothes,248,144,248,104,362,114
17635,img/img_00108514.jpg,full-body clothes,335,205,254,49,442,107
17636,img/img_00108516.jpg,full-body clothes,266,48,154,106,354,88
17637,img/img_00108517.jpg,full-body clothes,181,55,123,68,242,61
17638,img/img_00108522.jpg,full-body clothes,181,116,306,190,249,68
17639,img/img_00108538.jpg,upper-body clothes,275,34,183,149,285,10
17640,img/img_00108541.jpg,upper-body clothes,98,53,146,93,166,68
17641,img/img_00108548.jpg,upper-body clothes,459,261,261,0,459,0
17642,img/img_00108564.jpg,upper-body clothes,200,191,191,0,200,0
17643,img/img_00108568.jpg,upper-body clothes,53,93,93,0,53,0
17644,img/img_00108573.jpg,full-body clothes,126,50,146,96,156,30
17645,img/img_00108600.jpg,full-body clothes,327,121,227,106,424,97
17646,img/img_00108603.jpg,full-body clothes,394,122,247,125,472,78
17647,img/img_00108621.jpg,upper-body clothes,161,81,135,54,238,77
17648,img/img_00108627.jpg,upper-body clothes,165,90,155,65,235,70
17649,img/img_00108634.jpg,upper-body clothes,261,163,285,122,401,140
17650,img/img_00108637.jpg,upper-body clothes,128,92,152,60,194,66
17651,img/img_00108639.jpg,upper-body clothes,347,188,254,66,481,134
17652,img/img_00108648.jpg,upper-body clothes,290,160,257,97,430,140
17653,img/img_00108649.jpg,upper-body clothes,228,132,189,57,290,62
17654,img/img_00108660.jpg,upper-body clothes,320,176,262,86,473,153
17655,img/img_00108663.jpg,full-body clothes,351,204,321,117,434,83
17656,img/img_00108665.jpg,full-body clothes,386,207,390,183,500,114
17657,img/img_00108667.jpg,full-body clothes,383,112,274,162,462,79
17658,img/img_00108674.jpg,full-body clothes,350,106,215,109,445,95
17659,img/img_00108679.jpg,full-body clothes,370,132,221,89,443,73
17660,img/img_00108698.jpg,upper-body clothes,275,172,265,93,396,121
17661,img/img_00108707.jpg,upper-body clothes,151,91,176,85,293,142
17662,img/img_00108711.jpg,upper-body clothes,288,141,242,101,430,142
17663,img/img_00108714.jpg,upper-body clothes,190,120,127,7,259,69
17664,img/img_00108727.jpg,upper-body clothes,140,85,126,41,164,24
17665,img/img_00108734.jpg,full-body clothes,346,117,196,79,463,117
17666,img/img_00108745.jpg,full-body clothes,135,63,182,119,184,49
17667,img/img_00108754.jpg,full-body clothes,250,121,236,115,332,82
17668,img/img_00108760.jpg,upper-body clothes,209,317,317,0,209,0
17669,img/img_00108764.jpg,upper-body clothes,286,118,224,106,393,107
17670,img/img_00108769.jpg,lower-body clothes,381,273,273,0,381,0
17671,img/img_00108774.jpg,lower-body clothes,213,166,193,27,449,236
17672,img/img_00108778.jpg,lower-body clothes,470,136,240,104,493,23
17673,img/img_00108779.jpg,lower-body clothes,274,134,255,121,473,199
17674,img/img_00108783.jpg,lower-body clothes,219,205,205,0,219,0
17675,img/img_00108793.jpg,upper-body clothes,266,140,361,221,391,125
17676,img/img_00108799.jpg,upper-body clothes,106,65,133,68,166,60
17677,img/img_00108805.jpg,upper-body clothes,336,187,275,88,446,110
17678,img/img_00108806.jpg,upper-body clothes,70,327,327,0,70,0
17679,img/img_00108807.jpg,upper-body clothes,366,152,268,116,449,83
17680,img/img_00108809.jpg,upper-body clothes,146,347,347,0,146,0
17681,img/img_00108825.jpg,upper-body clothes,56,236,236,0,56,0
17682,img/img_00108826.jpg,upper-body clothes,101,332,332,0,101,0
17683,img/img_00108827.jpg,upper-body clothes,153,89,200,111,233,80
17684,img/img_00108841.jpg,upper-body clothes,169,375,375,0,169,0
17685,img/img_00108842.jpg,upper-body clothes,32,180,180,0,32,0
17686,img/img_00108849.jpg,upper-body clothes,107,467,467,0,107,0
17687,img/img_00108862.jpg,upper-body clothes,253,372,372,0,253,0
17688,img/img_00108875.jpg,lower-body clothes,100,145,216,71,393,293
17689,img/img_00108876.jpg,lower-body clothes,37,88,163,75,216,179
17690,img/img_00108891.jpg,upper-body clothes,500,354,354,0,500,0
17691,img/img_00108894.jpg,upper-body clothes,224,315,315,0,224,0
17692,img/img_00108904.jpg,upper-body clothes,28,307,307,0,28,0
17693,img/img_00108919.jpg,upper-body clothes,155,282,282,0,155,0
17694,img/img_00108921.jpg,upper-body clothes,218,198,198,0,218,0
17695,img/img_00108934.jpg,upper-body clothes,256,434,434,0,256,0
17696,img/img_00108935.jpg,upper-body clothes,230,168,258,90,352,122
17697,img/img_00108937.jpg,upper-body clothes,101,173,173,0,101,0
17698,img/img_00108941.jpg,upper-body clothes,390,352,352,0,390,0
17699,img/img_00108955.jpg,lower-body clothes,133,98,312,214,380,247
17700,img/img_00108965.jpg,upper-body clothes,109,82,137,55,181,72
17701,img/img_00108967.jpg,upper-body clothes,185,104,186,82,289,104
17702,img/img_00108973.jpg,upper-body clothes,204,232,349,117,335,131
17703,img/img_00108982.jpg,upper-body clothes,217,331,331,0,217,0
17704,img/img_00109006.jpg,upper-body clothes,196,169,304,135,351,155
17705,img/img_00109013.jpg,upper-body clothes,143,447,447,0,143,0
17706,img/img_00109020.jpg,upper-body clothes,142,91,193,102,265,123
17707,img/img_00109026.jpg,upper-body clothes,216,189,189,0,216,0
17708,img/img_00109030.jpg,upper-body clothes,286,270,270,0,286,0
17709,img/img_00109033.jpg,lower-body clothes,210,158,323,165,476,266
17710,img/img_00109042.jpg,lower-body clothes,115,165,238,73,432,317
17711,img/img_00109043.jpg,lower-body clothes,49,72,233,161,357,308
17712,img/img_00109045.jpg,upper-body clothes,132,326,326,0,132,0
17713,img/img_00109048.jpg,upper-body clothes,441,320,399,79,473,32
17714,img/img_00109049.jpg,upper-body clothes,55,306,306,0,55,0
17715,img/img_00109051.jpg,upper-body clothes,445,457,457,0,445,0
17716,img/img_00109061.jpg,lower-body clothes,197,308,428,120,252,55
17717,img/img_00109062.jpg,lower-body clothes,52,55,131,76,170,118
17718,img/img_00109075.jpg,upper-body clothes,288,315,315,0,288,0
17719,img/img_00109086.jpg,upper-body clothes,150,158,202,44,241,91
17720,img/img_00109090.jpg,upper-body clothes,196,119,186,67,281,85
17721,img/img_00109091.jpg,upper-body clothes,151,98,213,115,247,96
17722,img/img_00109108.jpg,upper-body clothes,188,378,378,0,188,0
17723,img/img_00109123.jpg,upper-body clothes,393,331,331,0,393,0
17724,img/img_00109124.jpg,upper-body clothes,294,260,260,0,294,0
17725,img/img_00109125.jpg,upper-body clothes,348,278,278,0,348,0
17726,img/img_00109126.jpg,upper-body clothes,187,321,321,0,187,0
17727,img/img_00109138.jpg,upper-body clothes,174,183,241,58,228,54
17728,img/img_00109145.jpg,upper-body clothes,172,102,312,210,278,106
17729,img/img_00109157.jpg,full-body clothes,354,49,154,105,456,102
17730,img/img_00109163.jpg,full-body clothes,222,113,190,77,300,78
17731,img/img_00109164.jpg,full-body clothes,222,211,211,0,222,0
17732,img/img_00109172.jpg,full-body clothes,336,158,250,92,446,110
17733,img/img_00109173.jpg,full-body clothes,124,234,234,0,124,0
17734,img/img_00109198.jpg,upper-body clothes,382,392,392,0,382,0
17735,img/img_00109202.jpg,upper-body clothes,414,382,414,32,462,48
17736,img/img_00109203.jpg,upper-body clothes,320,391,391,0,320,0
17737,img/img_00109219.jpg,upper-body clothes,304,192,192,0,304,0
17738,img/img_00109220.jpg,upper-body clothes,430,294,408,114,488,58
17739,img/img_00109222.jpg,upper-body clothes,228,191,247,56,375,147
17740,img/img_00109231.jpg,upper-body clothes,289,309,309,0,289,0
17741,img/img_00109233.jpg,upper-body clothes,223,153,217,64,237,14
17742,img/img_00109235.jpg,upper-body clothes,124,220,220,0,124,0
17743,img/img_00109241.jpg,upper-body clothes,169,155,245,90,323,154
17744,img/img_00109243.jpg,upper-body clothes,287,122,122,0,287,0
17745,img/img_00109248.jpg,upper-body clothes,331,209,271,62,483,152
17746,img/img_00109250.jpg,upper-body clothes,187,123,123,0,187,0
17747,img/img_00109273.jpg,lower-body clothes,290,337,437,100,391,101
17748,img/img_00109275.jpg,lower-body clothes,104,122,181,59,297,193
17749,img/img_00109282.jpg,full-body clothes,354,170,170,0,354,0
17750,img/img_00109286.jpg,full-body clothes,255,138,218,80,341,86
17751,img/img_00109288.jpg,full-body clothes,346,196,286,90,443,97
17752,img/img_00109290.jpg,full-body clothes,126,79,79,0,126,0
17753,img/img_00109305.jpg,upper-body clothes,309,292,319,27,362,53
17754,img/img_00109319.jpg,upper-body clothes,155,109,187,78,242,87
17755,img/img_00109321.jpg,upper-body clothes,164,112,183,71,252,88
17756,img/img_00109322.jpg,upper-body clothes,171,138,175,37,266,95
17757,img/img_00109327.jpg,upper-body clothes,308,296,296,0,308,0
17758,img/img_00109335.jpg,upper-body clothes,144,87,209,122,219,75
17759,img/img_00109342.jpg,full-body clothes,158,98,259,161,272,114
17760,img/img_00109346.jpg,full-body clothes,148,78,191,113,269,121
17761,img/img_00109361.jpg,full-body clothes,175,121,226,105,288,113
17762,img/img_00109371.jpg,upper-body clothes,55,179,179,0,55,0
17763,img/img_00109376.jpg,upper-body clothes,459,255,255,0,459,0
17764,img/img_00109385.jpg,full-body clothes,206,101,259,158,274,68
17765,img/img_00109387.jpg,full-body clothes,233,164,287,123,383,150
17766,img/img_00109389.jpg,full-body clothes,244,416,416,0,244,0
17767,img/img_00109392.jpg,full-body clothes,258,45,246,201,416,158
17768,img/img_00109393.jpg,upper-body clothes,162,196,196,0,162,0
17769,img/img_00109395.jpg,upper-body clothes,266,161,257,96,415,149
17770,img/img_00109402.jpg,upper-body clothes,445,260,260,0,445,0
17771,img/img_00109412.jpg,upper-body clothes,191,119,214,95,232,41
17772,img/img_00109416.jpg,upper-body clothes,416,383,440,57,451,35
17773,img/img_00109425.jpg,upper-body clothes,80,139,139,0,80,0
17774,img/img_00109429.jpg,upper-body clothes,181,272,272,0,181,0
17775,img/img_00109439.jpg,upper-body clothes,136,109,310,201,219,83
17776,img/img_00109440.jpg,upper-body clothes,317,206,295,89,454,137
17777,img/img_00109442.jpg,upper-body clothes,128,78,179,101,224,96
17778,img/img_00109444.jpg,upper-body clothes,219,176,217,41,334,115
17779,img/img_00109446.jpg,upper-body clothes,159,113,166,53,239,80
17780,img/img_00109447.jpg,upper-body clothes,244,128,238,110,352,108
17781,img/img_00109451.jpg,upper-body clothes,321,259,347,88,485,164
17782,img/img_00109452.jpg,upper-body clothes,190,108,183,75,312,122
17783,img/img_00109455.jpg,upper-body clothes,252,167,259,92,386,134
17784,img/img_00109465.jpg,full-body clothes,313,308,308,0,313,0
17785,img/img_00109467.jpg,upper-body clothes,90,107,122,15,219,129
17786,img/img_00109477.jpg,upper-body clothes,291,300,364,64,372,81
17787,img/img_00109479.jpg,upper-body clothes,161,98,187,89,290,129
17788,img/img_00109486.jpg,upper-body clothes,439,323,323,0,439,0
17789,img/img_00109487.jpg,upper-body clothes,166,151,258,107,318,152
17790,img/img_00109491.jpg,upper-body clothes,314,71,303,232,480,166
17791,img/img_00109492.jpg,upper-body clothes,225,150,229,79,390,165
17792,img/img_00109498.jpg,full-body clothes,225,53,183,130,281,56
17793,img/img_00109507.jpg,full-body clothes,185,110,230,120,301,116
17794,img/img_00109517.jpg,full-body clothes,476,284,284,0,476,0
17795,img/img_00109540.jpg,full-body clothes,404,193,209,16,492,88
17796,img/img_00109547.jpg,full-body clothes,377,160,256,96,485,108
17797,img/img_00109552.jpg,upper-body clothes,107,160,160,0,107,0
17798,img/img_00109556.jpg,upper-body clothes,56,107,107,0,56,0
17799,img/img_00109570.jpg,upper-body clothes,91,257,257,0,91,0
17800,img/img_00109571.jpg,upper-body clothes,111,172,265,93,208,97
17801,img/img_00109577.jpg,upper-body clothes,164,83,210,127,250,86
17802,img/img_00109586.jpg,full-body clothes,338,149,268,119,444,106
17803,img/img_00109588.jpg,full-body clothes,340,191,296,105,462,122
17804,img/img_00109602.jpg,full-body clothes,217,109,227,118,234,17
17805,img/img_00109604.jpg,full-body clothes,128,98,233,135,171,43
17806,img/img_00109611.jpg,upper-body clothes,144,76,176,100,236,92
17807,img/img_00109615.jpg,upper-body clothes,159,92,154,62,242,83
17808,img/img_00109617.jpg,upper-body clothes,250,64,123,59,392,142
17809,img/img_00109626.jpg,lower-body clothes,223,89,305,216,235,12
17810,img/img_00109627.jpg,lower-body clothes,14,234,234,0,14,0
17811,img/img_00109628.jpg,lower-body clothes,409,31,190,159,421,12
17812,img/img_00109629.jpg,lower-body clothes,404,43,252,209,454,50
17813,img/img_00109631.jpg,lower-body clothes,497,351,351,0,497,0
17814,img/img_00109634.jpg,lower-body clothes,110,184,256,72,443,333
17815,img/img_00109635.jpg,lower-body clothes,70,85,219,134,292,222
17816,img/img_00109646.jpg,upper-body clothes,244,75,240,165,398,154
17817,img/img_00109650.jpg,upper-body clothes,149,103,165,62,214,65
17818,img/img_00109654.jpg,upper-body clothes,84,69,146,77,148,64
17819,img/img_00109658.jpg,upper-body clothes,119,83,161,78,166,47
17820,img/img_00109659.jpg,upper-body clothes,312,149,250,101,436,124
17821,img/img_00109671.jpg,upper-body clothes,108,51,141,90,179,71
17822,img/img_00109674.jpg,upper-body clothes,235,146,250,104,385,150
17823,img/img_00109677.jpg,upper-body clothes,287,100,328,228,424,137
17824,img/img_00109683.jpg,upper-body clothes,139,58,116,58,234,95
17825,img/img_00109685.jpg,upper-body clothes,144,57,209,152,243,99
17826,img/img_00109688.jpg,upper-body clothes,111,54,103,49,178,67
17827,img/img_00109696.jpg,upper-body clothes,183,78,193,115,256,73
17828,img/img_00109704.jpg,upper-body clothes,412,187,275,88,478,66
17829,img/img_00109708.jpg,lower-body clothes,237,460,484,24,251,14
17830,img/img_00109711.jpg,lower-body clothes,107,181,339,158,220,113
17831,img/img_00109713.jpg,lower-body clothes,141,142,216,74,246,105
17832,img/img_00109724.jpg,lower-body clothes,288,198,198,0,288,0
17833,img/img_00109726.jpg,lower-body clothes,278,35,152,117,288,10
17834,img/img_00109730.jpg,lower-body clothes,262,143,232,89,436,174
17835,img/img_00109732.jpg,lower-body clothes,105,157,250,93,425,320
17836,img/img_00109737.jpg,upper-body clothes,70,51,51,0,70,0
17837,img/img_00109738.jpg,upper-body clothes,22,130,130,0,22,0
17838,img/img_00109748.jpg,upper-body clothes,213,63,146,83,348,135
17839,img/img_00109750.jpg,upper-body clothes,240,80,240,160,367,127
17840,img/img_00109758.jpg,full-body clothes,251,146,186,40,327,76
17841,img/img_00109769.jpg,full-body clothes,225,101,173,72,296,71
17842,img/img_00109784.jpg,upper-body clothes,113,96,193,97,196,83
17843,img/img_00109792.jpg,upper-body clothes,201,92,431,339,284,83
17844,img/img_00109795.jpg,upper-body clothes,265,138,273,135,420,155
17845,img/img_00109803.jpg,upper-body clothes,104,186,186,0,104,0
17846,img/img_00109804.jpg,upper-body clothes,102,55,130,75,167,65
17847,img/img_00109812.jpg,upper-body clothes,180,89,200,111,268,88
17848,img/img_00109816.jpg,upper-body clothes,279,111,255,144,397,118
17849,img/img_00109820.jpg,upper-body clothes,154,46,147,101,213,59
17850,img/img_00109836.jpg,upper-body clothes,365,163,264,101,495,130
17851,img/img_00109837.jpg,upper-body clothes,431,170,320,150,460,29
17852,img/img_00109851.jpg,upper-body clothes,168,103,201,98,251,83
17853,img/img_00109857.jpg,upper-body clothes,465,263,263,0,465,0
17854,img/img_00109860.jpg,upper-body clothes,145,64,141,77,204,59
17855,img/img_00109868.jpg,upper-body clothes,391,367,367,0,391,0
17856,img/img_00109872.jpg,upper-body clothes,151,389,389,0,151,0
17857,img/img_00109883.jpg,upper-body clothes,331,123,212,89,470,139
17858,img/img_00109888.jpg,upper-body clothes,242,176,343,167,375,133
17859,img/img_00109912.jpg,upper-body clothes,159,102,141,39,239,80
17860,img/img_00109916.jpg,upper-body clothes,150,110,207,97,227,77
17861,img/img_00109933.jpg,upper-body clothes,168,120,242,122,320,152
17862,img/img_00109939.jpg,upper-body clothes,209,92,182,90,326,117
17863,img/img_00109945.jpg,upper-body clothes,273,102,222,120,363,90
17864,img/img_00109946.jpg,upper-body clothes,177,125,243,118,330,153
17865,img/img_00109948.jpg,upper-body clothes,261,56,63,7,407,146
17866,img/img_00109950.jpg,upper-body clothes,242,78,176,98,384,142
17867,img/img_00109951.jpg,upper-body clothes,171,119,211,92,273,102
17868,img/img_00109952.jpg,upper-body clothes,188,106,213,107,266,78
17869,img/img_00109958.jpg,upper-body clothes,153,101,166,65,220,67
17870,img/img_00109970.jpg,upper-body clothes,329,110,238,128,449,120
17871,img/img_00109971.jpg,upper-body clothes,277,165,269,104,410,133
17872,img/img_00109974.jpg,upper-body clothes,292,196,290,94,362,70
17873,img/img_00109982.jpg,upper-body clothes,456,422,422,0,456,0
17874,img/img_00109989.jpg,upper-body clothes,446,306,306,0,446,0
17875,img/img_00109994.jpg,upper-body clothes,336,334,334,0,336,0
17876,img/img_00110002.jpg,full-body clothes,403,85,255,170,457,54
17877,img/img_00110024.jpg,full-body clothes,277,76,76,0,277,0
17878,img/img_00110034.jpg,full-body clothes,267,267,267,0,267,0
17879,img/img_00110038.jpg,upper-body clothes,499,363,363,0,499,0
17880,img/img_00110071.jpg,upper-body clothes,245,46,141,95,416,171
17881,img/img_00110073.jpg,upper-body clothes,149,240,240,0,149,0
17882,img/img_00110087.jpg,full-body clothes,334,111,283,172,460,126
17883,img/img_00110096.jpg,full-body clothes,327,158,300,142,451,124
17884,img/img_00110103.jpg,full-body clothes,335,187,260,73,457,122
17885,img/img_00110110.jpg,full-body clothes,276,117,219,102,395,119
17886,img/img_00110121.jpg,lower-body clothes,128,147,235,88,421,293
17887,img/img_00110122.jpg,lower-body clothes,70,95,232,137,258,188
17888,img/img_00110124.jpg,lower-body clothes,120,135,206,71,436,316
17889,img/img_00110133.jpg,full-body clothes,159,461,461,0,159,0
17890,img/img_00110154.jpg,full-body clothes,373,122,208,86,449,76
17891,img/img_00110158.jpg,full-body clothes,276,115,132,17,339,63
17892,img/img_00110168.jpg,full-body clothes,290,287,287,0,290,0
17893,img/img_00110177.jpg,upper-body clothes,310,203,203,0,310,0
17894,img/img_00110179.jpg,upper-body clothes,205,140,198,58,336,131
17895,img/img_00110185.jpg,upper-body clothes,112,99,152,53,191,79
17896,img/img_00110189.jpg,upper-body clothes,210,381,381,0,210,0
17897,img/img_00110191.jpg,upper-body clothes,221,172,244,72,332,111
17898,img/img_00110197.jpg,full-body clothes,286,173,285,112,436,150
17899,img/img_00110212.jpg,full-body clothes,99,62,196,134,138,39
17900,img/img_00110229.jpg,upper-body clothes,257,171,255,84,394,137
17901,img/img_00110248.jpg,upper-body clothes,258,174,274,100,399,141
17902,img/img_00110261.jpg,upper-body clothes,185,111,201,90,260,75
17903,img/img_00110268.jpg,full-body clothes,292,127,247,120,373,81
17904,img/img_00110273.jpg,full-body clothes,390,161,271,110,481,91
17905,img/img_00110287.jpg,full-body clothes,256,84,196,112,334,78
17906,img/img_00110289.jpg,full-body clothes,159,43,123,80,211,52
17907,img/img_00110291.jpg,full-body clothes,300,214,278,64,445,145
17908,img/img_00110303.jpg,upper-body clothes,158,146,146,0,158,0
17909,img/img_00110316.jpg,full-body clothes,286,300,300,0,286,0
17910,img/img_00110320.jpg,full-body clothes,267,93,192,99,330,63
17911,img/img_00110323.jpg,full-body clothes,177,90,153,63,255,78
17912,img/img_00110328.jpg,full-body clothes,299,111,174,63,399,100
17913,img/img_00110331.jpg,full-body clothes,334,139,226,87,452,118
17914,img/img_00110332.jpg,full-body clothes,215,74,123,49,298,83
17915,img/img_00110335.jpg,upper-body clothes,184,96,163,67,208,24
17916,img/img_00110336.jpg,upper-body clothes,334,177,254,77,475,141
17917,img/img_00110337.jpg,upper-body clothes,306,64,206,142,444,138
17918,img/img_00110346.jpg,upper-body clothes,363,202,260,58,488,125
17919,img/img_00110349.jpg,upper-body clothes,168,111,313,202,270,102
17920,img/img_00110353.jpg,upper-body clothes,222,192,232,40,249,27
17921,img/img_00110355.jpg,upper-body clothes,490,303,438,135,510,20
17922,img/img_00110365.jpg,upper-body clothes,327,93,202,109,461,134
17923,img/img_00110369.jpg,upper-body clothes,287,171,243,72,443,156
17924,img/img_00110372.jpg,upper-body clothes,388,152,191,39,449,61
17925,img/img_00110376.jpg,upper-body clothes,100,91,163,72,200,100
17926,img/img_00110379.jpg,upper-body clothes,158,152,152,0,158,0
17927,img/img_00110381.jpg,upper-body clothes,213,173,265,92,393,180
17928,img/img_00110384.jpg,upper-body clothes,105,79,114,35,190,85
17929,img/img_00110388.jpg,upper-body clothes,192,130,224,94,264,72
17930,img/img_00110400.jpg,upper-body clothes,351,359,359,0,351,0
17931,img/img_00110402.jpg,upper-body clothes,243,94,180,86,317,74
17932,img/img_00110414.jpg,upper-body clothes,183,114,211,97,277,94
17933,img/img_00110421.jpg,upper-body clothes,154,27,183,156,239,85
17934,img/img_00110422.jpg,upper-body clothes,146,81,140,59,212,66
17935,img/img_00110424.jpg,full-body clothes,234,122,246,124,304,70
17936,img/img_00110426.jpg,full-body clothes,276,91,191,100,346,70
17937,img/img_00110433.jpg,full-body clothes,291,168,268,100,415,124
17938,img/img_00110438.jpg,full-body clothes,250,154,216,62,325,75
17939,img/img_00110443.jpg,full-body clothes,223,169,169,0,223,0
17940,img/img_00110459.jpg,upper-body clothes,241,135,205,70,270,29
17941,img/img_00110468.jpg,upper-body clothes,182,107,154,47,219,37
17942,img/img_00110471.jpg,upper-body clothes,292,213,213,0,292,0
17943,img/img_00110472.jpg,upper-body clothes,352,94,311,217,476,124
17944,img/img_00110477.jpg,upper-body clothes,305,90,207,117,461,156
17945,img/img_00110481.jpg,upper-body clothes,152,113,211,98,261,109
17946,img/img_00110491.jpg,upper-body clothes,73,52,132,80,132,59
17947,img/img_00110492.jpg,upper-body clothes,304,213,234,21,450,146
17948,img/img_00110504.jpg,upper-body clothes,268,143,243,100,387,119
17949,img/img_00110512.jpg,upper-body clothes,306,181,227,46,440,134
17950,img/img_00110517.jpg,upper-body clothes,294,179,247,68,418,124
17951,img/img_00110524.jpg,upper-body clothes,278,88,172,84,403,125
17952,img/img_00110525.jpg,upper-body clothes,310,76,187,111,446,136
17953,img/img_00110527.jpg,upper-body clothes,431,192,314,122,461,30
17954,img/img_00110531.jpg,upper-body clothes,291,150,254,104,401,110
17955,img/img_00110533.jpg,upper-body clothes,299,171,253,82,430,131
17956,img/img_00110539.jpg,upper-body clothes,214,125,241,116,323,109
17957,img/img_00110541.jpg,upper-body clothes,209,93,137,44,304,95
17958,img/img_00110546.jpg,upper-body clothes,241,197,275,78,396,155
17959,img/img_00110561.jpg,upper-body clothes,337,216,216,0,337,0
17960,img/img_00110569.jpg,upper-body clothes,339,141,276,135,449,110
17961,img/img_00110578.jpg,upper-body clothes,268,239,336,97,422,154
17962,img/img_00110579.jpg,upper-body clothes,222,81,231,150,363,141
17963,img/img_00110580.jpg,upper-body clothes,315,190,250,60,454,139
17964,img/img_00110597.jpg,upper-body clothes,279,187,290,103,413,134
17965,img/img_00110598.jpg,upper-body clothes,132,259,259,0,132,0
17966,img/img_00110606.jpg,upper-body clothes,289,145,145,0,289,0
17967,img/img_00110616.jpg,upper-body clothes,130,105,207,102,239,109
17968,img/img_00110618.jpg,upper-body clothes,353,139,220,81,470,117
17969,img/img_00110623.jpg,upper-body clothes,243,125,233,108,405,162
17970,img/img_00110626.jpg,upper-body clothes,238,15,176,161,405,167
17971,img/img_00110627.jpg,upper-body clothes,192,122,227,105,315,123
17972,img/img_00110634.jpg,upper-body clothes,165,93,167,74,232,67
17973,img/img_00110639.jpg,full-body clothes,379,75,226,151,455,76
17974,img/img_00110645.jpg,full-body clothes,240,86,199,113,287,47
17975,img/img_00110646.jpg,full-body clothes,375,95,227,132,473,98
17976,img/img_00110647.jpg,full-body clothes,396,133,230,97,482,86
17977,img/img_00110654.jpg,full-body clothes,405,98,252,154,490,85
17978,img/img_00110655.jpg,full-body clothes,365,138,221,83,452,87
17979,img/img_00110668.jpg,upper-body clothes,310,152,283,131,456,146
17980,img/img_00110673.jpg,upper-body clothes,393,201,201,0,393,0
17981,img/img_00110682.jpg,upper-body clothes,276,55,158,103,362,86
17982,img/img_00110684.jpg,upper-body clothes,183,68,180,112,224,41
17983,img/img_00110690.jpg,upper-body clothes,415,246,246,0,415,0
17984,img/img_00110691.jpg,upper-body clothes,252,88,235,147,350,98
17985,img/img_00110692.jpg,upper-body clothes,106,33,122,89,152,46
17986,img/img_00110698.jpg,upper-body clothes,286,114,220,106,401,115
17987,img/img_00110703.jpg,upper-body clothes,274,68,260,192,366,92
17988,img/img_00110713.jpg,upper-body clothes,470,317,317,0,470,0
17989,img/img_00110727.jpg,upper-body clothes,209,117,272,155,336,127
17990,img/img_00110728.jpg,upper-body clothes,128,52,301,249,225,97
17991,img/img_00110734.jpg,upper-body clothes,171,104,139,35,247,76
17992,img/img_00110737.jpg,upper-body clothes,290,123,256,133,461,171
17993,img/img_00110745.jpg,upper-body clothes,248,143,242,99,358,110
17994,img/img_00110747.jpg,upper-body clothes,486,357,417,60,499,13
17995,img/img_00110748.jpg,upper-body clothes,439,371,371,0,439,0
17996,img/img_00110749.jpg,upper-body clothes,266,389,389,0,266,0
17997,img/img_00110766.jpg,upper-body clothes,274,115,198,83,308,34
17998,img/img_00110796.jpg,full-body clothes,363,95,242,147,464,101
17999,img/img_00110799.jpg,full-body clothes,123,96,172,76,168,45
18000,img/img_00110812.jpg,upper-body clothes,271,99,165,66,386,115
18001,img/img_00110821.jpg,upper-body clothes,96,165,165,0,96,0
18002,img/img_00110829.jpg,upper-body clothes,139,62,144,82,199,60
18003,img/img_00110830.jpg,upper-body clothes,417,299,315,16,464,47
18004,img/img_00110842.jpg,full-body clothes,353,206,259,53,474,121
18005,img/img_00110858.jpg,full-body clothes,275,124,258,134,352,77
18006,img/img_00110863.jpg,full-body clothes,299,124,249,125,367,68
18007,img/img_00110879.jpg,upper-body clothes,181,110,207,97,249,68
18008,img/img_00110890.jpg,upper-body clothes,220,413,413,0,220,0
18009,img/img_00110891.jpg,upper-body clothes,1,1,1,0,1,0
18010,img/img_00110898.jpg,upper-body clothes,67,267,267,0,67,0
18011,img/img_00110900.jpg,upper-body clothes,14,126,126,0,14,0
18012,img/img_00110902.jpg,upper-body clothes,14,126,126,0,14,0
18013,img/img_00110905.jpg,upper-body clothes,362,302,302,0,362,0
18014,img/img_00110909.jpg,upper-body clothes,179,34,178,144,219,40
18015,img/img_00110913.jpg,upper-body clothes,161,95,142,47,230,69
18016,img/img_00110917.jpg,full-body clothes,315,148,278,130,427,112
18017,img/img_00110925.jpg,full-body clothes,357,146,248,102,489,132
18018,img/img_00110926.jpg,full-body clothes,325,217,341,124,466,141
18019,img/img_00110936.jpg,full-body clothes,318,49,157,108,445,127
18020,img/img_00110939.jpg,full-body clothes,298,32,159,127,415,117
18021,img/img_00110951.jpg,lower-body clothes,48,467,467,0,48,0
18022,img/img_00110960.jpg,full-body clothes,191,138,228,90,274,83
18023,img/img_00110970.jpg,upper-body clothes,261,43,219,176,370,109
18024,img/img_00110973.jpg,upper-body clothes,173,37,100,63,261,88
18025,img/img_00110985.jpg,upper-body clothes,280,34,172,138,397,117
18026,img/img_00110993.jpg,full-body clothes,168,82,143,61,228,60
18027,img/img_00111009.jpg,full-body clothes,176,108,186,78,273,97
18028,img/img_00111010.jpg,full-body clothes,203,261,261,0,203,0
18029,img/img_00111024.jpg,full-body clothes,322,86,205,119,447,125
18030,img/img_00111030.jpg,full-body clothes,181,69,152,83,240,59
18031,img/img_00111039.jpg,lower-body clothes,120,174,262,88,400,280
18032,img/img_00111045.jpg,upper-body clothes,205,107,200,93,280,75
18033,img/img_00111046.jpg,upper-body clothes,252,206,287,81,367,115
18034,img/img_00111047.jpg,upper-body clothes,320,187,270,83,458,138
18035,img/img_00111055.jpg,upper-body clothes,166,76,172,96,248,82
18036,img/img_00111058.jpg,full-body clothes,208,119,180,61,301,93
18037,img/img_00111059.jpg,full-body clothes,307,187,268,81,431,124
18038,img/img_00111063.jpg,full-body clothes,499,223,223,0,499,0
18039,img/img_00111067.jpg,full-body clothes,117,55,110,55,154,37
18040,img/img_00111071.jpg,upper-body clothes,309,77,195,118,454,145
18041,img/img_00111073.jpg,upper-body clothes,100,93,177,84,173,73
18042,img/img_00111075.jpg,upper-body clothes,159,103,203,100,232,73
18043,img/img_00111086.jpg,full-body clothes,333,197,319,122,451,118
18044,img/img_00111090.jpg,lower-body clothes,36,379,379,0,36,0
18045,img/img_00111092.jpg,lower-body clothes,357,187,317,130,386,29
18046,img/img_00111098.jpg,lower-body clothes,419,193,289,96,422,3
18047,img/img_00111114.jpg,lower-body clothes,111,205,281,76,420,309
18048,img/img_00111117.jpg,lower-body clothes,111,155,253,98,420,309
18049,img/img_00111122.jpg,lower-body clothes,77,86,150,64,217,140
18050,img/img_00111126.jpg,full-body clothes,221,221,221,0,221,0
18051,img/img_00111127.jpg,full-body clothes,198,96,246,150,288,90
18052,img/img_00111158.jpg,lower-body clothes,281,99,215,116,450,169
18053,img/img_00111168.jpg,lower-body clothes,229,276,276,0,229,0
18054,img/img_00111170.jpg,full-body clothes,214,119,217,98,283,69
18055,img/img_00111178.jpg,full-body clothes,143,95,155,60,210,67
18056,img/img_00111183.jpg,full-body clothes,205,81,145,64,265,60
18057,img/img_00111190.jpg,upper-body clothes,168,55,164,109,255,87
18058,img/img_00111197.jpg,full-body clothes,216,108,145,37,301,85
18059,img/img_00111209.jpg,full-body clothes,235,256,256,0,235,0
18060,img/img_00111213.jpg,full-body clothes,243,78,191,113,291,48
18061,img/img_00111214.jpg,full-body clothes,213,74,189,115,281,68
18062,img/img_00111219.jpg,full-body clothes,141,217,217,0,141,0
18063,img/img_00111225.jpg,full-body clothes,309,173,243,70,387,78
18064,img/img_00111227.jpg,full-body clothes,336,297,297,0,336,0
18065,img/img_00111236.jpg,full-body clothes,347,63,217,154,440,93
18066,img/img_00111238.jpg,full-body clothes,289,126,259,133,374,85
18067,img/img_00111247.jpg,full-body clothes,198,101,219,118,254,56
18068,img/img_00111258.jpg,lower-body clothes,358,183,339,156,378,20
18069,img/img_00111259.jpg,lower-body clothes,34,44,95,51,101,67
18070,img/img_00111263.jpg,lower-body clothes,292,62,182,120,295,3
18071,img/img_00111280.jpg,lower-body clothes,365,133,220,87,391,26
18072,img/img_00111282.jpg,lower-body clothes,445,129,308,179,468,23
18073,img/img_00111288.jpg,full-body clothes,234,58,148,90,293,59
18074,img/img_00111312.jpg,full-body clothes,165,137,316,179,306,141
18075,img/img_00111320.jpg,full-body clothes,164,110,174,64,294,130
18076,img/img_00111325.jpg,full-body clothes,258,123,200,77,333,75
18077,img/img_00111327.jpg,full-body clothes,127,49,185,136,185,58
18078,img/img_00111334.jpg,full-body clothes,169,67,187,120,214,45
18079,img/img_00111342.jpg,upper-body clothes,261,30,202,172,401,140
18080,img/img_00111353.jpg,lower-body clothes,102,116,183,67,265,163
18081,img/img_00111359.jpg,lower-body clothes,114,163,163,0,114,0
18082,img/img_00111370.jpg,lower-body clothes,94,62,162,100,224,130
18083,img/img_00111403.jpg,upper-body clothes,141,73,142,69,215,74
18084,img/img_00111411.jpg,upper-body clothes,110,346,346,0,110,0
18085,img/img_00111418.jpg,lower-body clothes,130,181,282,101,430,300
18086,img/img_00111419.jpg,lower-body clothes,38,58,174,116,146,108
18087,img/img_00111422.jpg,lower-body clothes,149,140,250,110,500,351
18088,img/img_00111423.jpg,lower-body clothes,125,184,303,119,440,315
18089,img/img_00111426.jpg,lower-body clothes,103,152,246,94,386,283
18090,img/img_00111427.jpg,lower-body clothes,61,84,225,141,182,121
18091,img/img_00111440.jpg,full-body clothes,228,137,189,52,313,85
18092,img/img_00111441.jpg,upper-body clothes,226,129,293,164,386,160
18093,img/img_00111448.jpg,upper-body clothes,149,79,188,109,246,97
18094,img/img_00111452.jpg,full-body clothes,352,109,205,96,436,84
18095,img/img_00111453.jpg,full-body clothes,393,137,219,82,477,84
18096,img/img_00111455.jpg,full-body clothes,185,104,215,111,269,84
18097,img/img_00111457.jpg,full-body clothes,236,58,150,92,293,57
18098,img/img_00111464.jpg,full-body clothes,249,127,217,90,334,85
18099,img/img_00111465.jpg,full-body clothes,313,181,181,0,313,0
18100,img/img_00111468.jpg,full-body clothes,384,85,221,136,468,84
18101,img/img_00111480.jpg,lower-body clothes,98,135,199,64,372,274
18102,img/img_00111494.jpg,lower-body clothes,171,167,354,187,342,171
18103,img/img_00111508.jpg,upper-body clothes,125,87,130,43,214,89
18104,img/img_00111513.jpg,lower-body clothes,57,98,201,103,260,203
18105,img/img_00111516.jpg,lower-body clothes,58,92,141,49,217,159
18106,img/img_00111519.jpg,lower-body clothes,63,93,185,92,240,177
18107,img/img_00111534.jpg,lower-body clothes,144,178,266,88,479,335
18108,img/img_00111537.jpg,full-body clothes,499,355,355,0,499,0
18109,img/img_00111540.jpg,full-body clothes,189,140,226,86,257,68
18110,img/img_00111542.jpg,full-body clothes,467,280,280,0,467,0
18111,img/img_00111544.jpg,full-body clothes,89,137,137,0,89,0
18112,img/img_00111548.jpg,full-body clothes,87,207,207,0,87,0
18113,img/img_00111549.jpg,full-body clothes,240,425,425,0,240,0
18114,img/img_00111556.jpg,full-body clothes,198,178,178,0,198,0
18115,img/img_00111557.jpg,full-body clothes,440,242,290,48,482,42
18116,img/img_00111570.jpg,upper-body clothes,135,35,74,39,186,51
18117,img/img_00111572.jpg,upper-body clothes,129,87,110,23,173,44
18118,img/img_00111581.jpg,upper-body clothes,141,198,198,0,141,0
18119,img/img_00111592.jpg,upper-body clothes,246,117,283,166,361,115
18120,img/img_00111596.jpg,upper-body clothes,88,62,126,64,158,70
18121,img/img_00111606.jpg,full-body clothes,199,51,130,79,237,38
18122,img/img_00111607.jpg,full-body clothes,412,112,168,56,494,82
18123,img/img_00111609.jpg,full-body clothes,209,62,123,61,251,42
18124,img/img_00111629.jpg,upper-body clothes,257,172,261,89,344,87
18125,img/img_00111645.jpg,upper-body clothes,231,174,244,70,433,202
18126,img/img_00111648.jpg,upper-body clothes,352,233,296,63,479,127
18127,img/img_00111658.jpg,upper-body clothes,338,200,262,62,451,113
18128,img/img_00111659.jpg,upper-body clothes,262,60,146,86,379,117
18129,img/img_00111665.jpg,lower-body clothes,120,147,247,100,193,73
18130,img/img_00111668.jpg,lower-body clothes,351,293,293,0,351,0
18131,img/img_00111671.jpg,lower-body clothes,260,99,165,66,464,204
18132,img/img_00111678.jpg,lower-body clothes,307,281,281,0,307,0
18133,img/img_00111690.jpg,upper-body clothes,112,92,143,51,178,66
18134,img/img_00111693.jpg,lower-body clothes,212,94,180,86,449,237
18135,img/img_00111701.jpg,lower-body clothes,96,193,264,71,462,366
18136,img/img_00111707.jpg,lower-body clothes,254,82,243,161,463,209
18137,img/img_00111728.jpg,upper-body clothes,496,311,311,0,496,0
18138,img/img_00111731.jpg,upper-body clothes,182,258,258,0,182,0
18139,img/img_00111732.jpg,upper-body clothes,307,273,273,0,307,0
18140,img/img_00111757.jpg,upper-body clothes,308,62,198,136,436,128
18141,img/img_00111765.jpg,upper-body clothes,135,66,197,131,238,103
18142,img/img_00111768.jpg,upper-body clothes,238,133,273,140,385,147
18143,img/img_00111770.jpg,upper-body clothes,272,156,156,0,272,0
18144,img/img_00111771.jpg,upper-body clothes,265,249,249,0,265,0
18145,img/img_00111772.jpg,upper-body clothes,184,107,206,99,215,31
18146,img/img_00111777.jpg,upper-body clothes,241,135,365,230,373,132
18147,img/img_00111778.jpg,upper-body clothes,245,352,352,0,245,0
18148,img/img_00111799.jpg,upper-body clothes,126,91,211,120,220,94
18149,img/img_00111813.jpg,upper-body clothes,153,66,129,63,193,40
18150,img/img_00111815.jpg,upper-body clothes,172,81,154,73,235,63
18151,img/img_00111819.jpg,upper-body clothes,186,38,153,115,269,83
18152,img/img_00111827.jpg,upper-body clothes,331,360,360,0,331,0
18153,img/img_00111831.jpg,upper-body clothes,195,39,173,134,353,158
18154,img/img_00111833.jpg,upper-body clothes,264,83,213,130,389,125
18155,img/img_00111834.jpg,upper-body clothes,153,68,201,133,315,162
18156,img/img_00111835.jpg,upper-body clothes,218,121,275,154,330,112
18157,img/img_00111846.jpg,upper-body clothes,394,225,481,256,431,37
18158,img/img_00111850.jpg,upper-body clothes,275,57,215,158,408,133
18159,img/img_00111856.jpg,upper-body clothes,124,50,139,89,193,69
18160,img/img_00111858.jpg,upper-body clothes,239,52,142,90,347,108
18161,img/img_00111863.jpg,upper-body clothes,265,192,192,0,265,0
18162,img/img_00111865.jpg,upper-body clothes,355,435,435,0,355,0
18163,img/img_00111873.jpg,upper-body clothes,212,123,209,86,290,78
18164,img/img_00111878.jpg,upper-body clothes,170,106,200,94,271,101
18165,img/img_00111890.jpg,upper-body clothes,486,134,134,0,486,0
18166,img/img_00111894.jpg,upper-body clothes,115,33,61,28,167,52
18167,img/img_00111904.jpg,upper-body clothes,225,163,277,114,391,166
18168,img/img_00111932.jpg,upper-body clothes,126,99,99,0,126,0
18169,img/img_00111934.jpg,upper-body clothes,45,112,112,0,45,0
18170,img/img_00111936.jpg,upper-body clothes,268,220,220,0,268,0
18171,img/img_00111938.jpg,upper-body clothes,120,142,142,0,120,0
18172,img/img_00111942.jpg,upper-body clothes,137,135,172,37,235,98
18173,img/img_00111945.jpg,upper-body clothes,404,345,398,53,461,57
18174,img/img_00111952.jpg,full-body clothes,342,63,244,181,467,125
18175,img/img_00111958.jpg,full-body clothes,337,157,214,57,453,116
18176,img/img_00111960.jpg,full-body clothes,224,141,176,35,311,87
18177,img/img_00111963.jpg,full-body clothes,342,178,245,67,469,127
18178,img/img_00111968.jpg,full-body clothes,342,36,190,154,451,109
18179,img/img_00111973.jpg,full-body clothes,250,128,262,134,373,123
18180,img/img_00111980.jpg,full-body clothes,117,73,124,51,156,39
18181,img/img_00111984.jpg,full-body clothes,350,142,274,132,451,101
18182,img/img_00111989.jpg,full-body clothes,217,104,220,116,299,82
18183,img/img_00111995.jpg,full-body clothes,354,185,265,80,423,69
18184,img/img_00111998.jpg,lower-body clothes,187,165,258,93,458,271
18185,img/img_00112002.jpg,lower-body clothes,264,167,167,0,264,0
18186,img/img_00112016.jpg,full-body clothes,357,151,259,108,484,127
18187,img/img_00112020.jpg,full-body clothes,107,216,216,0,107,0
18188,img/img_00112022.jpg,full-body clothes,327,326,326,0,327,0
18189,img/img_00112035.jpg,full-body clothes,448,253,253,0,448,0
18190,img/img_00112046.jpg,full-body clothes,194,130,130,0,194,0
18191,img/img_00112047.jpg,full-body clothes,211,121,218,97,292,81
18192,img/img_00112057.jpg,full-body clothes,204,91,220,129,293,89
18193,img/img_00112062.jpg,full-body clothes,177,82,143,61,231,54
18194,img/img_00112070.jpg,upper-body clothes,119,74,216,142,207,88
18195,img/img_00112079.jpg,upper-body clothes,86,217,217,0,86,0
18196,img/img_00112082.jpg,upper-body clothes,110,232,232,0,110,0
18197,img/img_00112086.jpg,upper-body clothes,98,380,380,0,98,0
18198,img/img_00112088.jpg,upper-body clothes,65,340,340,0,65,0
18199,img/img_00112095.jpg,lower-body clothes,108,127,280,153,419,311
18200,img/img_00112096.jpg,lower-body clothes,208,3,3,0,208,0
18201,img/img_00112099.jpg,lower-body clothes,34,45,106,61,137,103
18202,img/img_00112102.jpg,lower-body clothes,28,34,156,122,145,117
18203,img/img_00112128.jpg,full-body clothes,427,91,135,44,483,56
18204,img/img_00112136.jpg,full-body clothes,298,299,299,0,298,0
18205,img/img_00112137.jpg,full-body clothes,194,46,148,102,285,91
18206,img/img_00112151.jpg,full-body clothes,184,68,127,59,233,49
18207,img/img_00112157.jpg,full-body clothes,378,84,211,127,463,85
18208,img/img_00112167.jpg,upper-body clothes,343,111,196,85,422,79
18209,img/img_00112169.jpg,upper-body clothes,211,67,223,156,278,67
18210,img/img_00112171.jpg,upper-body clothes,226,70,229,159,308,82
18211,img/img_00112178.jpg,lower-body clothes,82,73,176,103,233,151
18212,img/img_00112179.jpg,lower-body clothes,112,94,168,74,273,161
18213,img/img_00112180.jpg,lower-body clothes,450,282,306,24,480,30
18214,img/img_00112182.jpg,upper-body clothes,284,200,275,75,439,155
18215,img/img_00112188.jpg,upper-body clothes,235,139,248,109,346,111
18216,img/img_00112195.jpg,upper-body clothes,176,136,217,81,248,72
18217,img/img_00112206.jpg,full-body clothes,235,96,168,72,330,95
18218,img/img_00112208.jpg,full-body clothes,82,70,70,0,82,0
18219,img/img_00112217.jpg,full-body clothes,155,77,154,77,213,58
18220,img/img_00112220.jpg,full-body clothes,301,150,466,316,317,16
18221,img/img_00112223.jpg,full-body clothes,384,122,209,87,472,88
18222,img/img_00112235.jpg,lower-body clothes,59,95,186,91,237,178
18223,img/img_00112239.jpg,lower-body clothes,83,160,230,70,424,341
18224,img/img_00112240.jpg,lower-body clothes,89,146,272,126,414,325
18225,img/img_00112241.jpg,lower-body clothes,352,334,334,0,352,0
18226,img/img_00112246.jpg,lower-body clothes,144,186,301,115,489,345
18227,img/img_00112252.jpg,upper-body clothes,336,88,256,168,457,121
18228,img/img_00112255.jpg,upper-body clothes,355,211,211,0,355,0
18229,img/img_00112260.jpg,upper-body clothes,205,216,216,0,205,0
18230,img/img_00112261.jpg,upper-body clothes,309,267,498,231,406,97
18231,img/img_00112262.jpg,upper-body clothes,225,312,312,0,225,0
18232,img/img_00112264.jpg,upper-body clothes,284,442,442,0,284,0
18233,img/img_00112265.jpg,upper-body clothes,149,151,337,186,166,17
18234,img/img_00112267.jpg,upper-body clothes,7,112,112,0,7,0
18235,img/img_00112269.jpg,upper-body clothes,185,182,227,45,354,169
18236,img/img_00112281.jpg,full-body clothes,425,127,233,106,500,75
18237,img/img_00112282.jpg,full-body clothes,415,103,230,127,496,81
18238,img/img_00112287.jpg,full-body clothes,114,77,77,0,114,0
18239,img/img_00112294.jpg,full-body clothes,411,73,211,138,495,84
18240,img/img_00112296.jpg,full-body clothes,394,112,226,114,484,90
18241,img/img_00112298.jpg,full-body clothes,290,98,199,101,292,2
18242,img/img_00112305.jpg,lower-body clothes,397,341,411,70,438,41
18243,img/img_00112308.jpg,lower-body clothes,1,1,1,0,1,0
18244,img/img_00112326.jpg,full-body clothes,237,168,217,49,323,86
18245,img/img_00112334.jpg,full-body clothes,202,131,228,97,309,107
18246,img/img_00112343.jpg,upper-body clothes,124,80,204,124,201,77
18247,img/img_00112350.jpg,upper-body clothes,247,110,216,106,374,127
18248,img/img_00112351.jpg,upper-body clothes,326,101,332,231,483,157
18249,img/img_00112353.jpg,upper-body clothes,192,103,210,107,287,95
18250,img/img_00112354.jpg,upper-body clothes,118,37,137,100,178,60
18251,img/img_00112357.jpg,upper-body clothes,119,102,189,87,214,95
18252,img/img_00112361.jpg,upper-body clothes,317,174,306,132,476,159
18253,img/img_00112374.jpg,full-body clothes,356,200,259,59,458,102
18254,img/img_00112383.jpg,full-body clothes,120,222,222,0,120,0
18255,img/img_00112384.jpg,full-body clothes,369,79,212,133,474,105
18256,img/img_00112388.jpg,full-body clothes,210,75,204,129,256,46
18257,img/img_00112394.jpg,full-body clothes,247,142,242,100,337,90
18258,img/img_00112398.jpg,full-body clothes,329,174,266,92,468,139
18259,img/img_00112400.jpg,full-body clothes,212,112,213,101,299,87
18260,img/img_00112408.jpg,full-body clothes,274,118,233,115,362,88
18261,img/img_00112414.jpg,full-body clothes,293,145,202,57,386,93
18262,img/img_00112416.jpg,full-body clothes,240,42,198,156,309,69
18263,img/img_00112420.jpg,lower-body clothes,164,149,289,140,172,8
18264,img/img_00112428.jpg,lower-body clothes,386,283,388,105,445,59
18265,img/img_00112433.jpg,lower-body clothes,58,22,61,39,106,48
18266,img/img_00112435.jpg,lower-body clothes,105,78,239,161,306,201
18267,img/img_00112441.jpg,full-body clothes,348,108,242,134,428,80
18268,img/img_00112445.jpg,full-body clothes,234,51,97,46,302,68
18269,img/img_00112446.jpg,full-body clothes,333,104,246,142,464,131
18270,img/img_00112448.jpg,full-body clothes,282,265,265,0,282,0
18271,img/img_00112449.jpg,full-body clothes,207,101,183,82,311,104
18272,img/img_00112458.jpg,full-body clothes,290,127,232,105,390,100
18273,img/img_00112461.jpg,full-body clothes,268,128,178,50,340,72
18274,img/img_00112479.jpg,full-body clothes,195,83,199,116,298,103
18275,img/img_00112482.jpg,full-body clothes,383,163,237,74,463,80
18276,img/img_00112490.jpg,full-body clothes,393,84,235,151,477,84
18277,img/img_00112497.jpg,full-body clothes,319,84,194,110,381,62
18278,img/img_00112500.jpg,full-body clothes,414,111,240,129,496,82
18279,img/img_00112504.jpg,full-body clothes,235,32,170,138,285,50
18280,img/img_00112506.jpg,full-body clothes,416,86,264,178,492,76
18281,img/img_00112520.jpg,full-body clothes,352,248,248,0,352,0
18282,img/img_00112523.jpg,full-body clothes,331,176,267,91,466,135
18283,img/img_00112529.jpg,full-body clothes,123,76,176,100,321,198
18284,img/img_00112531.jpg,full-body clothes,408,138,256,118,497,89
18285,img/img_00112532.jpg,full-body clothes,344,114,292,178,429,85
18286,img/img_00112540.jpg,full-body clothes,367,90,227,137,456,89
18287,img/img_00112543.jpg,full-body clothes,328,91,191,100,433,105
18288,img/img_00112545.jpg,full-body clothes,197,91,310,219,273,76
18289,img/img_00112554.jpg,full-body clothes,372,47,231,184,462,90
18290,img/img_00112561.jpg,full-body clothes,336,107,228,121,481,145
18291,img/img_00112567.jpg,full-body clothes,313,417,417,0,313,0
18292,img/img_00112573.jpg,full-body clothes,403,188,292,104,484,81
18293,img/img_00112575.jpg,full-body clothes,373,108,218,110,475,102
18294,img/img_00112576.jpg,full-body clothes,360,367,367,0,360,0
18295,img/img_00112592.jpg,lower-body clothes,253,163,163,0,253,0
18296,img/img_00112600.jpg,lower-body clothes,188,68,134,66,192,4
18297,img/img_00112616.jpg,full-body clothes,374,38,269,231,472,98
18298,img/img_00112625.jpg,full-body clothes,226,74,463,389,261,35
18299,img/img_00112627.jpg,full-body clothes,237,210,210,0,237,0
18300,img/img_00112634.jpg,lower-body clothes,234,56,101,45,379,145
18301,img/img_00112636.jpg,lower-body clothes,225,121,175,54,320,95
18302,img/img_00112641.jpg,lower-body clothes,34,266,266,0,34,0
18303,img/img_00112644.jpg,lower-body clothes,269,54,148,94,471,202
18304,img/img_00112645.jpg,lower-body clothes,318,59,266,207,501,183
18305,img/img_00112646.jpg,lower-body clothes,457,268,299,31,485,28
18306,img/img_00112649.jpg,lower-body clothes,346,261,297,36,350,4
18307,img/img_00112659.jpg,full-body clothes,337,190,299,109,453,116
18308,img/img_00112682.jpg,lower-body clothes,141,149,246,97,394,253
18309,img/img_00112699.jpg,full-body clothes,194,106,272,166,279,85
18310,img/img_00112703.jpg,upper-body clothes,94,45,137,92,184,90
18311,img/img_00112704.jpg,upper-body clothes,203,76,189,113,322,119
18312,img/img_00112710.jpg,full-body clothes,316,146,269,123,429,113
18313,img/img_00112712.jpg,full-body clothes,390,114,234,120,466,76
18314,img/img_00112729.jpg,full-body clothes,232,89,266,177,320,88
18315,img/img_00112733.jpg,full-body clothes,213,127,213,86,278,65
18316,img/img_00112754.jpg,full-body clothes,175,84,134,50,225,50
18317,img/img_00112757.jpg,full-body clothes,172,105,169,64,220,48
18318,img/img_00112774.jpg,full-body clothes,332,153,237,84,477,145
18319,img/img_00112776.jpg,full-body clothes,191,112,206,94,272,81
18320,img/img_00112780.jpg,full-body clothes,384,43,215,172,484,100
18321,img/img_00112787.jpg,upper-body clothes,266,391,391,0,266,0
18322,img/img_00112789.jpg,upper-body clothes,233,154,255,101,405,172
18323,img/img_00112797.jpg,upper-body clothes,71,70,242,172,143,72
18324,img/img_00112804.jpg,full-body clothes,346,151,291,140,468,122
18325,img/img_00112808.jpg,full-body clothes,278,170,256,86,426,148
18326,img/img_00112810.jpg,full-body clothes,338,151,268,117,450,112
18327,img/img_00112835.jpg,full-body clothes,274,123,198,75,431,157
18328,img/img_00112841.jpg,full-body clothes,250,167,289,122,334,84
18329,img/img_00112843.jpg,full-body clothes,138,75,134,59,196,58
18330,img/img_00112844.jpg,full-body clothes,394,105,247,142,487,93
18331,img/img_00112850.jpg,full-body clothes,347,189,271,82,461,114
18332,img/img_00112851.jpg,full-body clothes,257,124,209,85,341,84
18333,img/img_00112852.jpg,full-body clothes,224,126,126,0,224,0
18334,img/img_00112857.jpg,upper-body clothes,202,195,211,16,214,12
18335,img/img_00112858.jpg,upper-body clothes,182,222,222,0,182,0
18336,img/img_00112864.jpg,lower-body clothes,1,1,1,0,1,0
18337,img/img_00112868.jpg,lower-body clothes,409,159,256,97,414,5
18338,img/img_00112869.jpg,lower-body clothes,418,125,246,121,442,24
18339,img/img_00112873.jpg,lower-body clothes,216,90,238,148,442,226
18340,img/img_00112894.jpg,full-body clothes,306,118,214,96,413,107
18341,img/img_00112898.jpg,full-body clothes,273,70,222,152,348,75
18342,img/img_00112900.jpg,full-body clothes,248,119,190,71,295,47
18343,img/img_00112906.jpg,lower-body clothes,368,92,225,133,453,85
18344,img/img_00112913.jpg,lower-body clothes,245,90,232,142,471,226
18345,img/img_00112920.jpg,full-body clothes,160,29,102,73,228,68
18346,img/img_00112930.jpg,full-body clothes,346,215,215,0,346,0
18347,img/img_00112933.jpg,full-body clothes,235,57,230,173,350,115
18348,img/img_00112939.jpg,lower-body clothes,221,278,278,0,221,0
18349,img/img_00112948.jpg,lower-body clothes,253,82,426,344,464,211
18350,img/img_00112950.jpg,lower-body clothes,242,83,424,341,458,216
18351,img/img_00112952.jpg,lower-body clothes,206,91,478,387,438,232
18352,img/img_00112953.jpg,lower-body clothes,199,164,278,114,269,70
18353,img/img_00112954.jpg,upper-body clothes,210,153,236,83,374,164
18354,img/img_00112957.jpg,upper-body clothes,209,200,200,0,209,0
18355,img/img_00112960.jpg,upper-body clothes,288,245,245,0,288,0
18356,img/img_00112965.jpg,upper-body clothes,205,200,200,0,205,0
18357,img/img_00112969.jpg,upper-body clothes,122,426,426,0,122,0
18358,img/img_00112970.jpg,full-body clothes,359,168,244,76,490,131
18359,img/img_00112978.jpg,full-body clothes,212,103,160,57,290,78
18360,img/img_00112985.jpg,full-body clothes,252,58,292,234,338,86
18361,img/img_00113004.jpg,lower-body clothes,109,151,284,133,402,293
18362,img/img_00113011.jpg,lower-body clothes,76,66,206,140,282,206
18363,img/img_00113017.jpg,lower-body clothes,98,6,152,146,310,212
18364,img/img_00113039.jpg,upper-body clothes,144,282,282,0,144,0
18365,img/img_00113041.jpg,upper-body clothes,134,91,197,106,233,99
18366,img/img_00113049.jpg,upper-body clothes,198,120,271,151,285,87
18367,img/img_00113056.jpg,full-body clothes,471,263,263,0,471,0
18368,img/img_00113057.jpg,full-body clothes,505,429,429,0,505,0
18369,img/img_00113060.jpg,full-body clothes,380,347,347,0,380,0
18370,img/img_00113063.jpg,full-body clothes,366,365,365,0,366,0
18371,img/img_00113064.jpg,full-body clothes,474,260,260,0,474,0
18372,img/img_00113078.jpg,full-body clothes,352,236,303,67,469,117
18373,img/img_00113079.jpg,full-body clothes,345,126,230,104,455,110
18374,img/img_00113083.jpg,upper-body clothes,254,165,240,75,375,121
18375,img/img_00113090.jpg,upper-body clothes,303,121,231,110,431,128
18376,img/img_00113096.jpg,upper-body clothes,346,304,341,37,438,92
18377,img/img_00113098.jpg,upper-body clothes,294,203,252,49,298,4
18378,img/img_00113099.jpg,upper-body clothes,176,169,253,84,253,77
18379,img/img_00113109.jpg,lower-body clothes,293,148,204,56,309,16
18380,img/img_00113111.jpg,lower-body clothes,190,57,150,93,292,102
18381,img/img_00113118.jpg,lower-body clothes,234,104,131,27,284,50
18382,img/img_00113129.jpg,lower-body clothes,95,35,89,54,182,87
18383,img/img_00113134.jpg,lower-body clothes,218,103,150,47,222,4
18384,img/img_00113149.jpg,lower-body clothes,262,123,233,110,464,202
18385,img/img_00113155.jpg,lower-body clothes,400,157,250,93,456,56
18386,img/img_00113158.jpg,lower-body clothes,176,65,149,84,180,4
18387,img/img_00113159.jpg,lower-body clothes,119,174,174,0,119,0
18388,img/img_00113160.jpg,lower-body clothes,355,248,340,92,430,75
18389,img/img_00113178.jpg,upper-body clothes,358,296,296,0,358,0
18390,img/img_00113180.jpg,upper-body clothes,267,186,277,91,337,70
18391,img/img_00113182.jpg,upper-body clothes,163,120,154,34,205,42
18392,img/img_00113185.jpg,lower-body clothes,36,47,112,65,129,93
18393,img/img_00113191.jpg,lower-body clothes,37,51,130,79,137,100
18394,img/img_00113192.jpg,lower-body clothes,92,126,212,86,242,150
18395,img/img_00113199.jpg,upper-body clothes,221,112,276,164,353,132
18396,img/img_00113204.jpg,upper-body clothes,308,247,372,125,394,86
18397,img/img_00113205.jpg,lower-body clothes,183,191,275,84,436,253
18398,img/img_00113210.jpg,lower-body clothes,133,90,160,70,322,189
18399,img/img_00113220.jpg,lower-body clothes,191,107,199,92,377,186
18400,img/img_00113221.jpg,lower-body clothes,209,75,179,104,399,190
18401,img/img_00113225.jpg,lower-body clothes,328,134,216,82,438,110
18402,img/img_00113229.jpg,lower-body clothes,240,87,188,101,258,18
18403,img/img_00113230.jpg,lower-body clothes,370,119,247,128,406,36
18404,img/img_00113233.jpg,lower-body clothes,383,141,244,103,418,35
18405,img/img_00113235.jpg,lower-body clothes,230,94,161,67,268,38
18406,img/img_00113238.jpg,lower-body clothes,392,155,238,83,399,7
18407,img/img_00113245.jpg,lower-body clothes,352,220,220,0,352,0
18408,img/img_00113249.jpg,full-body clothes,402,109,240,131,467,65
18409,img/img_00113252.jpg,full-body clothes,424,89,241,152,500,76
18410,img/img_00113258.jpg,full-body clothes,380,108,299,191,463,83
18411,img/img_00113261.jpg,full-body clothes,380,276,307,31,470,90
18412,img/img_00113264.jpg,full-body clothes,503,208,208,0,503,0
18413,img/img_00113268.jpg,upper-body clothes,245,84,243,159,356,111
18414,img/img_00113278.jpg,upper-body clothes,312,99,223,124,434,122
18415,img/img_00113298.jpg,upper-body clothes,313,323,323,0,313,0
18416,img/img_00113300.jpg,upper-body clothes,216,161,223,62,342,126
18417,img/img_00113301.jpg,upper-body clothes,210,290,290,0,210,0
18418,img/img_00113307.jpg,lower-body clothes,150,69,215,146,449,299
18419,img/img_00113321.jpg,upper-body clothes,328,234,234,0,328,0
18420,img/img_00113327.jpg,upper-body clothes,153,97,205,108,239,86
18421,img/img_00113333.jpg,upper-body clothes,148,88,146,58,227,79
18422,img/img_00113354.jpg,upper-body clothes,325,149,149,0,325,0
18423,img/img_00113356.jpg,upper-body clothes,97,78,143,65,170,73
18424,img/img_00113357.jpg,upper-body clothes,182,76,126,50,230,48
18425,img/img_00113361.jpg,upper-body clothes,160,152,186,34,262,102
18426,img/img_00113362.jpg,upper-body clothes,161,150,276,126,244,83
18427,img/img_00113365.jpg,upper-body clothes,182,500,500,0,182,0
18428,img/img_00113367.jpg,upper-body clothes,292,376,376,0,292,0
18429,img/img_00113378.jpg,full-body clothes,224,81,209,128,306,82
18430,img/img_00113385.jpg,full-body clothes,193,368,368,0,193,0
18431,img/img_00113393.jpg,lower-body clothes,68,80,138,58,255,187
18432,img/img_00113394.jpg,lower-body clothes,46,86,134,48,197,151
18433,img/img_00113399.jpg,lower-body clothes,133,189,241,52,400,267
18434,img/img_00113401.jpg,lower-body clothes,229,82,165,83,442,213
18435,img/img_00113402.jpg,lower-body clothes,384,102,229,127,444,60
18436,img/img_00113403.jpg,lower-body clothes,159,71,146,75,319,160
18437,img/img_00113416.jpg,upper-body clothes,217,199,214,15,259,42
18438,img/img_00113421.jpg,upper-body clothes,181,197,197,0,181,0
18439,img/img_00113428.jpg,full-body clothes,279,90,189,99,351,72
18440,img/img_00113437.jpg,upper-body clothes,102,78,305,227,173,71
18441,img/img_00113438.jpg,upper-body clothes,348,208,326,118,443,95
18442,img/img_00113444.jpg,lower-body clothes,304,164,275,111,456,152
18443,img/img_00113450.jpg,lower-body clothes,169,82,146,64,194,25
18444,img/img_00113467.jpg,lower-body clothes,250,93,238,145,442,192
18445,img/img_00113487.jpg,full-body clothes,239,75,199,124,323,84
18446,img/img_00113501.jpg,full-body clothes,365,120,232,112,459,94
18447,img/img_00113505.jpg,full-body clothes,312,160,160,0,312,0
18448,img/img_00113510.jpg,upper-body clothes,455,360,360,0,455,0
18449,img/img_00113513.jpg,upper-body clothes,430,393,393,0,430,0
18450,img/img_00113515.jpg,upper-body clothes,464,343,343,0,464,0
18451,img/img_00113521.jpg,upper-body clothes,474,316,316,0,474,0
18452,img/img_00113522.jpg,upper-body clothes,445,308,308,0,445,0
18453,img/img_00113534.jpg,upper-body clothes,149,112,159,47,212,63
18454,img/img_00113537.jpg,upper-body clothes,134,92,140,48,202,68
18455,img/img_00113546.jpg,full-body clothes,327,51,224,173,436,109
18456,img/img_00113556.jpg,full-body clothes,340,108,202,94,475,135
18457,img/img_00113570.jpg,lower-body clothes,134,155,193,38,167,33
18458,img/img_00113609.jpg,upper-body clothes,163,115,152,37,382,219
18459,img/img_00113616.jpg,upper-body clothes,415,403,457,54,457,42
18460,img/img_00113620.jpg,upper-body clothes,287,129,447,318,302,15
18461,img/img_00113627.jpg,full-body clothes,187,81,192,111,254,67
18462,img/img_00113643.jpg,upper-body clothes,21,116,116,0,21,0
18463,img/img_00113649.jpg,upper-body clothes,50,185,185,0,50,0
18464,img/img_00113650.jpg,upper-body clothes,1,1,1,0,1,0
18465,img/img_00113651.jpg,upper-body clothes,231,189,189,0,231,0
18466,img/img_00113653.jpg,upper-body clothes,111,197,197,0,111,0
18467,img/img_00113662.jpg,lower-body clothes,186,62,166,104,324,138
18468,img/img_00113667.jpg,lower-body clothes,203,116,232,116,428,225
18469,img/img_00113668.jpg,upper-body clothes,241,102,265,163,360,119
18470,img/img_00113670.jpg,upper-body clothes,96,254,254,0,96,0
18471,img/img_00113674.jpg,upper-body clothes,37,132,132,0,37,0
18472,img/img_00113677.jpg,upper-body clothes,122,48,94,46,189,67
18473,img/img_00113678.jpg,upper-body clothes,164,71,149,78,247,83
18474,img/img_00113680.jpg,upper-body clothes,135,68,181,113,269,134
18475,img/img_00113682.jpg,upper-body clothes,150,121,318,197,306,156
18476,img/img_00113684.jpg,upper-body clothes,141,64,180,116,250,109
18477,img/img_00113695.jpg,upper-body clothes,208,119,183,64,336,128
18478,img/img_00113697.jpg,upper-body clothes,53,283,283,0,53,0
18479,img/img_00113712.jpg,full-body clothes,240,100,252,152,333,93
18480,img/img_00113714.jpg,full-body clothes,274,306,306,0,274,0
18481,img/img_00113722.jpg,upper-body clothes,216,134,246,112,349,133
18482,img/img_00113731.jpg,upper-body clothes,302,152,215,63,450,148
18483,img/img_00113741.jpg,upper-body clothes,128,82,136,54,202,74
18484,img/img_00113752.jpg,full-body clothes,336,176,272,96,470,134
18485,img/img_00113754.jpg,full-body clothes,414,115,275,160,486,72
18486,img/img_00113760.jpg,lower-body clothes,370,184,355,171,404,34
18487,img/img_00113769.jpg,lower-body clothes,387,104,256,152,419,32
18488,img/img_00113772.jpg,lower-body clothes,227,90,300,210,350,123
18489,img/img_00113791.jpg,lower-body clothes,255,21,159,138,287,32
18490,img/img_00113794.jpg,lower-body clothes,90,162,389,227,357,267
18491,img/img_00113795.jpg,lower-body clothes,289,246,260,14,308,19
18492,img/img_00113815.jpg,full-body clothes,311,207,359,152,436,125
18493,img/img_00113816.jpg,full-body clothes,262,99,207,108,328,66
18494,img/img_00113822.jpg,lower-body clothes,304,252,252,0,304,0
18495,img/img_00113834.jpg,full-body clothes,201,137,221,84,285,84
18496,img/img_00113838.jpg,full-body clothes,472,301,301,0,472,0
18497,img/img_00113842.jpg,full-body clothes,190,145,182,37,285,95
18498,img/img_00113845.jpg,full-body clothes,246,136,256,120,284,38
18499,img/img_00113866.jpg,upper-body clothes,253,158,272,114,320,67
18500,img/img_00113871.jpg,upper-body clothes,149,95,95,0,149,0
18501,img/img_00113872.jpg,upper-body clothes,320,194,335,141,463,143
18502,img/img_00113883.jpg,lower-body clothes,73,75,107,32,83,10
18503,img/img_00113888.jpg,lower-body clothes,110,84,153,69,121,11
18504,img/img_00113889.jpg,lower-body clothes,81,76,136,60,122,41
18505,img/img_00113890.jpg,lower-body clothes,214,80,156,76,217,3
18506,img/img_00113912.jpg,full-body clothes,237,173,207,34,352,115
18507,img/img_00113921.jpg,upper-body clothes,295,275,378,103,417,122
18508,img/img_00113932.jpg,upper-body clothes,177,144,221,77,318,141
18509,img/img_00113967.jpg,full-body clothes,216,41,237,196,286,70
18510,img/img_00113980.jpg,lower-body clothes,261,137,265,128,341,80
18511,img/img_00113984.jpg,lower-body clothes,208,71,182,111,381,173
18512,img/img_00113992.jpg,lower-body clothes,126,81,206,125,402,276
18513,img/img_00113993.jpg,lower-body clothes,137,176,204,28,434,297
18514,img/img_00113997.jpg,lower-body clothes,98,155,291,136,428,330
18515,img/img_00114004.jpg,lower-body clothes,61,93,211,118,249,188
18516,img/img_00114007.jpg,lower-body clothes,168,231,314,83,239,71
18517,img/img_00114009.jpg,lower-body clothes,86,424,424,0,86,0
18518,img/img_00114011.jpg,lower-body clothes,23,258,258,0,23,0
18519,img/img_00114016.jpg,lower-body clothes,118,442,442,0,118,0
18520,img/img_00114022.jpg,lower-body clothes,141,176,207,31,445,304
18521,img/img_00114026.jpg,lower-body clothes,107,133,211,78,377,270
18522,img/img_00114028.jpg,lower-body clothes,97,96,229,133,275,178
18523,img/img_00114031.jpg,lower-body clothes,232,136,261,125,343,111
18524,img/img_00114036.jpg,full-body clothes,297,162,226,64,403,106
18525,img/img_00114038.jpg,upper-body clothes,82,77,124,47,148,66
18526,img/img_00114042.jpg,upper-body clothes,270,137,137,0,270,0
18527,img/img_00114048.jpg,upper-body clothes,166,192,192,0,166,0
18528,img/img_00114051.jpg,upper-body clothes,187,139,217,78,342,155
18529,img/img_00114057.jpg,upper-body clothes,124,66,131,65,196,72
18530,img/img_00114059.jpg,upper-body clothes,277,294,441,147,481,204
18531,img/img_00114061.jpg,lower-body clothes,72,436,436,0,72,0
18532,img/img_00114076.jpg,upper-body clothes,205,142,460,318,352,147
18533,img/img_00114085.jpg,upper-body clothes,498,438,438,0,498,0
18534,img/img_00114095.jpg,upper-body clothes,93,151,151,0,93,0
18535,img/img_00114096.jpg,full-body clothes,236,116,183,67,319,83
18536,img/img_00114106.jpg,full-body clothes,334,106,219,113,454,120
18537,img/img_00114118.jpg,upper-body clothes,253,222,222,0,253,0
18538,img/img_00114121.jpg,upper-body clothes,118,74,131,57,193,75
18539,img/img_00114123.jpg,upper-body clothes,162,95,180,85,257,95
18540,img/img_00114126.jpg,upper-body clothes,183,108,225,117,275,92
18541,img/img_00114129.jpg,full-body clothes,316,205,261,56,428,112
18542,img/img_00114131.jpg,full-body clothes,72,142,142,0,72,0
18543,img/img_00114153.jpg,full-body clothes,454,284,284,0,454,0
18544,img/img_00114154.jpg,full-body clothes,401,413,413,0,401,0
18545,img/img_00114159.jpg,lower-body clothes,208,233,290,57,371,163
18546,img/img_00114162.jpg,lower-body clothes,92,107,195,88,251,159
18547,img/img_00114165.jpg,lower-body clothes,149,42,184,142,260,111
18548,img/img_00114167.jpg,lower-body clothes,69,78,152,74,71,2
18549,img/img_00114182.jpg,upper-body clothes,70,67,188,121,161,91
18550,img/img_00114190.jpg,lower-body clothes,127,33,149,116,156,29
18551,img/img_00114192.jpg,lower-body clothes,169,185,255,70,483,314
18552,img/img_00114203.jpg,upper-body clothes,136,85,151,66,193,57
18553,img/img_00114207.jpg,upper-body clothes,139,112,184,72,223,84
18554,img/img_00114209.jpg,upper-body clothes,440,372,372,0,440,0
18555,img/img_00114215.jpg,upper-body clothes,77,66,154,88,160,83
18556,img/img_00114218.jpg,upper-body clothes,346,230,447,217,487,141
18557,img/img_00114224.jpg,full-body clothes,284,320,320,0,284,0
18558,img/img_00114230.jpg,full-body clothes,345,134,232,98,454,109
18559,img/img_00114237.jpg,full-body clothes,330,302,344,42,344,14
18560,img/img_00114245.jpg,full-body clothes,472,279,279,0,472,0
18561,img/img_00114247.jpg,full-body clothes,150,49,130,81,193,43
18562,img/img_00114249.jpg,full-body clothes,224,119,226,107,290,66
18563,img/img_00114251.jpg,full-body clothes,352,119,235,116,459,107
18564,img/img_00114254.jpg,full-body clothes,186,62,136,74,251,65
18565,img/img_00114279.jpg,lower-body clothes,436,161,266,105,457,21
18566,img/img_00114282.jpg,lower-body clothes,251,194,264,70,283,32
18567,img/img_00114288.jpg,lower-body clothes,214,104,192,88,407,193
18568,img/img_00114292.jpg,lower-body clothes,195,92,198,106,392,197
18569,img/img_00114297.jpg,lower-body clothes,354,159,232,73,361,7
18570,img/img_00114298.jpg,lower-body clothes,332,249,249,0,332,0
18571,img/img_00114301.jpg,lower-body clothes,354,134,232,98,380,26
18572,img/img_00114302.jpg,lower-body clothes,123,90,157,67,264,141
18573,img/img_00114303.jpg,lower-body clothes,320,145,233,88,383,63
18574,img/img_00114307.jpg,lower-body clothes,227,227,227,0,227,0
18575,img/img_00114314.jpg,upper-body clothes,301,144,245,101,433,132
18576,img/img_00114315.jpg,upper-body clothes,83,123,123,0,83,0
18577,img/img_00114316.jpg,upper-body clothes,103,130,130,0,103,0
18578,img/img_00114318.jpg,upper-body clothes,87,145,145,0,87,0
18579,img/img_00114351.jpg,upper-body clothes,53,117,117,0,53,0
18580,img/img_00114358.jpg,full-body clothes,343,30,189,159,415,72
18581,img/img_00114370.jpg,full-body clothes,282,78,194,116,358,76
18582,img/img_00114373.jpg,upper-body clothes,302,43,235,192,449,147
18583,img/img_00114374.jpg,upper-body clothes,180,93,207,114,282,102
18584,img/img_00114381.jpg,full-body clothes,370,78,252,174,406,36
18585,img/img_00114393.jpg,full-body clothes,376,274,274,0,376,0
18586,img/img_00114394.jpg,full-body clothes,318,168,246,78,412,94
18587,img/img_00114405.jpg,lower-body clothes,208,113,125,12,452,244
18588,img/img_00114408.jpg,lower-body clothes,389,150,280,130,397,8
18589,img/img_00114422.jpg,lower-body clothes,285,173,173,0,285,0
18590,img/img_00114427.jpg,full-body clothes,233,95,424,329,295,62
18591,img/img_00114429.jpg,full-body clothes,246,108,231,123,262,16
18592,img/img_00114431.jpg,full-body clothes,379,256,256,0,379,0
18593,img/img_00114432.jpg,full-body clothes,114,53,168,115,297,183
18594,img/img_00114435.jpg,full-body clothes,333,138,256,118,485,152
18595,img/img_00114439.jpg,full-body clothes,108,61,185,124,162,54
18596,img/img_00114441.jpg,full-body clothes,324,87,212,125,457,133
18597,img/img_00114445.jpg,upper-body clothes,278,171,260,89,403,125
18598,img/img_00114447.jpg,upper-body clothes,339,186,343,157,437,98
18599,img/img_00114449.jpg,upper-body clothes,135,52,164,112,281,146
18600,img/img_00114451.jpg,upper-body clothes,285,356,356,0,285,0
18601,img/img_00114455.jpg,upper-body clothes,126,55,206,151,237,111
18602,img/img_00114465.jpg,upper-body clothes,136,101,194,93,255,119
18603,img/img_00114470.jpg,upper-body clothes,108,54,191,137,272,164
18604,img/img_00114484.jpg,full-body clothes,254,102,204,102,338,84
18605,img/img_00114492.jpg,full-body clothes,399,143,261,118,478,79
18606,img/img_00114494.jpg,full-body clothes,253,30,212,182,369,116
18607,img/img_00114495.jpg,full-body clothes,329,385,385,0,329,0
18608,img/img_00114509.jpg,upper-body clothes,134,183,183,0,134,0
18609,img/img_00114514.jpg,full-body clothes,343,177,283,106,462,119
18610,img/img_00114519.jpg,full-body clothes,406,224,224,0,406,0
18611,img/img_00114521.jpg,full-body clothes,123,83,310,227,242,119
18612,img/img_00114527.jpg,lower-body clothes,278,244,370,126,425,147
18613,img/img_00114530.jpg,lower-body clothes,93,111,213,102,284,191
18614,img/img_00114532.jpg,lower-body clothes,80,95,247,152,271,191
18615,img/img_00114536.jpg,lower-body clothes,124,171,236,65,335,211
18616,img/img_00114542.jpg,lower-body clothes,238,279,291,12,241,3
18617,img/img_00114544.jpg,upper-body clothes,151,113,172,59,235,84
18618,img/img_00114548.jpg,upper-body clothes,426,329,329,0,426,0
18619,img/img_00114558.jpg,full-body clothes,153,140,140,0,153,0
18620,img/img_00114571.jpg,full-body clothes,313,213,262,49,414,101
18621,img/img_00114581.jpg,upper-body clothes,286,319,319,0,286,0
18622,img/img_00114583.jpg,upper-body clothes,120,87,304,217,227,107
18623,img/img_00114589.jpg,upper-body clothes,336,194,280,86,499,163
18624,img/img_00114591.jpg,upper-body clothes,266,429,429,0,266,0
18625,img/img_00114593.jpg,upper-body clothes,167,179,252,73,338,171
18626,img/img_00114608.jpg,upper-body clothes,279,344,344,0,279,0
18627,img/img_00114609.jpg,full-body clothes,308,187,286,99,417,109
18628,img/img_00114631.jpg,lower-body clothes,100,90,241,151,283,183
18629,img/img_00114634.jpg,lower-body clothes,108,154,165,11,277,169
18630,img/img_00114635.jpg,lower-body clothes,326,406,455,49,419,93
18631,img/img_00114640.jpg,lower-body clothes,169,135,181,46,318,149
18632,img/img_00114645.jpg,full-body clothes,276,128,208,80,356,80
18633,img/img_00114648.jpg,full-body clothes,219,87,251,164,306,87
18634,img/img_00114652.jpg,full-body clothes,194,96,213,117,270,76
18635,img/img_00114653.jpg,full-body clothes,240,158,285,127,401,161
18636,img/img_00114658.jpg,lower-body clothes,123,141,211,70,376,253
18637,img/img_00114667.jpg,lower-body clothes,144,152,240,88,387,243
18638,img/img_00114669.jpg,lower-body clothes,312,121,218,97,391,79
18639,img/img_00114670.jpg,lower-body clothes,57,98,241,143,248,191
18640,img/img_00114675.jpg,lower-body clothes,83,102,220,118,275,192
18641,img/img_00114677.jpg,lower-body clothes,53,89,129,40,224,171
18642,img/img_00114679.jpg,lower-body clothes,109,154,336,182,457,348
18643,img/img_00114686.jpg,full-body clothes,320,145,248,103,420,100
18644,img/img_00114698.jpg,lower-body clothes,74,71,182,111,208,134
18645,img/img_00114699.jpg,lower-body clothes,228,175,308,133,431,203
18646,img/img_00114701.jpg,lower-body clothes,172,223,303,80,370,198
18647,img/img_00114703.jpg,lower-body clothes,145,103,220,117,214,69
18648,img/img_00114712.jpg,lower-body clothes,74,68,166,98,211,137
18649,img/img_00114721.jpg,lower-body clothes,153,142,253,111,365,212
18650,img/img_00114723.jpg,lower-body clothes,1,1,1,0,1,0
18651,img/img_00114727.jpg,full-body clothes,369,92,219,127,455,86
18652,img/img_00114728.jpg,full-body clothes,383,139,226,87,463,80
18653,img/img_00114748.jpg,upper-body clothes,96,53,136,83,168,72
18654,img/img_00114753.jpg,lower-body clothes,259,307,313,6,372,113
18655,img/img_00114764.jpg,lower-body clothes,85,112,158,46,247,162
18656,img/img_00114766.jpg,lower-body clothes,129,224,224,0,129,0
18657,img/img_00114771.jpg,lower-body clothes,221,142,203,61,459,238
18658,img/img_00114783.jpg,upper-body clothes,295,211,357,146,448,153
18659,img/img_00114788.jpg,upper-body clothes,287,90,290,200,415,128
18660,img/img_00114789.jpg,full-body clothes,436,117,233,116,467,31
18661,img/img_00114795.jpg,full-body clothes,422,321,321,0,422,0
18662,img/img_00114804.jpg,full-body clothes,415,131,267,136,495,80
18663,img/img_00114810.jpg,full-body clothes,353,196,354,158,450,97
18664,img/img_00114811.jpg,full-body clothes,280,122,199,77,355,75
18665,img/img_00114824.jpg,full-body clothes,196,110,205,95,285,89
18666,img/img_00114842.jpg,lower-body clothes,295,79,242,163,485,190
18667,img/img_00114845.jpg,full-body clothes,303,234,234,0,303,0
18668,img/img_00114847.jpg,full-body clothes,173,93,126,33,210,37
18669,img/img_00114855.jpg,full-body clothes,215,50,196,146,333,118
18670,img/img_00114859.jpg,full-body clothes,220,115,257,142,301,81
18671,img/img_00114874.jpg,upper-body clothes,161,82,142,60,244,83
18672,img/img_00114881.jpg,upper-body clothes,109,83,134,51,203,94
18673,img/img_00114886.jpg,lower-body clothes,203,117,206,89,376,173
18674,img/img_00114895.jpg,lower-body clothes,296,335,418,83,352,56
18675,img/img_00114901.jpg,full-body clothes,156,188,188,0,156,0
18676,img/img_00114907.jpg,full-body clothes,316,236,236,0,316,0
18677,img/img_00114908.jpg,full-body clothes,367,252,252,0,367,0
18678,img/img_00114912.jpg,full-body clothes,334,239,239,0,334,0
18679,img/img_00114913.jpg,full-body clothes,207,278,278,0,207,0
18680,img/img_00114915.jpg,upper-body clothes,75,56,71,15,113,38
18681,img/img_00114919.jpg,lower-body clothes,416,211,257,46,479,63
18682,img/img_00114933.jpg,lower-body clothes,105,37,119,82,205,100
18683,img/img_00114945.jpg,full-body clothes,227,89,171,82,283,56
18684,img/img_00114950.jpg,lower-body clothes,100,105,470,365,298,198
18685,img/img_00114951.jpg,lower-body clothes,260,475,475,0,260,0
18686,img/img_00114952.jpg,lower-body clothes,281,201,301,100,294,13
18687,img/img_00114955.jpg,lower-body clothes,210,237,392,155,268,58
18688,img/img_00114968.jpg,full-body clothes,250,110,159,49,297,47
18689,img/img_00114977.jpg,full-body clothes,394,278,278,0,394,0
18690,img/img_00114978.jpg,full-body clothes,309,199,344,145,466,157
18691,img/img_00114980.jpg,lower-body clothes,258,161,248,87,463,205
18692,img/img_00114999.jpg,full-body clothes,199,184,184,0,199,0
18693,img/img_00115003.jpg,full-body clothes,252,166,275,109,375,123
18694,img/img_00115004.jpg,full-body clothes,316,255,319,64,447,131
18695,img/img_00115012.jpg,full-body clothes,344,386,386,0,344,0
18696,img/img_00115014.jpg,full-body clothes,164,102,147,45,224,60
18697,img/img_00115018.jpg,lower-body clothes,170,239,239,0,170,0
18698,img/img_00115019.jpg,lower-body clothes,67,103,158,55,293,226
18699,img/img_00115024.jpg,lower-body clothes,196,162,255,93,452,256
18700,img/img_00115027.jpg,upper-body clothes,276,247,247,0,276,0
18701,img/img_00115030.jpg,upper-body clothes,436,307,307,0,436,0
18702,img/img_00115032.jpg,upper-body clothes,465,386,386,0,465,0
18703,img/img_00115040.jpg,upper-body clothes,507,350,350,0,507,0
18704,img/img_00115043.jpg,lower-body clothes,165,193,304,111,491,326
18705,img/img_00115044.jpg,lower-body clothes,141,18,170,152,152,11
18706,img/img_00115046.jpg,lower-body clothes,72,105,199,94,283,211
18707,img/img_00115053.jpg,lower-body clothes,100,92,238,146,287,187
18708,img/img_00115055.jpg,lower-body clothes,172,192,238,46,213,41
18709,img/img_00115058.jpg,lower-body clothes,140,126,314,188,171,31
18710,img/img_00115063.jpg,full-body clothes,311,134,317,183,417,106
18711,img/img_00115067.jpg,full-body clothes,350,133,330,197,479,129
18712,img/img_00115073.jpg,full-body clothes,275,266,266,0,275,0
18713,img/img_00115076.jpg,full-body clothes,473,271,271,0,473,0
18714,img/img_00115079.jpg,full-body clothes,412,194,237,43,477,65
18715,img/img_00115085.jpg,upper-body clothes,416,298,298,0,416,0
18716,img/img_00115090.jpg,upper-body clothes,416,308,308,0,416,0
18717,img/img_00115093.jpg,upper-body clothes,306,291,291,0,306,0
18718,img/img_00115095.jpg,upper-body clothes,267,298,298,0,267,0
18719,img/img_00115102.jpg,full-body clothes,175,245,245,0,175,0
18720,img/img_00115105.jpg,full-body clothes,190,94,195,101,264,74
18721,img/img_00115120.jpg,upper-body clothes,215,75,195,120,371,156
18722,img/img_00115121.jpg,upper-body clothes,166,78,176,98,267,101
18723,img/img_00115127.jpg,upper-body clothes,273,83,170,87,416,143
18724,img/img_00115131.jpg,upper-body clothes,34,11,36,25,66,32
18725,img/img_00115145.jpg,full-body clothes,243,151,151,0,243,0
18726,img/img_00115149.jpg,full-body clothes,356,167,167,0,356,0
18727,img/img_00115155.jpg,full-body clothes,325,320,320,0,325,0
18728,img/img_00115160.jpg,full-body clothes,326,180,282,102,503,177
18729,img/img_00115169.jpg,lower-body clothes,165,53,147,94,303,138
18730,img/img_00115172.jpg,lower-body clothes,363,129,199,70,447,84
18731,img/img_00115173.jpg,lower-body clothes,206,63,148,85,449,243
18732,img/img_00115175.jpg,lower-body clothes,55,80,206,126,276,221
18733,img/img_00115181.jpg,lower-body clothes,243,150,245,95,474,231
18734,img/img_00115184.jpg,full-body clothes,305,180,223,43,414,109
18735,img/img_00115186.jpg,full-body clothes,110,63,192,129,155,45
18736,img/img_00115188.jpg,full-body clothes,174,77,195,118,254,80
18737,img/img_00115189.jpg,full-body clothes,176,114,223,109,254,78
18738,img/img_00115190.jpg,full-body clothes,354,39,173,134,465,111
18739,img/img_00115193.jpg,full-body clothes,349,198,287,89,457,108
18740,img/img_00115201.jpg,full-body clothes,155,83,191,108,220,65
18741,img/img_00115210.jpg,lower-body clothes,38,187,187,0,38,0
18742,img/img_00115212.jpg,lower-body clothes,173,146,146,0,173,0
18743,img/img_00115216.jpg,lower-body clothes,157,244,270,26,159,2
18744,img/img_00115222.jpg,lower-body clothes,447,424,424,0,447,0
18745,img/img_00115230.jpg,lower-body clothes,297,104,242,138,462,165
18746,img/img_00115235.jpg,lower-body clothes,205,122,237,115,400,195
18747,img/img_00115240.jpg,lower-body clothes,103,298,298,0,103,0
18748,img/img_00115243.jpg,lower-body clothes,118,125,281,156,326,208
18749,img/img_00115248.jpg,lower-body clothes,159,321,321,0,159,0
18750,img/img_00115249.jpg,lower-body clothes,169,181,253,72,200,31
18751,img/img_00115250.jpg,lower-body clothes,116,130,259,129,311,195
18752,img/img_00115259.jpg,full-body clothes,173,74,193,119,412,239
18753,img/img_00115260.jpg,full-body clothes,181,86,137,51,235,54
18754,img/img_00115268.jpg,lower-body clothes,178,14,208,194,366,188
18755,img/img_00115276.jpg,upper-body clothes,163,116,205,89,219,56
18756,img/img_00115282.jpg,lower-body clothes,156,171,171,0,156,0
18757,img/img_00115292.jpg,upper-body clothes,272,204,312,108,411,139
18758,img/img_00115296.jpg,full-body clothes,159,119,211,92,262,103
18759,img/img_00115303.jpg,lower-body clothes,176,194,298,104,367,191
18760,img/img_00115305.jpg,lower-body clothes,388,205,275,70,409,21
18761,img/img_00115309.jpg,lower-body clothes,193,148,195,47,375,182
18762,img/img_00115312.jpg,lower-body clothes,290,281,313,32,429,139
18763,img/img_00115313.jpg,lower-body clothes,302,111,236,125,451,149
18764,img/img_00115322.jpg,lower-body clothes,120,164,375,211,331,211
18765,img/img_00115328.jpg,upper-body clothes,139,85,137,52,220,81
18766,img/img_00115332.jpg,upper-body clothes,194,122,205,83,333,139
18767,img/img_00115338.jpg,lower-body clothes,64,74,155,81,207,143
18768,img/img_00115348.jpg,lower-body clothes,59,55,150,95,156,97
18769,img/img_00115365.jpg,full-body clothes,251,209,255,46,257,6
18770,img/img_00115366.jpg,full-body clothes,94,179,179,0,94,0
18771,img/img_00115377.jpg,full-body clothes,289,219,286,67,410,121
18772,img/img_00115378.jpg,full-body clothes,331,167,252,85,475,144
18773,img/img_00115410.jpg,full-body clothes,249,93,219,126,330,81
18774,img/img_00115411.jpg,full-body clothes,313,155,259,104,421,108
18775,img/img_00115415.jpg,full-body clothes,356,65,194,129,497,141
18776,img/img_00115430.jpg,lower-body clothes,65,80,143,63,203,138
18777,img/img_00115432.jpg,lower-body clothes,153,212,265,53,410,257
18778,img/img_00115438.jpg,lower-body clothes,115,115,240,125,303,188
18779,img/img_00115456.jpg,full-body clothes,343,143,266,123,472,129
18780,img/img_00115465.jpg,upper-body clothes,180,177,254,77,330,150
18781,img/img_00115470.jpg,lower-body clothes,178,90,214,124,384,206
18782,img/img_00115483.jpg,lower-body clothes,188,166,252,86,482,294
18783,img/img_00115487.jpg,lower-body clothes,183,101,223,122,397,214
18784,img/img_00115491.jpg,lower-body clothes,203,102,225,123,404,201
18785,img/img_00115499.jpg,lower-body clothes,119,43,131,88,233,114
18786,img/img_00115500.jpg,lower-body clothes,265,139,374,235,348,83
18787,img/img_00115509.jpg,lower-body clothes,109,84,189,105,273,164
18788,img/img_00115525.jpg,upper-body clothes,174,126,274,148,297,123
18789,img/img_00115526.jpg,upper-body clothes,122,81,135,54,182,60
18790,img/img_00115529.jpg,upper-body clothes,318,165,242,77,441,123
18791,img/img_00115535.jpg,full-body clothes,345,146,232,86,457,112
18792,img/img_00115536.jpg,full-body clothes,350,66,176,110,465,115
18793,img/img_00115553.jpg,full-body clothes,349,357,357,0,349,0
18794,img/img_00115562.jpg,lower-body clothes,246,110,226,116,444,198
18795,img/img_00115566.jpg,lower-body clothes,234,100,229,129,437,203
18796,img/img_00115579.jpg,lower-body clothes,151,31,194,163,188,37
18797,img/img_00115583.jpg,full-body clothes,333,127,266,139,475,142
18798,img/img_00115584.jpg,full-body clothes,259,336,336,0,259,0
18799,img/img_00115585.jpg,full-body clothes,336,142,247,105,470,134
18800,img/img_00115602.jpg,lower-body clothes,253,27,193,166,264,11
18801,img/img_00115615.jpg,full-body clothes,294,260,260,0,294,0
18802,img/img_00115626.jpg,full-body clothes,270,210,210,0,270,0
18803,img/img_00115637.jpg,full-body clothes,236,222,222,0,236,0
18804,img/img_00115640.jpg,full-body clothes,193,154,154,0,193,0
18805,img/img_00115644.jpg,upper-body clothes,471,353,353,0,471,0
18806,img/img_00115646.jpg,upper-body clothes,275,413,413,0,275,0
18807,img/img_00115652.jpg,lower-body clothes,288,192,192,0,288,0
18808,img/img_00115661.jpg,lower-body clothes,474,275,275,0,474,0
18809,img/img_00115669.jpg,lower-body clothes,380,144,335,191,413,33
18810,img/img_00115671.jpg,lower-body clothes,219,79,171,92,281,62
18811,img/img_00115673.jpg,lower-body clothes,200,104,232,128,408,208
18812,img/img_00115682.jpg,upper-body clothes,93,75,139,64,154,61
18813,img/img_00115683.jpg,upper-body clothes,263,155,262,107,380,117
18814,img/img_00115691.jpg,upper-body clothes,284,283,283,0,284,0
18815,img/img_00115693.jpg,upper-body clothes,271,140,225,85,397,126
18816,img/img_00115701.jpg,upper-body clothes,301,111,234,123,436,135
18817,img/img_00115703.jpg,upper-body clothes,170,96,166,70,261,91
18818,img/img_00115709.jpg,full-body clothes,159,108,244,136,235,76
18819,img/img_00115716.jpg,full-body clothes,126,74,139,65,163,37
18820,img/img_00115724.jpg,upper-body clothes,168,127,220,93,365,197
18821,img/img_00115729.jpg,upper-body clothes,114,57,171,114,206,92
18822,img/img_00115746.jpg,full-body clothes,499,155,250,95,505,6
18823,img/img_00115766.jpg,lower-body clothes,104,87,239,152,337,233
18824,img/img_00115772.jpg,lower-body clothes,134,144,218,74,430,296
18825,img/img_00115774.jpg,lower-body clothes,82,112,240,128,275,193
18826,img/img_00115780.jpg,lower-body clothes,139,167,239,72,446,307
18827,img/img_00115783.jpg,lower-body clothes,66,49,117,68,225,159
18828,img/img_00115807.jpg,upper-body clothes,261,249,249,0,261,0
18829,img/img_00115819.jpg,full-body clothes,253,193,289,96,324,71
18830,img/img_00115840.jpg,lower-body clothes,95,119,254,135,350,255
18831,img/img_00115845.jpg,lower-body clothes,217,170,283,113,235,18
18832,img/img_00115850.jpg,upper-body clothes,156,140,168,28,165,9
18833,img/img_00115854.jpg,upper-body clothes,227,208,361,153,353,126
18834,img/img_00115876.jpg,lower-body clothes,176,182,284,102,232,56
18835,img/img_00115885.jpg,lower-body clothes,75,60,208,148,291,216
18836,img/img_00115886.jpg,lower-body clothes,215,322,464,142,446,231
18837,img/img_00115906.jpg,full-body clothes,192,209,209,0,192,0
18838,img/img_00115910.jpg,full-body clothes,273,117,158,41,309,36
18839,img/img_00115919.jpg,full-body clothes,462,396,396,0,462,0
18840,img/img_00115927.jpg,full-body clothes,369,73,262,189,492,123
18841,img/img_00115928.jpg,full-body clothes,332,148,244,96,441,109
18842,img/img_00115929.jpg,full-body clothes,338,178,282,104,470,132
18843,img/img_00115936.jpg,lower-body clothes,118,298,298,0,118,0
18844,img/img_00115944.jpg,lower-body clothes,213,109,255,146,471,258
18845,img/img_00115948.jpg,lower-body clothes,147,83,155,72,325,178
18846,img/img_00115958.jpg,lower-body clothes,247,274,339,65,323,76
18847,img/img_00115959.jpg,lower-body clothes,126,163,229,66,449,323
18848,img/img_00115961.jpg,lower-body clothes,104,113,206,93,304,200
18849,img/img_00115972.jpg,upper-body clothes,196,165,165,0,196,0
18850,img/img_00115975.jpg,upper-body clothes,254,126,237,111,399,145
18851,img/img_00115980.jpg,upper-body clothes,120,54,219,165,192,72
18852,img/img_00115989.jpg,upper-body clothes,403,287,287,0,403,0
18853,img/img_00115991.jpg,upper-body clothes,401,251,251,0,401,0
18854,img/img_00115998.jpg,upper-body clothes,399,248,248,0,399,0
18855,img/img_00116004.jpg,full-body clothes,338,263,263,0,338,0
18856,img/img_00116010.jpg,full-body clothes,203,88,203,115,265,62
18857,img/img_00116015.jpg,full-body clothes,199,98,234,136,316,117
18858,img/img_00116027.jpg,full-body clothes,388,184,248,64,469,81
18859,img/img_00116029.jpg,full-body clothes,348,265,265,0,348,0
18860,img/img_00116031.jpg,full-body clothes,249,200,200,0,249,0
18861,img/img_00116048.jpg,lower-body clothes,109,29,161,132,281,172
18862,img/img_00116053.jpg,full-body clothes,132,70,134,64,180,48
18863,img/img_00116060.jpg,full-body clothes,226,113,248,135,303,77
18864,img/img_00116061.jpg,full-body clothes,499,339,339,0,499,0
18865,img/img_00116071.jpg,full-body clothes,390,245,300,55,467,77
18866,img/img_00116081.jpg,full-body clothes,357,161,428,267,489,132
18867,img/img_00116100.jpg,lower-body clothes,323,103,230,127,400,77
18868,img/img_00116101.jpg,lower-body clothes,349,99,459,360,369,20
18869,img/img_00116106.jpg,lower-body clothes,408,154,332,178,422,14
18870,img/img_00116137.jpg,lower-body clothes,159,178,267,89,194,35
18871,img/img_00116156.jpg,full-body clothes,242,101,361,260,327,85
18872,img/img_00116157.jpg,full-body clothes,234,113,243,130,337,103
18873,img/img_00116161.jpg,upper-body clothes,475,278,354,76,501,26
18874,img/img_00116169.jpg,upper-body clothes,188,85,378,293,261,73
18875,img/img_00116176.jpg,lower-body clothes,69,101,153,52,268,199
18876,img/img_00116178.jpg,lower-body clothes,72,100,245,145,267,195
18877,img/img_00116184.jpg,lower-body clothes,85,106,178,72,89,4
18878,img/img_00116204.jpg,lower-body clothes,95,141,234,93,348,253
18879,img/img_00116210.jpg,lower-body clothes,109,162,255,93,390,281
18880,img/img_00116214.jpg,lower-body clothes,73,97,150,53,269,196
18881,img/img_00116220.jpg,full-body clothes,324,124,213,89,454,130
18882,img/img_00116226.jpg,full-body clothes,197,94,217,123,290,93
18883,img/img_00116243.jpg,upper-body clothes,125,46,200,154,234,109
18884,img/img_00116252.jpg,full-body clothes,182,106,184,78,273,91
18885,img/img_00116273.jpg,lower-body clothes,101,83,147,64,115,14
18886,img/img_00116283.jpg,lower-body clothes,164,149,224,75,268,104
18887,img/img_00116300.jpg,lower-body clothes,34,56,128,72,128,94
18888,img/img_00116304.jpg,lower-body clothes,135,160,232,72,169,34
18889,img/img_00116305.jpg,lower-body clothes,170,106,232,126,465,295
18890,img/img_00116326.jpg,upper-body clothes,506,408,408,0,506,0
18891,img/img_00116333.jpg,upper-body clothes,265,253,253,0,265,0
18892,img/img_00116341.jpg,full-body clothes,330,148,257,109,438,108
18893,img/img_00116363.jpg,full-body clothes,108,90,157,67,188,80
18894,img/img_00116375.jpg,full-body clothes,163,111,195,84,269,106
18895,img/img_00116376.jpg,full-body clothes,170,81,151,70,242,72
18896,img/img_00116381.jpg,full-body clothes,348,220,220,0,348,0
18897,img/img_00116389.jpg,upper-body clothes,311,118,236,118,463,152
18898,img/img_00116391.jpg,upper-body clothes,255,102,216,114,263,8
18899,img/img_00116396.jpg,full-body clothes,469,229,229,0,469,0
18900,img/img_00116399.jpg,full-body clothes,219,108,243,135,326,107
18901,img/img_00116406.jpg,full-body clothes,365,85,222,137,474,109
18902,img/img_00116416.jpg,upper-body clothes,315,131,264,133,406,91
18903,img/img_00116420.jpg,lower-body clothes,70,135,261,126,389,319
18904,img/img_00116451.jpg,upper-body clothes,224,180,256,76,366,142
18905,img/img_00116457.jpg,lower-body clothes,93,85,168,83,315,222
18906,img/img_00116459.jpg,lower-body clothes,77,86,173,87,276,199
18907,img/img_00116463.jpg,lower-body clothes,90,110,210,100,294,204
18908,img/img_00116464.jpg,lower-body clothes,91,87,139,52,233,142
18909,img/img_00116474.jpg,lower-body clothes,227,91,224,133,424,197
18910,img/img_00116476.jpg,lower-body clothes,186,149,256,107,454,268
18911,img/img_00116481.jpg,lower-body clothes,141,126,187,61,454,313
18912,img/img_00116482.jpg,lower-body clothes,46,59,178,119,173,127
18913,img/img_00116484.jpg,lower-body clothes,147,66,185,119,319,172
18914,img/img_00116490.jpg,upper-body clothes,191,96,193,97,264,73
18915,img/img_00116500.jpg,upper-body clothes,356,171,171,0,356,0
18916,img/img_00116521.jpg,upper-body clothes,187,442,442,0,187,0
18917,img/img_00116522.jpg,upper-body clothes,300,220,220,0,300,0
18918,img/img_00116523.jpg,upper-body clothes,212,345,345,0,212,0
18919,img/img_00116528.jpg,full-body clothes,337,174,264,90,464,127
18920,img/img_00116532.jpg,full-body clothes,351,60,147,87,467,116
18921,img/img_00116545.jpg,full-body clothes,445,233,242,9,479,34
18922,img/img_00116550.jpg,full-body clothes,304,83,423,340,376,72
18923,img/img_00116553.jpg,full-body clothes,113,181,181,0,113,0
18924,img/img_00116558.jpg,full-body clothes,273,164,245,81,373,100
18925,img/img_00116563.jpg,full-body clothes,114,55,195,140,161,47
18926,img/img_00116577.jpg,upper-body clothes,209,77,124,47,268,59
18927,img/img_00116584.jpg,upper-body clothes,89,243,243,0,89,0
18928,img/img_00116590.jpg,upper-body clothes,274,109,201,92,416,142
18929,img/img_00116592.jpg,upper-body clothes,15,275,275,0,15,0
18930,img/img_00116593.jpg,upper-body clothes,351,220,220,0,351,0
18931,img/img_00116600.jpg,upper-body clothes,197,100,206,106,292,95
18932,img/img_00116605.jpg,upper-body clothes,196,155,206,51,303,107
18933,img/img_00116631.jpg,upper-body clothes,160,213,213,0,160,0
18934,img/img_00116637.jpg,upper-body clothes,235,100,153,53,316,81
18935,img/img_00116641.jpg,upper-body clothes,375,184,292,108,483,108
18936,img/img_00116645.jpg,upper-body clothes,353,351,407,56,414,61
18937,img/img_00116649.jpg,upper-body clothes,224,144,369,225,240,16
18938,img/img_00116651.jpg,upper-body clothes,187,107,169,62,276,89
18939,img/img_00116653.jpg,lower-body clothes,242,83,234,151,469,227
18940,img/img_00116656.jpg,lower-body clothes,363,149,318,169,414,51
18941,img/img_00116664.jpg,lower-body clothes,131,68,147,79,212,81
18942,img/img_00116670.jpg,lower-body clothes,65,79,153,74,230,165
18943,img/img_00116680.jpg,lower-body clothes,61,74,170,96,198,137
18944,img/img_00116684.jpg,lower-body clothes,44,43,133,90,171,127
18945,img/img_00116690.jpg,lower-body clothes,124,52,98,46,229,105
18946,img/img_00116700.jpg,lower-body clothes,205,105,253,148,414,209
18947,img/img_00116702.jpg,lower-body clothes,44,69,137,68,203,159
18948,img/img_00116709.jpg,full-body clothes,176,76,131,55,236,60
18949,img/img_00116711.jpg,full-body clothes,203,48,182,134,272,69
18950,img/img_00116719.jpg,full-body clothes,388,132,445,313,499,111
18951,img/img_00116738.jpg,upper-body clothes,262,33,110,77,386,124
18952,img/img_00116744.jpg,upper-body clothes,123,80,203,123,272,149
18953,img/img_00116756.jpg,upper-body clothes,152,75,158,83,238,86
18954,img/img_00116777.jpg,upper-body clothes,375,233,302,69,484,109
18955,img/img_00116783.jpg,lower-body clothes,87,64,134,70,109,22
18956,img/img_00116786.jpg,lower-body clothes,104,113,226,113,325,221
18957,img/img_00116788.jpg,lower-body clothes,143,127,217,90,441,298
18958,img/img_00116793.jpg,lower-body clothes,173,149,217,68,248,75
18959,img/img_00116802.jpg,lower-body clothes,110,116,470,354,313,203
18960,img/img_00116803.jpg,lower-body clothes,73,72,94,22,224,151
18961,img/img_00116805.jpg,lower-body clothes,191,110,231,121,494,303
18962,img/img_00116811.jpg,lower-body clothes,139,179,238,59,449,310
18963,img/img_00116812.jpg,lower-body clothes,77,76,138,62,218,141
18964,img/img_00116821.jpg,upper-body clothes,165,54,103,49,257,92
18965,img/img_00116826.jpg,upper-body clothes,269,225,311,86,416,147
18966,img/img_00116836.jpg,upper-body clothes,162,127,228,101,238,76
18967,img/img_00116837.jpg,upper-body clothes,123,59,143,84,185,62
18968,img/img_00116850.jpg,upper-body clothes,292,174,296,122,439,147
18969,img/img_00116855.jpg,upper-body clothes,202,166,237,71,267,65
18970,img/img_00116872.jpg,lower-body clothes,261,76,208,132,450,189
18971,img/img_00116877.jpg,upper-body clothes,408,289,289,0,408,0
18972,img/img_00116880.jpg,upper-body clothes,448,227,227,0,448,0
18973,img/img_00116881.jpg,upper-body clothes,243,165,305,140,392,149
18974,img/img_00116903.jpg,upper-body clothes,164,118,188,70,249,85
18975,img/img_00116906.jpg,upper-body clothes,211,327,327,0,211,0
18976,img/img_00116912.jpg,upper-body clothes,105,331,331,0,105,0
18977,img/img_00116916.jpg,upper-body clothes,351,240,240,0,351,0
18978,img/img_00116917.jpg,upper-body clothes,349,245,245,0,349,0
18979,img/img_00116920.jpg,upper-body clothes,258,162,260,98,426,168
18980,img/img_00116921.jpg,upper-body clothes,122,58,123,65,180,58
18981,img/img_00116933.jpg,full-body clothes,324,286,286,0,324,0
18982,img/img_00116936.jpg,full-body clothes,343,52,205,153,444,101
18983,img/img_00116939.jpg,full-body clothes,182,75,211,136,267,85
18984,img/img_00116950.jpg,upper-body clothes,255,374,374,0,255,0
18985,img/img_00116962.jpg,upper-body clothes,177,222,272,50,244,67
18986,img/img_00116970.jpg,full-body clothes,330,99,216,117,402,72
18987,img/img_00116977.jpg,full-body clothes,174,53,123,70,219,45
18988,img/img_00116979.jpg,full-body clothes,431,435,435,0,431,0
18989,img/img_00116981.jpg,full-body clothes,376,90,237,147,478,102
18990,img/img_00116982.jpg,full-body clothes,260,114,189,75,350,90
18991,img/img_00116991.jpg,full-body clothes,274,83,212,129,369,95
18992,img/img_00117009.jpg,full-body clothes,432,156,322,166,462,30
18993,img/img_00117013.jpg,full-body clothes,348,94,179,85,418,70
18994,img/img_00117030.jpg,full-body clothes,307,142,213,71,421,114
18995,img/img_00117033.jpg,full-body clothes,219,112,262,150,294,75
18996,img/img_00117040.jpg,full-body clothes,334,106,184,78,404,70
18997,img/img_00117044.jpg,full-body clothes,257,116,116,0,257,0
18998,img/img_00117052.jpg,full-body clothes,292,132,224,92,439,147
18999,img/img_00117064.jpg,full-body clothes,209,86,196,110,295,86
19000,img/img_00117082.jpg,upper-body clothes,308,125,200,75,421,113
19001,img/img_00117083.jpg,upper-body clothes,101,227,227,0,101,0
19002,img/img_00117089.jpg,upper-body clothes,78,266,266,0,78,0
19003,img/img_00117090.jpg,upper-body clothes,330,145,295,150,439,109
19004,img/img_00117095.jpg,upper-body clothes,271,264,264,0,271,0
19005,img/img_00117104.jpg,upper-body clothes,391,265,265,0,391,0
19006,img/img_00117113.jpg,full-body clothes,341,197,276,79,467,126
19007,img/img_00117124.jpg,full-body clothes,223,176,223,47,315,92
19008,img/img_00117141.jpg,full-body clothes,400,121,218,97,482,82
19009,img/img_00117144.jpg,full-body clothes,210,84,166,82,260,50
19010,img/img_00117146.jpg,full-body clothes,337,63,177,114,438,101
19011,img/img_00117149.jpg,full-body clothes,351,33,180,147,455,104
19012,img/img_00117152.jpg,upper-body clothes,173,83,142,59,221,48
19013,img/img_00117176.jpg,upper-body clothes,301,135,256,121,426,125
19014,img/img_00117179.jpg,upper-body clothes,224,72,142,70,265,41
19015,img/img_00117182.jpg,upper-body clothes,117,51,259,208,127,10
19016,img/img_00117183.jpg,upper-body clothes,105,102,151,49,211,106
19017,img/img_00117184.jpg,upper-body clothes,287,139,225,86,424,137
19018,img/img_00117188.jpg,upper-body clothes,287,242,389,147,474,187
19019,img/img_00117189.jpg,upper-body clothes,331,71,88,17,439,108
19020,img/img_00117190.jpg,upper-body clothes,279,332,332,0,279,0
19021,img/img_00117194.jpg,upper-body clothes,250,203,253,50,350,100
19022,img/img_00117199.jpg,upper-body clothes,118,208,208,0,118,0
19023,img/img_00117202.jpg,upper-body clothes,349,220,220,0,349,0
19024,img/img_00117205.jpg,upper-body clothes,201,405,405,0,201,0
19025,img/img_00117211.jpg,upper-body clothes,277,198,273,75,455,178
19026,img/img_00117220.jpg,upper-body clothes,476,398,398,0,476,0
19027,img/img_00117232.jpg,lower-body clothes,57,71,337,266,182,125
19028,img/img_00117233.jpg,lower-body clothes,471,201,372,171,494,23
19029,img/img_00117259.jpg,lower-body clothes,164,65,65,0,164,0
19030,img/img_00117263.jpg,lower-body clothes,262,69,150,81,282,20
19031,img/img_00117273.jpg,upper-body clothes,335,239,378,139,496,161
19032,img/img_00117279.jpg,upper-body clothes,118,310,310,0,118,0
19033,img/img_00117282.jpg,upper-body clothes,214,118,309,191,329,115
19034,img/img_00117306.jpg,upper-body clothes,153,114,184,70,264,111
19035,img/img_00117309.jpg,upper-body clothes,278,74,326,252,401,123
19036,img/img_00117313.jpg,upper-body clothes,122,81,150,69,219,97
19037,img/img_00117321.jpg,upper-body clothes,212,133,225,92,344,132
19038,img/img_00117325.jpg,upper-body clothes,162,129,226,97,248,86
19039,img/img_00117327.jpg,upper-body clothes,131,71,191,120,205,74
19040,img/img_00117332.jpg,upper-body clothes,244,105,252,147,377,133
19041,img/img_00117341.jpg,upper-body clothes,162,93,212,119,416,254
19042,img/img_00117343.jpg,upper-body clothes,332,63,241,178,465,133
19043,img/img_00117348.jpg,full-body clothes,299,166,227,61,417,118
19044,img/img_00117350.jpg,full-body clothes,277,196,196,0,277,0
19045,img/img_00117355.jpg,full-body clothes,199,115,236,121,270,71
19046,img/img_00117356.jpg,upper-body clothes,323,315,315,0,323,0
19047,img/img_00117359.jpg,upper-body clothes,268,141,238,97,423,155
19048,img/img_00117363.jpg,upper-body clothes,116,77,133,56,208,92
19049,img/img_00117365.jpg,upper-body clothes,169,127,155,28,237,68
19050,img/img_00117366.jpg,upper-body clothes,113,82,141,59,201,88
19051,img/img_00117404.jpg,upper-body clothes,163,86,181,95,221,58
19052,img/img_00117424.jpg,lower-body clothes,391,137,191,54,443,52
19053,img/img_00117431.jpg,lower-body clothes,362,37,169,132,375,13
19054,img/img_00117435.jpg,lower-body clothes,227,79,253,174,448,221
19055,img/img_00117442.jpg,lower-body clothes,221,55,208,153,475,254
19056,img/img_00117444.jpg,lower-body clothes,279,117,177,60,284,5
19057,img/img_00117450.jpg,lower-body clothes,102,41,111,70,218,116
19058,img/img_00117461.jpg,lower-body clothes,168,97,212,115,418,250
19059,img/img_00117462.jpg,lower-body clothes,218,73,224,151,447,229
19060,img/img_00117475.jpg,upper-body clothes,245,131,201,70,279,34
19061,img/img_00117488.jpg,upper-body clothes,141,64,144,80,200,59
19062,img/img_00117496.jpg,upper-body clothes,51,15,42,27,70,19
19063,img/img_00117501.jpg,upper-body clothes,120,57,174,117,221,101
19064,img/img_00117516.jpg,upper-body clothes,434,235,235,0,434,0
19065,img/img_00117524.jpg,upper-body clothes,238,136,240,104,390,152
19066,img/img_00117526.jpg,upper-body clothes,265,136,224,88,376,111
19067,img/img_00117549.jpg,lower-body clothes,181,77,188,111,385,204
19068,img/img_00117554.jpg,lower-body clothes,186,68,183,115,421,235
19069,img/img_00117560.jpg,upper-body clothes,132,68,203,135,257,125
19070,img/img_00117561.jpg,upper-body clothes,178,81,227,146,307,129
19071,img/img_00117565.jpg,upper-body clothes,265,182,291,109,425,160
19072,img/img_00117567.jpg,upper-body clothes,296,354,354,0,296,0
19073,img/img_00117574.jpg,upper-body clothes,319,297,297,0,319,0
19074,img/img_00117582.jpg,upper-body clothes,76,286,286,0,76,0
19075,img/img_00117592.jpg,lower-body clothes,150,54,288,234,306,156
19076,img/img_00117597.jpg,lower-body clothes,128,51,135,84,281,153
19077,img/img_00117606.jpg,lower-body clothes,107,20,260,240,280,173
19078,img/img_00117620.jpg,upper-body clothes,238,152,233,81,374,136
19079,img/img_00117621.jpg,upper-body clothes,134,127,192,65,262,128
19080,img/img_00117622.jpg,upper-body clothes,300,176,221,45,418,118
19081,img/img_00117625.jpg,upper-body clothes,344,177,260,83,466,122
19082,img/img_00117634.jpg,lower-body clothes,111,120,175,55,113,2
19083,img/img_00117645.jpg,lower-body clothes,131,148,242,94,153,22
19084,img/img_00117647.jpg,lower-body clothes,242,66,221,155,447,205
19085,img/img_00117650.jpg,lower-body clothes,216,208,208,0,216,0
19086,img/img_00117651.jpg,lower-body clothes,151,32,127,95,291,140
19087,img/img_00117653.jpg,lower-body clothes,147,130,130,0,147,0
19088,img/img_00117657.jpg,lower-body clothes,168,50,140,90,310,142
19089,img/img_00117664.jpg,upper-body clothes,120,76,149,73,190,70
19090,img/img_00117669.jpg,upper-body clothes,271,162,268,106,411,140
19091,img/img_00117677.jpg,upper-body clothes,312,131,143,12,434,122
19092,img/img_00117680.jpg,upper-body clothes,300,257,257,0,300,0
19093,img/img_00117688.jpg,upper-body clothes,142,83,147,64,211,69
19094,img/img_00117695.jpg,upper-body clothes,214,147,206,59,338,124
19095,img/img_00117703.jpg,upper-body clothes,262,92,191,99,359,97
19096,img/img_00117704.jpg,upper-body clothes,154,82,175,93,236,82
19097,img/img_00117707.jpg,upper-body clothes,127,59,143,84,197,70
19098,img/img_00117708.jpg,upper-body clothes,336,290,290,0,336,0
19099,img/img_00117713.jpg,upper-body clothes,311,272,272,0,311,0
19100,img/img_00117719.jpg,upper-body clothes,228,108,267,159,331,103
19101,img/img_00117722.jpg,upper-body clothes,118,75,201,126,194,76
19102,img/img_00117729.jpg,upper-body clothes,129,38,108,70,180,51
19103,img/img_00117755.jpg,upper-body clothes,63,139,139,0,63,0
19104,img/img_00117764.jpg,upper-body clothes,373,363,363,0,373,0
19105,img/img_00117766.jpg,upper-body clothes,106,85,154,69,176,70
19106,img/img_00117770.jpg,upper-body clothes,231,63,301,238,380,149
19107,img/img_00117778.jpg,full-body clothes,317,164,238,74,448,131
19108,img/img_00117784.jpg,full-body clothes,490,201,201,0,490,0
19109,img/img_00117787.jpg,full-body clothes,395,130,224,94,480,85
19110,img/img_00117792.jpg,upper-body clothes,278,188,324,136,406,128
19111,img/img_00117794.jpg,upper-body clothes,131,85,285,200,357,226
19112,img/img_00117798.jpg,upper-body clothes,367,328,328,0,367,0
19113,img/img_00117800.jpg,upper-body clothes,87,46,271,225,403,316
19114,img/img_00117818.jpg,upper-body clothes,240,446,446,0,240,0
19115,img/img_00117824.jpg,upper-body clothes,297,457,457,0,297,0
19116,img/img_00117833.jpg,full-body clothes,174,105,161,56,229,55
19117,img/img_00117838.jpg,full-body clothes,359,215,313,98,469,110
19118,img/img_00117844.jpg,full-body clothes,396,118,237,119,488,92
19119,img/img_00117845.jpg,full-body clothes,310,81,209,128,418,108
19120,img/img_00117854.jpg,lower-body clothes,99,79,145,66,117,18
19121,img/img_00117859.jpg,lower-body clothes,124,171,288,117,138,14
19122,img/img_00117883.jpg,lower-body clothes,345,248,248,0,345,0
19123,img/img_00117892.jpg,lower-body clothes,243,100,229,129,443,200
19124,img/img_00117895.jpg,lower-body clothes,179,59,147,88,206,27
19125,img/img_00117901.jpg,lower-body clothes,267,98,223,125,458,191
19126,img/img_00117919.jpg,lower-body clothes,133,76,186,110,297,164
19127,img/img_00117921.jpg,lower-body clothes,152,145,264,119,354,202
19128,img/img_00117922.jpg,lower-body clothes,152,82,154,72,313,161
19129,img/img_00117929.jpg,upper-body clothes,161,132,239,107,291,130
19130,img/img_00117932.jpg,upper-body clothes,113,63,195,132,199,86
19131,img/img_00117933.jpg,upper-body clothes,235,127,222,95,392,157
19132,img/img_00117947.jpg,upper-body clothes,293,246,246,0,293,0
19133,img/img_00117952.jpg,upper-body clothes,136,203,203,0,136,0
19134,img/img_00117953.jpg,upper-body clothes,193,318,318,0,193,0
19135,img/img_00117957.jpg,lower-body clothes,256,202,326,124,269,13
19136,img/img_00117961.jpg,lower-body clothes,191,149,262,113,372,181
19137,img/img_00117962.jpg,lower-body clothes,51,42,152,110,140,89
19138,img/img_00117964.jpg,lower-body clothes,170,118,236,118,357,187
19139,img/img_00117965.jpg,lower-body clothes,134,128,320,192,171,37
19140,img/img_00117968.jpg,lower-body clothes,110,119,194,75,313,203
19141,img/img_00117981.jpg,lower-body clothes,174,42,162,120,400,226
19142,img/img_00117985.jpg,full-body clothes,392,105,175,70,475,83
19143,img/img_00117988.jpg,full-body clothes,59,227,227,0,59,0
19144,img/img_00117996.jpg,lower-body clothes,107,128,219,91,262,155
19145,img/img_00118018.jpg,upper-body clothes,187,53,125,72,312,125
19146,img/img_00118019.jpg,upper-body clothes,144,95,212,117,249,105
19147,img/img_00118023.jpg,upper-body clothes,166,108,211,103,258,92
19148,img/img_00118031.jpg,upper-body clothes,111,138,161,23,187,76
19149,img/img_00118040.jpg,upper-body clothes,278,49,210,161,394,116
19150,img/img_00118042.jpg,upper-body clothes,209,156,187,31,304,95
19151,img/img_00118044.jpg,upper-body clothes,100,59,203,144,174,74
19152,img/img_00118047.jpg,upper-body clothes,131,48,131,83,205,74
19153,img/img_00118052.jpg,upper-body clothes,132,88,156,68,199,67
19154,img/img_00118055.jpg,upper-body clothes,123,87,127,40,185,62
19155,img/img_00118056.jpg,upper-body clothes,182,78,182,104,266,84
19156,img/img_00118060.jpg,upper-body clothes,141,108,200,92,217,76
19157,img/img_00118064.jpg,upper-body clothes,153,66,156,90,230,77
19158,img/img_00118074.jpg,upper-body clothes,40,33,108,75,83,43
19159,img/img_00118083.jpg,upper-body clothes,75,60,153,93,119,44
19160,img/img_00118095.jpg,upper-body clothes,324,164,338,174,456,132
19161,img/img_00118098.jpg,upper-body clothes,96,49,74,25,145,49
19162,img/img_00118103.jpg,upper-body clothes,168,99,203,104,249,81
19163,img/img_00118106.jpg,full-body clothes,410,79,212,133,489,79
19164,img/img_00118107.jpg,full-body clothes,408,133,240,107,486,78
19165,img/img_00118109.jpg,full-body clothes,426,162,189,27,495,69
19166,img/img_00118114.jpg,full-body clothes,107,209,209,0,107,0
19167,img/img_00118118.jpg,upper-body clothes,223,315,315,0,223,0
19168,img/img_00118130.jpg,upper-body clothes,212,173,173,0,212,0
19169,img/img_00118132.jpg,upper-body clothes,165,377,377,0,165,0
19170,img/img_00118139.jpg,upper-body clothes,348,315,348,33,446,98
19171,img/img_00118145.jpg,upper-body clothes,315,206,229,23,416,101
19172,img/img_00118149.jpg,upper-body clothes,323,152,278,126,431,108
19173,img/img_00118156.jpg,upper-body clothes,187,89,284,195,275,88
19174,img/img_00118159.jpg,upper-body clothes,160,67,116,49,234,74
19175,img/img_00118164.jpg,upper-body clothes,133,64,226,162,209,76
19176,img/img_00118166.jpg,upper-body clothes,280,166,232,66,291,11
19177,img/img_00118179.jpg,upper-body clothes,165,123,173,50,259,94
19178,img/img_00118180.jpg,upper-body clothes,319,178,178,0,319,0
19179,img/img_00118181.jpg,upper-body clothes,253,182,292,110,393,140
19180,img/img_00118185.jpg,upper-body clothes,160,147,225,78,345,185
19181,img/img_00118189.jpg,upper-body clothes,136,121,210,89,291,155
19182,img/img_00118190.jpg,upper-body clothes,172,193,269,76,277,105
19183,img/img_00118196.jpg,upper-body clothes,194,52,165,113,309,115
19184,img/img_00118218.jpg,upper-body clothes,282,139,244,105,398,116
19185,img/img_00118242.jpg,upper-body clothes,283,83,233,150,394,111
19186,img/img_00118247.jpg,upper-body clothes,486,346,412,66,502,16
19187,img/img_00118252.jpg,upper-body clothes,243,178,280,102,374,131
19188,img/img_00118259.jpg,upper-body clothes,300,129,275,146,401,101
19189,img/img_00118265.jpg,upper-body clothes,279,140,225,85,379,100
19190,img/img_00118266.jpg,upper-body clothes,263,166,227,61,288,25
19191,img/img_00118272.jpg,upper-body clothes,427,130,199,69,448,21
19192,img/img_00118278.jpg,upper-body clothes,282,82,157,75,368,86
19193,img/img_00118279.jpg,upper-body clothes,265,200,238,38,414,149
19194,img/img_00118281.jpg,upper-body clothes,135,149,255,106,183,48
19195,img/img_00118291.jpg,upper-body clothes,104,49,127,78,167,63
19196,img/img_00118292.jpg,upper-body clothes,150,77,122,45,228,78
19197,img/img_00118295.jpg,upper-body clothes,165,128,180,52,301,136
19198,img/img_00118296.jpg,upper-body clothes,305,144,285,141,425,120
19199,img/img_00118304.jpg,upper-body clothes,282,157,190,33,508,226
19200,img/img_00118319.jpg,upper-body clothes,105,80,190,110,323,218
19201,img/img_00118323.jpg,upper-body clothes,185,108,240,132,318,133
19202,img/img_00118327.jpg,upper-body clothes,189,150,247,97,348,159
19203,img/img_00118344.jpg,upper-body clothes,135,63,125,62,209,74
19204,img/img_00118350.jpg,upper-body clothes,340,296,296,0,340,0
19205,img/img_00118356.jpg,upper-body clothes,138,109,439,330,288,150
19206,img/img_00118361.jpg,upper-body clothes,139,98,240,142,197,58
19207,img/img_00118363.jpg,upper-body clothes,104,95,288,193,232,128
19208,img/img_00118379.jpg,upper-body clothes,114,124,156,32,178,64
19209,img/img_00118381.jpg,upper-body clothes,112,74,123,49,171,59
19210,img/img_00118383.jpg,upper-body clothes,76,63,136,73,141,65
19211,img/img_00118387.jpg,upper-body clothes,228,138,170,32,241,13
19212,img/img_00118390.jpg,upper-body clothes,158,77,149,72,230,72
19213,img/img_00118393.jpg,upper-body clothes,191,153,228,75,271,80
19214,img/img_00118402.jpg,upper-body clothes,311,195,280,85,420,109
19215,img/img_00118404.jpg,upper-body clothes,104,20,145,125,156,52
19216,img/img_00118406.jpg,upper-body clothes,186,142,142,0,186,0
19217,img/img_00118408.jpg,upper-body clothes,330,195,289,94,373,43
19218,img/img_00118413.jpg,full-body clothes,229,71,185,114,290,61
19219,img/img_00118422.jpg,full-body clothes,413,140,253,113,477,64
19220,img/img_00118425.jpg,full-body clothes,362,330,330,0,362,0
19221,img/img_00118429.jpg,lower-body clothes,387,137,257,120,412,25
19222,img/img_00118438.jpg,lower-body clothes,205,74,202,128,383,178
19223,img/img_00118440.jpg,lower-body clothes,62,66,149,83,242,180
19224,img/img_00118448.jpg,lower-body clothes,120,45,135,90,235,115
19225,img/img_00118449.jpg,lower-body clothes,444,236,308,72,474,30
19226,img/img_00118452.jpg,lower-body clothes,295,134,273,139,347,52
19227,img/img_00118454.jpg,lower-body clothes,140,72,156,84,307,167
19228,img/img_00118465.jpg,upper-body clothes,250,115,224,109,393,143
19229,img/img_00118470.jpg,upper-body clothes,167,110,247,137,220,53
19230,img/img_00118475.jpg,upper-body clothes,50,35,115,80,101,51
19231,img/img_00118479.jpg,full-body clothes,201,123,230,107,292,91
19232,img/img_00118495.jpg,full-body clothes,199,90,240,150,292,93
19233,img/img_00118497.jpg,full-body clothes,380,106,200,94,477,97
19234,img/img_00118498.jpg,full-body clothes,358,44,210,166,481,123
19235,img/img_00118503.jpg,full-body clothes,216,59,148,89,271,55
19236,img/img_00118513.jpg,upper-body clothes,85,95,157,62,152,67
19237,img/img_00118514.jpg,upper-body clothes,184,181,235,54,309,125
19238,img/img_00118516.jpg,upper-body clothes,78,97,159,62,140,62
19239,img/img_00118522.jpg,full-body clothes,345,273,273,0,345,0
19240,img/img_00118542.jpg,upper-body clothes,184,91,188,97,331,147
19241,img/img_00118544.jpg,upper-body clothes,290,206,254,48,296,6
19242,img/img_00118547.jpg,upper-body clothes,271,286,286,0,271,0
19243,img/img_00118551.jpg,upper-body clothes,114,79,166,87,216,102
19244,img/img_00118554.jpg,upper-body clothes,227,169,183,14,246,19
19245,img/img_00118559.jpg,upper-body clothes,142,85,175,90,243,101
19246,img/img_00118561.jpg,upper-body clothes,100,56,126,70,161,61
19247,img/img_00118572.jpg,upper-body clothes,286,313,313,0,286,0
19248,img/img_00118573.jpg,upper-body clothes,178,133,288,155,346,168
19249,img/img_00118574.jpg,upper-body clothes,321,246,246,0,321,0
19250,img/img_00118579.jpg,upper-body clothes,142,76,133,57,213,71
19251,img/img_00118580.jpg,upper-body clothes,224,147,217,70,366,142
19252,img/img_00118581.jpg,upper-body clothes,254,109,188,79,363,109
19253,img/img_00118585.jpg,upper-body clothes,123,98,191,93,213,90
19254,img/img_00118588.jpg,upper-body clothes,331,170,221,51,474,143
19255,img/img_00118589.jpg,upper-body clothes,397,227,336,109,435,38
19256,img/img_00118590.jpg,upper-body clothes,57,38,149,111,100,43
19257,img/img_00118604.jpg,full-body clothes,408,255,255,0,408,0
19258,img/img_00118613.jpg,full-body clothes,152,102,177,75,256,104
19259,img/img_00118616.jpg,full-body clothes,350,108,219,111,467,117
19260,img/img_00118621.jpg,full-body clothes,335,164,164,0,335,0
19261,img/img_00118625.jpg,full-body clothes,315,71,180,109,439,124
19262,img/img_00118630.jpg,upper-body clothes,270,82,196,114,386,116
19263,img/img_00118638.jpg,upper-body clothes,276,113,218,105,389,113
19264,img/img_00118640.jpg,full-body clothes,184,100,466,366,258,74
19265,img/img_00118641.jpg,full-body clothes,335,93,173,80,422,87
19266,img/img_00118650.jpg,upper-body clothes,292,177,177,0,292,0
19267,img/img_00118652.jpg,upper-body clothes,246,96,194,98,434,188
19268,img/img_00118657.jpg,upper-body clothes,289,143,249,106,420,131
19269,img/img_00118659.jpg,upper-body clothes,83,20,58,38,118,35
19270,img/img_00118667.jpg,upper-body clothes,122,196,196,0,122,0
19271,img/img_00118669.jpg,upper-body clothes,91,57,130,73,156,65
19272,img/img_00118670.jpg,upper-body clothes,205,122,192,70,327,122
19273,img/img_00118671.jpg,upper-body clothes,164,83,161,78,236,72
19274,img/img_00118684.jpg,upper-body clothes,187,112,251,139,322,135
19275,img/img_00118694.jpg,upper-body clothes,267,107,220,113,410,143
19276,img/img_00118698.jpg,upper-body clothes,188,129,212,83,310,122
19277,img/img_00118699.jpg,upper-body clothes,152,117,175,58,170,18
19278,img/img_00118701.jpg,upper-body clothes,183,145,256,111,406,223
19279,img/img_00118703.jpg,upper-body clothes,129,78,260,182,264,135
19280,img/img_00118707.jpg,upper-body clothes,474,258,306,48,488,14
19281,img/img_00118718.jpg,full-body clothes,372,136,226,90,506,134
19282,img/img_00118722.jpg,full-body clothes,272,164,250,86,382,110
19283,img/img_00118727.jpg,upper-body clothes,201,134,266,132,298,97
19284,img/img_00118739.jpg,upper-body clothes,122,72,138,66,189,67
19285,img/img_00118749.jpg,upper-body clothes,335,191,277,86,492,157
19286,img/img_00118757.jpg,upper-body clothes,269,138,231,93,377,108
19287,img/img_00118758.jpg,upper-body clothes,160,117,267,150,288,128
19288,img/img_00118761.jpg,upper-body clothes,305,223,322,99,447,142
19289,img/img_00118763.jpg,upper-body clothes,372,139,265,126,495,123
19290,img/img_00118770.jpg,upper-body clothes,319,130,254,124,430,111
19291,img/img_00118775.jpg,upper-body clothes,224,136,201,65,358,134
19292,img/img_00118776.jpg,upper-body clothes,331,129,240,111,483,152
19293,img/img_00118789.jpg,upper-body clothes,151,53,80,27,153,2
19294,img/img_00118794.jpg,upper-body clothes,30,57,57,0,30,0
19295,img/img_00118796.jpg,upper-body clothes,323,123,217,94,337,14
19296,img/img_00118806.jpg,upper-body clothes,143,80,258,178,227,84
19297,img/img_00118811.jpg,upper-body clothes,252,121,297,176,403,151
19298,img/img_00118812.jpg,upper-body clothes,181,115,278,163,337,156
19299,img/img_00118817.jpg,upper-body clothes,136,82,163,81,209,73
19300,img/img_00118819.jpg,upper-body clothes,162,123,183,60,269,107
19301,img/img_00118827.jpg,full-body clothes,329,105,197,92,421,92
19302,img/img_00118828.jpg,full-body clothes,330,74,148,74,408,78
19303,img/img_00118832.jpg,full-body clothes,345,102,231,129,465,120
19304,img/img_00118850.jpg,upper-body clothes,210,186,269,83,344,134
19305,img/img_00118860.jpg,lower-body clothes,189,33,201,168,195,6
19306,img/img_00118890.jpg,upper-body clothes,152,84,153,69,222,70
19307,img/img_00118895.jpg,upper-body clothes,94,54,128,74,143,49
19308,img/img_00118897.jpg,upper-body clothes,253,122,211,89,390,137
19309,img/img_00118903.jpg,upper-body clothes,123,75,108,33,193,70
19310,img/img_00118904.jpg,upper-body clothes,169,105,239,134,271,102
19311,img/img_00118911.jpg,upper-body clothes,242,104,186,82,333,91
19312,img/img_00118915.jpg,upper-body clothes,271,124,219,95,408,137
19313,img/img_00118922.jpg,upper-body clothes,128,77,122,45,190,62
19314,img/img_00118932.jpg,lower-body clothes,82,103,267,164,267,185
19315,img/img_00118936.jpg,lower-body clothes,84,65,102,37,214,130
19316,img/img_00118941.jpg,lower-body clothes,124,137,466,329,248,124
19317,img/img_00118948.jpg,lower-body clothes,129,100,135,35,298,169
19318,img/img_00118953.jpg,full-body clothes,198,127,170,43,281,83
19319,img/img_00118964.jpg,full-body clothes,171,52,156,104,232,61
19320,img/img_00118968.jpg,full-body clothes,315,133,223,90,419,104
19321,img/img_00118969.jpg,full-body clothes,384,107,224,117,501,117
19322,img/img_00118982.jpg,full-body clothes,386,87,243,156,479,93
19323,img/img_00118984.jpg,full-body clothes,309,134,236,102,417,108
19324,img/img_00118985.jpg,full-body clothes,168,32,117,85,230,62
19325,img/img_00118988.jpg,full-body clothes,344,62,157,95,461,117
19326,img/img_00118993.jpg,upper-body clothes,195,118,173,55,276,81
19327,img/img_00119003.jpg,upper-body clothes,169,188,188,0,169,0
19328,img/img_00119004.jpg,upper-body clothes,121,87,127,40,190,69
19329,img/img_00119010.jpg,upper-body clothes,254,302,302,0,254,0
19330,img/img_00119011.jpg,upper-body clothes,255,263,263,0,255,0
19331,img/img_00119012.jpg,upper-body clothes,289,128,256,128,407,118
19332,img/img_00119016.jpg,upper-body clothes,132,69,146,77,220,88
19333,img/img_00119017.jpg,upper-body clothes,148,97,141,44,203,55
19334,img/img_00119018.jpg,upper-body clothes,295,84,203,119,414,119
19335,img/img_00119032.jpg,upper-body clothes,169,112,235,123,333,164
19336,img/img_00119046.jpg,upper-body clothes,178,119,169,50,270,92
19337,img/img_00119053.jpg,upper-body clothes,250,100,155,55,378,128
19338,img/img_00119056.jpg,upper-body clothes,157,99,199,100,293,136
19339,img/img_00119074.jpg,upper-body clothes,349,192,278,86,480,131
19340,img/img_00119075.jpg,upper-body clothes,343,128,253,125,485,142
19341,img/img_00119086.jpg,full-body clothes,363,266,266,0,363,0
19342,img/img_00119088.jpg,full-body clothes,266,69,191,122,347,81
19343,img/img_00119089.jpg,full-body clothes,176,63,121,58,217,41
19344,img/img_00119090.jpg,full-body clothes,396,129,255,126,506,110
19345,img/img_00119091.jpg,full-body clothes,388,180,328,148,479,91
19346,img/img_00119115.jpg,lower-body clothes,117,45,141,96,204,87
19347,img/img_00119120.jpg,full-body clothes,233,96,209,113,316,83
19348,img/img_00119136.jpg,lower-body clothes,277,445,472,27,299,22
19349,img/img_00119137.jpg,lower-body clothes,247,327,368,41,368,121
19350,img/img_00119139.jpg,lower-body clothes,99,169,236,67,324,225
19351,img/img_00119155.jpg,lower-body clothes,156,61,208,147,219,63
19352,img/img_00119167.jpg,full-body clothes,345,172,282,110,475,130
19353,img/img_00119179.jpg,full-body clothes,296,130,220,90,410,114
19354,img/img_00119184.jpg,upper-body clothes,239,179,273,94,399,160
19355,img/img_00119185.jpg,upper-body clothes,212,147,241,94,341,129
19356,img/img_00119188.jpg,upper-body clothes,97,77,261,184,185,88
19357,img/img_00119195.jpg,upper-body clothes,264,121,196,75,365,101
19358,img/img_00119200.jpg,upper-body clothes,278,86,199,113,413,135
19359,img/img_00119202.jpg,upper-body clothes,117,87,153,66,174,57
19360,img/img_00119207.jpg,upper-body clothes,266,196,208,12,435,169
19361,img/img_00119215.jpg,upper-body clothes,186,110,205,95,285,99
19362,img/img_00119218.jpg,upper-body clothes,154,394,394,0,154,0
19363,img/img_00119226.jpg,upper-body clothes,305,142,339,197,488,183
19364,img/img_00119228.jpg,upper-body clothes,474,298,298,0,474,0
19365,img/img_00119241.jpg,lower-body clothes,43,61,154,93,179,136
19366,img/img_00119255.jpg,upper-body clothes,107,76,212,136,211,104
19367,img/img_00119264.jpg,upper-body clothes,86,86,190,104,137,51
19368,img/img_00119265.jpg,upper-body clothes,122,48,237,189,214,92
19369,img/img_00119267.jpg,upper-body clothes,118,87,224,137,196,78
19370,img/img_00119273.jpg,upper-body clothes,346,168,233,65,450,104
19371,img/img_00119277.jpg,upper-body clothes,409,211,289,78,480,71
19372,img/img_00119279.jpg,upper-body clothes,506,299,299,0,506,0
19373,img/img_00119283.jpg,upper-body clothes,449,487,487,0,449,0
19374,img/img_00119290.jpg,upper-body clothes,349,136,241,105,431,82
19375,img/img_00119294.jpg,upper-body clothes,95,96,208,112,161,66
19376,img/img_00119303.jpg,upper-body clothes,182,143,221,78,303,121
19377,img/img_00119319.jpg,lower-body clothes,56,66,108,42,173,117
19378,img/img_00119322.jpg,full-body clothes,199,453,453,0,199,0
19379,img/img_00119330.jpg,full-body clothes,359,130,199,69,438,79
19380,img/img_00119337.jpg,full-body clothes,181,83,193,110,258,77
19381,img/img_00119338.jpg,full-body clothes,360,143,232,89,493,133
19382,img/img_00119339.jpg,full-body clothes,367,270,270,0,367,0
19383,img/img_00119348.jpg,lower-body clothes,169,165,296,131,489,320
19384,img/img_00119371.jpg,full-body clothes,374,122,243,121,448,74
19385,img/img_00119372.jpg,full-body clothes,393,57,272,215,484,91
19386,img/img_00119375.jpg,full-body clothes,173,218,218,0,173,0
19387,img/img_00119377.jpg,full-body clothes,397,115,211,96,479,82
19388,img/img_00119382.jpg,full-body clothes,395,177,206,29,470,75
19389,img/img_00119390.jpg,full-body clothes,244,61,240,179,328,84
19390,img/img_00119391.jpg,full-body clothes,404,124,220,96,492,88
19391,img/img_00119392.jpg,full-body clothes,376,77,250,173,459,83
19392,img/img_00119395.jpg,upper-body clothes,222,54,167,113,358,136
19393,img/img_00119403.jpg,upper-body clothes,312,239,335,96,487,175
19394,img/img_00119406.jpg,upper-body clothes,214,183,283,100,331,117
19395,img/img_00119408.jpg,upper-body clothes,101,68,102,34,160,59
19396,img/img_00119420.jpg,full-body clothes,224,116,255,139,314,90
19397,img/img_00119423.jpg,full-body clothes,216,103,168,65,280,64
19398,img/img_00119424.jpg,full-body clothes,348,200,359,159,377,29
19399,img/img_00119427.jpg,full-body clothes,346,128,313,185,435,89
19400,img/img_00119428.jpg,full-body clothes,366,121,171,50,460,94
19401,img/img_00119429.jpg,full-body clothes,300,46,180,134,346,46
19402,img/img_00119430.jpg,full-body clothes,327,150,225,75,458,131
19403,img/img_00119435.jpg,full-body clothes,326,191,254,63,432,106
19404,img/img_00119446.jpg,full-body clothes,285,173,256,83,397,112
19405,img/img_00119447.jpg,full-body clothes,347,147,259,112,478,131
19406,img/img_00119456.jpg,upper-body clothes,133,36,167,131,219,86
19407,img/img_00119457.jpg,upper-body clothes,123,89,142,53,196,73
19408,img/img_00119464.jpg,full-body clothes,204,113,160,47,228,24
19409,img/img_00119473.jpg,full-body clothes,352,285,285,0,352,0
19410,img/img_00119476.jpg,full-body clothes,305,98,228,130,432,127
19411,img/img_00119500.jpg,full-body clothes,353,130,273,143,489,136
19412,img/img_00119501.jpg,full-body clothes,203,230,230,0,203,0
19413,img/img_00119502.jpg,full-body clothes,280,172,327,155,375,95
19414,img/img_00119509.jpg,upper-body clothes,236,168,235,67,388,152
19415,img/img_00119514.jpg,upper-body clothes,369,171,171,0,369,0
19416,img/img_00119517.jpg,upper-body clothes,338,116,221,105,449,111
19417,img/img_00119531.jpg,full-body clothes,194,93,211,118,259,65
19418,img/img_00119534.jpg,full-body clothes,338,212,275,63,442,104
19419,img/img_00119535.jpg,full-body clothes,152,85,136,51,223,71
19420,img/img_00119542.jpg,full-body clothes,327,210,210,0,327,0
19421,img/img_00119543.jpg,full-body clothes,126,65,189,124,178,52
19422,img/img_00119552.jpg,full-body clothes,350,173,284,111,485,135
19423,img/img_00119554.jpg,full-body clothes,278,69,249,180,375,97
19424,img/img_00119558.jpg,full-body clothes,197,71,162,91,288,91
19425,img/img_00119562.jpg,full-body clothes,390,115,222,107,465,75
19426,img/img_00119573.jpg,full-body clothes,193,74,157,83,264,71
19427,img/img_00119578.jpg,full-body clothes,198,99,224,125,284,86
19428,img/img_00119581.jpg,upper-body clothes,436,387,387,0,436,0
19429,img/img_00119586.jpg,upper-body clothes,294,130,243,113,450,156
19430,img/img_00119593.jpg,full-body clothes,215,29,166,137,315,100
19431,img/img_00119603.jpg,full-body clothes,404,142,232,90,501,97
19432,img/img_00119607.jpg,upper-body clothes,127,95,378,283,226,99
19433,img/img_00119613.jpg,upper-body clothes,137,78,219,141,255,118
19434,img/img_00119622.jpg,upper-body clothes,143,145,230,85,264,121
19435,img/img_00119640.jpg,lower-body clothes,61,53,148,95,172,111
19436,img/img_00119646.jpg,full-body clothes,346,212,280,68,500,154
19437,img/img_00119647.jpg,full-body clothes,437,348,348,0,437,0
19438,img/img_00119649.jpg,full-body clothes,225,115,250,135,309,84
19439,img/img_00119650.jpg,full-body clothes,330,110,224,114,440,110
19440,img/img_00119655.jpg,full-body clothes,267,100,188,88,369,102
19441,img/img_00119661.jpg,full-body clothes,293,154,253,99,427,134
19442,img/img_00119681.jpg,lower-body clothes,86,377,377,0,86,0
19443,img/img_00119683.jpg,lower-body clothes,152,160,248,88,469,317
19444,img/img_00119688.jpg,lower-body clothes,122,154,246,92,435,313
19445,img/img_00119697.jpg,full-body clothes,310,171,257,86,420,110
19446,img/img_00119707.jpg,upper-body clothes,277,195,286,91,423,146
19447,img/img_00119716.jpg,upper-body clothes,155,130,223,93,263,108
19448,img/img_00119726.jpg,upper-body clothes,118,126,197,71,236,118
19449,img/img_00119728.jpg,upper-body clothes,183,155,241,86,297,114
19450,img/img_00119731.jpg,upper-body clothes,148,103,140,37,219,71
19451,img/img_00119735.jpg,upper-body clothes,141,102,171,69,204,63
19452,img/img_00119736.jpg,upper-body clothes,331,266,266,0,331,0
19453,img/img_00119737.jpg,upper-body clothes,128,86,223,137,281,153
19454,img/img_00119742.jpg,full-body clothes,176,105,209,104,251,75
19455,img/img_00119754.jpg,full-body clothes,138,65,139,74,205,67
19456,img/img_00119760.jpg,lower-body clothes,377,363,363,0,377,0
19457,img/img_00119762.jpg,full-body clothes,314,77,310,233,433,119
19458,img/img_00119763.jpg,full-body clothes,372,120,249,129,472,100
19459,img/img_00119770.jpg,full-body clothes,416,236,236,0,416,0
19460,img/img_00119772.jpg,full-body clothes,319,96,213,117,464,145
19461,img/img_00119773.jpg,upper-body clothes,264,190,190,0,264,0
19462,img/img_00119776.jpg,upper-body clothes,256,266,330,64,418,162
19463,img/img_00119781.jpg,upper-body clothes,144,128,231,103,213,69
19464,img/img_00119791.jpg,full-body clothes,361,80,225,145,453,92
19465,img/img_00119794.jpg,full-body clothes,351,102,235,133,429,78
19466,img/img_00119795.jpg,full-body clothes,92,125,125,0,92,0
19467,img/img_00119808.jpg,full-body clothes,200,106,155,49,240,40
19468,img/img_00119817.jpg,full-body clothes,268,141,182,41,371,103
19469,img/img_00119818.jpg,full-body clothes,193,151,249,98,265,72
19470,img/img_00119836.jpg,full-body clothes,100,34,34,0,100,0
19471,img/img_00119842.jpg,full-body clothes,401,202,202,0,401,0
19472,img/img_00119847.jpg,full-body clothes,491,173,173,0,491,0
19473,img/img_00119852.jpg,lower-body clothes,249,110,167,57,299,50
19474,img/img_00119857.jpg,lower-body clothes,285,231,231,0,285,0
19475,img/img_00119866.jpg,lower-body clothes,493,168,340,172,505,12
19476,img/img_00119867.jpg,lower-body clothes,313,96,195,99,337,24
19477,img/img_00119922.jpg,lower-body clothes,134,282,292,10,195,61
19478,img/img_00119923.jpg,lower-body clothes,53,123,125,2,177,124
19479,img/img_00119925.jpg,lower-body clothes,411,369,369,0,411,0
19480,img/img_00119926.jpg,lower-body clothes,86,24,401,377,224,138
19481,img/img_00119930.jpg,lower-body clothes,154,165,278,113,456,302
19482,img/img_00119934.jpg,lower-body clothes,386,314,314,0,386,0
19483,img/img_00119937.jpg,lower-body clothes,114,153,180,27,174,60
19484,img/img_00119949.jpg,upper-body clothes,213,96,241,145,350,137
19485,img/img_00119956.jpg,upper-body clothes,165,37,115,78,236,71
19486,img/img_00119966.jpg,lower-body clothes,116,109,203,94,299,183
19487,img/img_00119968.jpg,lower-body clothes,175,184,230,46,376,201
19488,img/img_00119971.jpg,lower-body clothes,111,90,127,37,230,119
19489,img/img_00119976.jpg,full-body clothes,200,32,205,173,292,92
19490,img/img_00119985.jpg,full-body clothes,290,161,306,145,419,129
19491,img/img_00119995.jpg,full-body clothes,326,46,182,136,422,96
19492,img/img_00119996.jpg,full-body clothes,190,138,227,89,262,72
19493,img/img_00120000.jpg,full-body clothes,367,182,287,105,475,108
19494,img/img_00120022.jpg,lower-body clothes,90,160,242,82,408,318
19495,img/img_00120026.jpg,lower-body clothes,195,446,446,0,195,0
19496,img/img_00120028.jpg,lower-body clothes,209,181,206,25,248,39
19497,img/img_00120054.jpg,lower-body clothes,173,241,285,44,451,278
19498,img/img_00120055.jpg,lower-body clothes,189,266,341,75,492,303
19499,img/img_00120063.jpg,lower-body clothes,229,161,335,174,456,227
19500,img/img_00120066.jpg,lower-body clothes,291,107,201,94,293,2
19501,img/img_00120075.jpg,lower-body clothes,461,288,288,0,461,0
19502,img/img_00120080.jpg,lower-body clothes,56,96,210,114,275,219
19503,img/img_00120082.jpg,lower-body clothes,68,84,141,57,197,129
19504,img/img_00120087.jpg,lower-body clothes,87,98,167,69,310,223
19505,img/img_00120089.jpg,lower-body clothes,78,141,199,58,319,241
19506,img/img_00120090.jpg,lower-body clothes,143,199,281,82,477,334
19507,img/img_00120103.jpg,full-body clothes,348,41,193,152,490,142
19508,img/img_00120104.jpg,full-body clothes,353,173,255,82,471,118
19509,img/img_00120112.jpg,upper-body clothes,382,138,229,91,490,108
19510,img/img_00120113.jpg,lower-body clothes,130,110,203,93,166,36
19511,img/img_00120120.jpg,lower-body clothes,107,82,198,116,297,190
19512,img/img_00120122.jpg,lower-body clothes,271,223,266,43,303,32
19513,img/img_00120135.jpg,upper-body clothes,237,143,249,106,364,127
19514,img/img_00120144.jpg,upper-body clothes,272,134,251,117,444,172
19515,img/img_00120145.jpg,upper-body clothes,346,216,272,56,357,11
19516,img/img_00120147.jpg,upper-body clothes,121,102,480,378,148,27
19517,img/img_00120159.jpg,upper-body clothes,87,58,88,30,127,40
19518,img/img_00120161.jpg,upper-body clothes,333,89,242,153,429,96
19519,img/img_00120162.jpg,upper-body clothes,274,172,258,86,441,167
19520,img/img_00120163.jpg,upper-body clothes,232,240,305,65,356,124
19521,img/img_00120165.jpg,upper-body clothes,236,228,228,0,236,0
19522,img/img_00120169.jpg,upper-body clothes,276,249,249,0,276,0
19523,img/img_00120176.jpg,upper-body clothes,207,165,221,56,313,106
19524,img/img_00120183.jpg,upper-body clothes,161,152,211,59,272,111
19525,img/img_00120185.jpg,upper-body clothes,180,153,266,113,339,159
19526,img/img_00120203.jpg,full-body clothes,312,160,239,79,427,115
19527,img/img_00120209.jpg,full-body clothes,169,131,218,87,256,87
19528,img/img_00120210.jpg,full-body clothes,257,39,161,122,336,79
19529,img/img_00120212.jpg,full-body clothes,279,150,235,85,405,126
19530,img/img_00120213.jpg,full-body clothes,180,95,193,98,244,64
19531,img/img_00120219.jpg,full-body clothes,356,164,216,52,442,86
19532,img/img_00120230.jpg,upper-body clothes,177,67,102,35,232,55
19533,img/img_00120235.jpg,upper-body clothes,260,113,234,121,407,147
19534,img/img_00120241.jpg,upper-body clothes,185,108,224,116,353,168
19535,img/img_00120248.jpg,full-body clothes,346,314,314,0,346,0
19536,img/img_00120249.jpg,full-body clothes,209,92,197,105,272,63
19537,img/img_00120257.jpg,full-body clothes,170,96,228,132,289,119
19538,img/img_00120267.jpg,upper-body clothes,313,212,251,39,389,76
19539,img/img_00120268.jpg,upper-body clothes,258,168,241,73,425,167
19540,img/img_00120269.jpg,upper-body clothes,77,65,150,85,192,115
19541,img/img_00120279.jpg,upper-body clothes,133,131,246,115,298,165
19542,img/img_00120284.jpg,full-body clothes,494,324,324,0,494,0
19543,img/img_00120285.jpg,full-body clothes,451,321,321,0,451,0
19544,img/img_00120286.jpg,full-body clothes,377,68,241,173,475,98
19545,img/img_00120292.jpg,full-body clothes,194,124,263,139,316,122
19546,img/img_00120298.jpg,upper-body clothes,466,142,142,0,466,0
19547,img/img_00120302.jpg,upper-body clothes,257,144,222,78,405,148
19548,img/img_00120315.jpg,upper-body clothes,233,89,199,110,336,103
19549,img/img_00120318.jpg,upper-body clothes,167,83,193,110,252,85
19550,img/img_00120320.jpg,upper-body clothes,254,176,348,172,425,171
19551,img/img_00120321.jpg,upper-body clothes,146,80,193,113,247,101
19552,img/img_00120330.jpg,full-body clothes,338,285,285,0,338,0
19553,img/img_00120331.jpg,full-body clothes,163,77,151,74,223,60
19554,img/img_00120347.jpg,upper-body clothes,152,52,110,58,224,72
19555,img/img_00120359.jpg,upper-body clothes,269,134,211,77,371,102
19556,img/img_00120360.jpg,full-body clothes,273,297,297,0,273,0
19557,img/img_00120361.jpg,full-body clothes,358,144,252,108,458,100
19558,img/img_00120363.jpg,full-body clothes,193,116,186,70,246,53
19559,img/img_00120387.jpg,full-body clothes,380,109,243,134,461,81
19560,img/img_00120390.jpg,full-body clothes,282,117,171,54,285,3
19561,img/img_00120391.jpg,full-body clothes,390,152,311,159,449,59
19562,img/img_00120392.jpg,full-body clothes,442,69,337,268,475,33
19563,img/img_00120400.jpg,full-body clothes,438,206,206,0,438,0
19564,img/img_00120407.jpg,upper-body clothes,401,120,304,184,470,69
19565,img/img_00120408.jpg,upper-body clothes,278,165,243,78,391,113
19566,img/img_00120411.jpg,upper-body clothes,216,157,266,109,347,131
19567,img/img_00120423.jpg,upper-body clothes,324,247,300,53,363,39
19568,img/img_00120424.jpg,upper-body clothes,141,92,127,35,213,72
19569,img/img_00120425.jpg,upper-body clothes,325,174,244,70,461,136
19570,img/img_00120438.jpg,upper-body clothes,160,107,234,127,229,69
19571,img/img_00120439.jpg,upper-body clothes,103,78,145,67,170,67
19572,img/img_00120444.jpg,full-body clothes,280,266,266,0,280,0
19573,img/img_00120459.jpg,full-body clothes,330,164,173,9,441,111
19574,img/img_00120464.jpg,lower-body clothes,108,156,256,100,416,308
19575,img/img_00120470.jpg,lower-body clothes,78,108,212,104,258,180
19576,img/img_00120472.jpg,lower-body clothes,106,143,262,119,339,233
19577,img/img_00120474.jpg,lower-body clothes,73,111,144,33,127,54
19578,img/img_00120476.jpg,lower-body clothes,53,75,155,80,197,144
19579,img/img_00120487.jpg,full-body clothes,373,265,265,0,373,0
19580,img/img_00120489.jpg,full-body clothes,315,203,282,79,472,157
19581,img/img_00120506.jpg,upper-body clothes,392,306,324,18,444,52
19582,img/img_00120510.jpg,upper-body clothes,150,250,316,66,318,168
19583,img/img_00120512.jpg,full-body clothes,187,48,278,230,260,73
19584,img/img_00120516.jpg,full-body clothes,327,181,236,55,441,114
19585,img/img_00120526.jpg,full-body clothes,353,167,211,44,453,100
19586,img/img_00120528.jpg,full-body clothes,295,121,266,145,401,106
19587,img/img_00120529.jpg,full-body clothes,340,47,205,158,478,138
19588,img/img_00120530.jpg,full-body clothes,233,159,239,80,374,141
19589,img/img_00120534.jpg,upper-body clothes,189,153,224,71,311,122
19590,img/img_00120541.jpg,upper-body clothes,411,262,262,0,411,0
19591,img/img_00120542.jpg,upper-body clothes,176,116,170,54,282,106
19592,img/img_00120550.jpg,upper-body clothes,138,136,314,178,299,161
19593,img/img_00120563.jpg,upper-body clothes,235,99,224,125,335,100
19594,img/img_00120568.jpg,upper-body clothes,224,202,290,88,365,141
19595,img/img_00120578.jpg,upper-body clothes,369,209,298,89,471,102
19596,img/img_00120580.jpg,upper-body clothes,410,205,205,0,410,0
19597,img/img_00120584.jpg,lower-body clothes,59,74,178,104,212,153
19598,img/img_00120587.jpg,lower-body clothes,234,13,137,124,343,109
19599,img/img_00120615.jpg,full-body clothes,305,271,271,0,305,0
19600,img/img_00120621.jpg,full-body clothes,321,220,274,54,479,158
19601,img/img_00120628.jpg,full-body clothes,165,61,134,73,220,55
19602,img/img_00120629.jpg,full-body clothes,248,147,318,171,380,132
19603,img/img_00120630.jpg,upper-body clothes,278,206,339,133,438,160
19604,img/img_00120640.jpg,upper-body clothes,254,230,372,142,373,119
19605,img/img_00120644.jpg,upper-body clothes,254,318,318,0,254,0
19606,img/img_00120645.jpg,upper-body clothes,189,106,216,110,303,114
19607,img/img_00120652.jpg,upper-body clothes,134,90,165,75,204,70
19608,img/img_00120661.jpg,upper-body clothes,120,72,179,107,220,100
19609,img/img_00120663.jpg,full-body clothes,412,137,236,99,509,97
19610,img/img_00120665.jpg,full-body clothes,271,89,233,144,411,140
19611,img/img_00120675.jpg,full-body clothes,295,95,197,102,296,1
19612,img/img_00120695.jpg,full-body clothes,377,34,172,138,458,81
19613,img/img_00120698.jpg,full-body clothes,382,43,195,152,477,95
19614,img/img_00120711.jpg,upper-body clothes,69,206,206,0,69,0
19615,img/img_00120712.jpg,upper-body clothes,149,113,157,44,193,44
19616,img/img_00120720.jpg,full-body clothes,310,135,224,89,409,99
19617,img/img_00120721.jpg,full-body clothes,206,191,191,0,206,0
19618,img/img_00120730.jpg,full-body clothes,204,105,197,92,318,114
19619,img/img_00120733.jpg,full-body clothes,319,50,161,111,440,121
19620,img/img_00120736.jpg,full-body clothes,181,107,228,121,269,88
19621,img/img_00120739.jpg,full-body clothes,313,237,314,77,453,140
19622,img/img_00120752.jpg,upper-body clothes,350,240,240,0,350,0
19623,img/img_00120753.jpg,upper-body clothes,142,105,231,126,239,97
19624,img/img_00120762.jpg,upper-body clothes,273,183,251,68,485,212
19625,img/img_00120764.jpg,upper-body clothes,425,306,306,0,425,0
19626,img/img_00120773.jpg,full-body clothes,259,153,216,63,270,11
19627,img/img_00120776.jpg,full-body clothes,178,85,190,105,228,50
19628,img/img_00120778.jpg,full-body clothes,495,241,241,0,495,0
19629,img/img_00120784.jpg,upper-body clothes,220,55,168,113,345,125
19630,img/img_00120791.jpg,upper-body clothes,317,171,324,153,452,135
19631,img/img_00120798.jpg,upper-body clothes,497,367,367,0,497,0
19632,img/img_00120808.jpg,full-body clothes,148,78,155,77,213,65
19633,img/img_00120819.jpg,upper-body clothes,180,106,163,57,284,104
19634,img/img_00120828.jpg,upper-body clothes,157,87,192,105,246,89
19635,img/img_00120831.jpg,upper-body clothes,188,85,232,147,296,108
19636,img/img_00120834.jpg,upper-body clothes,78,38,137,99,118,40
19637,img/img_00120836.jpg,upper-body clothes,288,202,316,114,456,168
19638,img/img_00120837.jpg,upper-body clothes,142,83,174,91,223,81
19639,img/img_00120849.jpg,upper-body clothes,143,110,249,139,228,85
19640,img/img_00120853.jpg,upper-body clothes,73,143,311,168,250,177
19641,img/img_00120872.jpg,upper-body clothes,255,455,455,0,255,0
19642,img/img_00120874.jpg,upper-body clothes,211,266,305,39,412,201
19643,img/img_00120884.jpg,upper-body clothes,236,121,221,100,289,53
19644,img/img_00120899.jpg,upper-body clothes,63,72,173,101,153,90
19645,img/img_00120901.jpg,upper-body clothes,288,197,197,0,288,0
19646,img/img_00120903.jpg,upper-body clothes,90,175,175,0,90,0
19647,img/img_00120912.jpg,lower-body clothes,233,168,168,0,233,0
19648,img/img_00120921.jpg,lower-body clothes,340,213,213,0,340,0
19649,img/img_00120926.jpg,upper-body clothes,375,95,170,75,417,42
19650,img/img_00120941.jpg,upper-body clothes,150,160,236,76,306,156
19651,img/img_00120942.jpg,upper-body clothes,113,114,222,108,192,79
19652,img/img_00120946.jpg,upper-body clothes,196,145,334,189,327,131
19653,img/img_00120958.jpg,lower-body clothes,51,53,189,136,373,322
19654,img/img_00120959.jpg,lower-body clothes,115,184,262,78,410,295
19655,img/img_00120968.jpg,lower-body clothes,85,99,233,134,318,233
19656,img/img_00120975.jpg,upper-body clothes,186,127,127,0,186,0
19657,img/img_00120977.jpg,upper-body clothes,33,180,180,0,33,0
19658,img/img_00120998.jpg,lower-body clothes,176,35,262,227,188,12
19659,img/img_00121000.jpg,lower-body clothes,250,162,322,160,471,221
19660,img/img_00121003.jpg,lower-body clothes,89,94,193,99,92,3
19661,img/img_00121008.jpg,upper-body clothes,262,76,211,135,386,124
19662,img/img_00121027.jpg,lower-body clothes,210,101,152,51,226,16
19663,img/img_00121032.jpg,lower-body clothes,305,113,172,59,312,7
19664,img/img_00121039.jpg,lower-body clothes,372,144,208,64,388,16
19665,img/img_00121042.jpg,lower-body clothes,386,132,283,151,423,37
19666,img/img_00121043.jpg,lower-body clothes,312,144,264,120,320,8
19667,img/img_00121044.jpg,lower-body clothes,198,73,216,143,373,175
19668,img/img_00121047.jpg,lower-body clothes,230,82,211,129,435,205
19669,img/img_00121080.jpg,lower-body clothes,183,135,190,55,479,296
19670,img/img_00121092.jpg,full-body clothes,206,100,240,140,299,93
19671,img/img_00121096.jpg,full-body clothes,249,125,261,136,335,86
19672,img/img_00121102.jpg,full-body clothes,221,28,141,113,282,61
19673,img/img_00121108.jpg,full-body clothes,208,121,168,47,287,79
19674,img/img_00121116.jpg,full-body clothes,308,137,145,8,364,56
19675,img/img_00121134.jpg,upper-body clothes,339,241,241,0,339,0
19676,img/img_00121135.jpg,upper-body clothes,346,228,228,0,346,0
19677,img/img_00121149.jpg,lower-body clothes,71,82,346,264,342,271
19678,img/img_00121169.jpg,full-body clothes,342,64,296,232,460,118
19679,img/img_00121173.jpg,full-body clothes,379,151,257,106,483,104
19680,img/img_00121176.jpg,full-body clothes,270,134,214,80,406,136
19681,img/img_00121180.jpg,upper-body clothes,138,95,176,81,245,107
19682,img/img_00121182.jpg,upper-body clothes,228,125,229,104,404,176
19683,img/img_00121188.jpg,upper-body clothes,201,230,230,0,201,0
19684,img/img_00121193.jpg,upper-body clothes,155,73,128,55,234,79
19685,img/img_00121195.jpg,upper-body clothes,86,157,157,0,86,0
19686,img/img_00121197.jpg,upper-body clothes,231,124,234,110,404,173
19687,img/img_00121210.jpg,lower-body clothes,111,91,221,130,327,216
19688,img/img_00121211.jpg,lower-body clothes,135,58,129,71,164,29
19689,img/img_00121215.jpg,full-body clothes,207,91,135,44,281,74
19690,img/img_00121224.jpg,full-body clothes,178,103,177,74,304,126
19691,img/img_00121225.jpg,full-body clothes,444,328,328,0,444,0
19692,img/img_00121237.jpg,lower-body clothes,199,355,355,0,199,0
19693,img/img_00121238.jpg,lower-body clothes,82,89,186,97,90,8
19694,img/img_00121241.jpg,lower-body clothes,206,73,73,0,206,0
19695,img/img_00121243.jpg,lower-body clothes,363,260,325,65,415,52
19696,img/img_00121249.jpg,lower-body clothes,70,117,172,55,76,6
19697,img/img_00121250.jpg,upper-body clothes,107,254,254,0,107,0
19698,img/img_00121255.jpg,upper-body clothes,78,146,146,0,78,0
19699,img/img_00121270.jpg,lower-body clothes,82,92,210,118,271,189
19700,img/img_00121271.jpg,lower-body clothes,50,93,194,101,246,196
19701,img/img_00121280.jpg,lower-body clothes,147,131,205,74,171,24
19702,img/img_00121296.jpg,full-body clothes,407,235,235,0,407,0
19703,img/img_00121298.jpg,full-body clothes,405,129,247,118,492,87
19704,img/img_00121305.jpg,full-body clothes,188,76,209,133,276,88
19705,img/img_00121306.jpg,full-body clothes,434,195,195,0,434,0
19706,img/img_00121311.jpg,full-body clothes,180,85,203,118,242,62
19707,img/img_00121320.jpg,upper-body clothes,130,153,153,0,130,0
19708,img/img_00121332.jpg,upper-body clothes,190,91,206,115,312,122
19709,img/img_00121345.jpg,lower-body clothes,203,217,268,51,295,92
19710,img/img_00121346.jpg,lower-body clothes,256,68,198,130,440,184
19711,img/img_00121347.jpg,lower-body clothes,142,139,198,59,444,302
19712,img/img_00121350.jpg,lower-body clothes,56,83,162,79,248,192
19713,img/img_00121352.jpg,upper-body clothes,141,96,189,93,231,90
19714,img/img_00121355.jpg,upper-body clothes,152,165,245,80,305,153
19715,img/img_00121358.jpg,upper-body clothes,146,120,210,90,283,137
19716,img/img_00121361.jpg,upper-body clothes,146,154,217,63,302,156
19717,img/img_00121376.jpg,lower-body clothes,169,73,200,127,386,217
19718,img/img_00121378.jpg,lower-body clothes,133,52,163,111,269,136
19719,img/img_00121391.jpg,lower-body clothes,286,104,247,143,308,22
19720,img/img_00121407.jpg,full-body clothes,194,69,195,126,298,104
19721,img/img_00121411.jpg,full-body clothes,366,97,259,162,474,108
19722,img/img_00121412.jpg,full-body clothes,332,120,248,128,458,126
19723,img/img_00121414.jpg,full-body clothes,498,243,243,0,498,0
19724,img/img_00121435.jpg,full-body clothes,338,253,253,0,338,0
19725,img/img_00121438.jpg,full-body clothes,413,106,225,119,493,80
19726,img/img_00121448.jpg,full-body clothes,466,298,298,0,466,0
19727,img/img_00121449.jpg,full-body clothes,230,378,378,0,230,0
19728,img/img_00121457.jpg,full-body clothes,198,104,198,94,279,81
19729,img/img_00121475.jpg,full-body clothes,209,108,171,63,281,72
19730,img/img_00121480.jpg,upper-body clothes,186,102,229,127,270,84
19731,img/img_00121490.jpg,full-body clothes,407,451,476,25,425,18
19732,img/img_00121491.jpg,full-body clothes,276,115,160,45,279,3
19733,img/img_00121493.jpg,full-body clothes,294,103,184,81,406,112
19734,img/img_00121498.jpg,full-body clothes,318,229,229,0,318,0
19735,img/img_00121499.jpg,full-body clothes,300,157,331,174,463,163
19736,img/img_00121502.jpg,upper-body clothes,95,88,167,79,172,77
19737,img/img_00121509.jpg,upper-body clothes,295,165,263,98,447,152
19738,img/img_00121510.jpg,upper-body clothes,234,134,224,90,359,125
19739,img/img_00121522.jpg,full-body clothes,364,126,249,123,457,93
19740,img/img_00121526.jpg,full-body clothes,369,99,204,105,460,91
19741,img/img_00121530.jpg,full-body clothes,321,64,186,122,415,94
19742,img/img_00121533.jpg,full-body clothes,400,119,125,6,484,84
19743,img/img_00121534.jpg,full-body clothes,423,106,230,124,498,75
19744,img/img_00121537.jpg,upper-body clothes,222,142,228,86,389,167
19745,img/img_00121546.jpg,upper-body clothes,164,72,186,114,256,92
19746,img/img_00121552.jpg,upper-body clothes,171,103,191,88,293,122
19747,img/img_00121554.jpg,upper-body clothes,167,123,233,110,319,152
19748,img/img_00121557.jpg,upper-body clothes,222,172,193,21,291,69
19749,img/img_00121562.jpg,upper-body clothes,326,120,215,95,465,139
19750,img/img_00121575.jpg,full-body clothes,276,124,246,122,401,125
19751,img/img_00121577.jpg,full-body clothes,327,93,228,135,421,94
19752,img/img_00121584.jpg,full-body clothes,156,76,158,82,240,84
19753,img/img_00121603.jpg,full-body clothes,338,134,226,92,472,134
19754,img/img_00121605.jpg,full-body clothes,339,120,234,114,451,112
19755,img/img_00121608.jpg,full-body clothes,352,154,256,102,473,121
19756,img/img_00121613.jpg,full-body clothes,357,316,316,0,357,0
19757,img/img_00121614.jpg,full-body clothes,342,135,255,120,473,131
19758,img/img_00121633.jpg,upper-body clothes,264,82,197,115,386,122
19759,img/img_00121637.jpg,upper-body clothes,181,142,205,63,301,120
19760,img/img_00121656.jpg,lower-body clothes,200,139,242,103,490,290
19761,img/img_00121664.jpg,upper-body clothes,273,177,246,69,432,159
19762,img/img_00121665.jpg,upper-body clothes,196,130,179,49,310,114
19763,img/img_00121676.jpg,lower-body clothes,269,66,147,81,460,191
19764,img/img_00121686.jpg,lower-body clothes,248,89,184,95,461,213
19765,img/img_00121700.jpg,lower-body clothes,77,33,105,72,172,95
19766,img/img_00121706.jpg,lower-body clothes,249,110,218,108,493,244
19767,img/img_00121721.jpg,full-body clothes,200,56,151,95,260,60
19768,img/img_00121725.jpg,upper-body clothes,214,118,249,131,368,154
19769,img/img_00121732.jpg,upper-body clothes,356,157,157,0,356,0
19770,img/img_00121733.jpg,upper-body clothes,185,101,215,114,334,149
19771,img/img_00121736.jpg,upper-body clothes,274,55,165,110,420,146
19772,img/img_00121738.jpg,upper-body clothes,308,191,320,129,480,172
19773,img/img_00121740.jpg,full-body clothes,366,92,211,119,475,109
19774,img/img_00121743.jpg,full-body clothes,249,52,241,189,331,82
19775,img/img_00121745.jpg,full-body clothes,322,164,353,189,443,121
19776,img/img_00121749.jpg,full-body clothes,200,103,200,97,290,90
19777,img/img_00121754.jpg,lower-body clothes,64,144,151,7,194,130
19778,img/img_00121755.jpg,lower-body clothes,173,185,272,87,190,17
19779,img/img_00121756.jpg,lower-body clothes,149,78,240,162,167,18
19780,img/img_00121767.jpg,upper-body clothes,254,269,269,0,254,0
19781,img/img_00121770.jpg,upper-body clothes,488,352,352,0,488,0
19782,img/img_00121783.jpg,upper-body clothes,477,229,229,0,477,0
19783,img/img_00121784.jpg,upper-body clothes,334,282,282,0,334,0
19784,img/img_00121785.jpg,upper-body clothes,100,51,142,91,153,53
19785,img/img_00121789.jpg,full-body clothes,317,148,243,95,442,125
19786,img/img_00121811.jpg,lower-body clothes,227,49,143,94,233,6
19787,img/img_00121819.jpg,lower-body clothes,197,59,195,136,393,196
19788,img/img_00121831.jpg,upper-body clothes,183,104,238,134,454,271
19789,img/img_00121835.jpg,lower-body clothes,96,91,249,158,299,203
19790,img/img_00121837.jpg,lower-body clothes,95,31,115,84,127,32
19791,img/img_00121840.jpg,lower-body clothes,112,110,239,129,334,222
19792,img/img_00121850.jpg,lower-body clothes,86,72,188,116,208,122
19793,img/img_00121851.jpg,lower-body clothes,113,96,158,62,116,3
19794,img/img_00121852.jpg,lower-body clothes,56,93,245,152,289,233
19795,img/img_00121853.jpg,lower-body clothes,81,111,191,80,271,190
19796,img/img_00121854.jpg,lower-body clothes,124,144,216,72,380,256
19797,img/img_00121861.jpg,lower-body clothes,189,147,274,127,393,204
19798,img/img_00121872.jpg,upper-body clothes,191,44,154,110,314,123
19799,img/img_00121875.jpg,upper-body clothes,490,155,155,0,490,0
19800,img/img_00121885.jpg,full-body clothes,373,108,140,32,434,61
19801,img/img_00121886.jpg,full-body clothes,431,244,349,105,502,71
19802,img/img_00121893.jpg,full-body clothes,179,87,178,91,256,77
19803,img/img_00121896.jpg,full-body clothes,309,171,249,78,481,172
19804,img/img_00121897.jpg,full-body clothes,341,56,166,110,467,126
19805,img/img_00121906.jpg,upper-body clothes,61,75,135,60,135,74
19806,img/img_00121915.jpg,full-body clothes,455,218,283,65,475,20
19807,img/img_00121919.jpg,full-body clothes,237,73,125,52,294,57
19808,img/img_00121943.jpg,full-body clothes,129,75,215,140,279,150
19809,img/img_00121948.jpg,lower-body clothes,102,75,300,225,304,202
19810,img/img_00121952.jpg,lower-body clothes,199,173,293,120,480,281
19811,img/img_00121953.jpg,lower-body clothes,151,45,198,153,367,216
19812,img/img_00121957.jpg,full-body clothes,372,87,217,130,458,86
19813,img/img_00121959.jpg,full-body clothes,304,114,284,170,447,143
19814,img/img_00121961.jpg,full-body clothes,221,54,175,121,284,63
19815,img/img_00121964.jpg,full-body clothes,332,80,210,130,416,84
19816,img/img_00121975.jpg,full-body clothes,186,102,123,21,235,49
19817,img/img_00121982.jpg,full-body clothes,317,84,183,99,432,115
19818,img/img_00121986.jpg,full-body clothes,182,112,209,97,261,79
19819,img/img_00121990.jpg,full-body clothes,151,125,159,34,214,63
19820,img/img_00121996.jpg,upper-body clothes,61,37,181,144,279,218
19821,img/img_00122000.jpg,upper-body clothes,206,87,211,124,351,145
19822,img/img_00122003.jpg,upper-body clothes,169,197,335,138,329,160
19823,img/img_00122010.jpg,upper-body clothes,300,167,275,108,457,157
19824,img/img_00122013.jpg,upper-body clothes,430,339,339,0,430,0
19825,img/img_00122023.jpg,upper-body clothes,285,204,289,85,457,172
19826,img/img_00122028.jpg,upper-body clothes,106,90,137,47,172,66
19827,img/img_00122041.jpg,full-body clothes,360,155,248,93,483,123
19828,img/img_00122047.jpg,full-body clothes,319,156,265,109,425,106
19829,img/img_00122049.jpg,full-body clothes,410,176,262,86,444,34
19830,img/img_00122059.jpg,lower-body clothes,296,144,328,184,475,179
19831,img/img_00122062.jpg,lower-body clothes,258,125,245,120,394,136
19832,img/img_00122065.jpg,lower-body clothes,73,105,207,102,108,35
19833,img/img_00122066.jpg,lower-body clothes,195,126,214,88,412,217
19834,img/img_00122072.jpg,upper-body clothes,279,86,254,168,399,120
19835,img/img_00122079.jpg,upper-body clothes,240,87,248,161,397,157
19836,img/img_00122080.jpg,upper-body clothes,163,108,304,196,250,87
19837,img/img_00122082.jpg,full-body clothes,197,62,167,105,278,81
19838,img/img_00122083.jpg,full-body clothes,282,50,192,142,370,88
19839,img/img_00122094.jpg,upper-body clothes,299,175,229,54,445,146
19840,img/img_00122098.jpg,full-body clothes,345,221,221,0,345,0
19841,img/img_00122104.jpg,full-body clothes,279,68,215,147,360,81
19842,img/img_00122113.jpg,full-body clothes,238,119,169,50,327,89
19843,img/img_00122120.jpg,upper-body clothes,273,106,186,80,448,175
19844,img/img_00122124.jpg,upper-body clothes,275,190,261,71,381,106
19845,img/img_00122130.jpg,upper-body clothes,76,64,141,77,131,55
19846,img/img_00122132.jpg,upper-body clothes,108,67,136,69,189,81
19847,img/img_00122134.jpg,upper-body clothes,121,97,253,156,151,30
19848,img/img_00122144.jpg,upper-body clothes,102,92,146,54,190,88
19849,img/img_00122156.jpg,full-body clothes,190,68,291,223,233,43
19850,img/img_00122158.jpg,full-body clothes,173,19,180,161,224,51
19851,img/img_00122165.jpg,full-body clothes,197,106,195,89,273,76
19852,img/img_00122171.jpg,upper-body clothes,499,320,320,0,499,0
19853,img/img_00122176.jpg,upper-body clothes,220,138,224,86,339,119
19854,img/img_00122177.jpg,upper-body clothes,483,280,280,0,483,0
19855,img/img_00122182.jpg,full-body clothes,221,323,323,0,221,0
19856,img/img_00122192.jpg,full-body clothes,368,231,231,0,368,0
19857,img/img_00122204.jpg,upper-body clothes,205,142,246,104,402,197
19858,img/img_00122208.jpg,upper-body clothes,218,93,194,101,341,123
19859,img/img_00122209.jpg,upper-body clothes,133,103,203,100,217,84
19860,img/img_00122212.jpg,full-body clothes,178,96,216,120,260,82
19861,img/img_00122217.jpg,full-body clothes,285,233,233,0,285,0
19862,img/img_00122221.jpg,full-body clothes,325,110,141,31,458,133
19863,img/img_00122228.jpg,full-body clothes,175,102,263,161,253,78
19864,img/img_00122231.jpg,full-body clothes,192,68,234,166,256,64
19865,img/img_00122239.jpg,lower-body clothes,139,126,188,62,359,220
19866,img/img_00122249.jpg,lower-body clothes,186,89,189,100,304,118
19867,img/img_00122263.jpg,full-body clothes,219,78,182,104,277,58
19868,img/img_00122270.jpg,full-body clothes,377,98,304,206,472,95
19869,img/img_00122281.jpg,lower-body clothes,321,327,327,0,321,0
19870,img/img_00122285.jpg,lower-body clothes,290,395,468,73,363,73
19871,img/img_00122293.jpg,lower-body clothes,91,72,135,63,104,13
19872,img/img_00122294.jpg,lower-body clothes,9,321,321,0,9,0
19873,img/img_00122316.jpg,full-body clothes,191,73,212,139,282,91
19874,img/img_00122319.jpg,full-body clothes,177,94,199,105,246,69
19875,img/img_00122322.jpg,full-body clothes,474,299,299,0,474,0
19876,img/img_00122326.jpg,upper-body clothes,230,75,147,72,366,136
19877,img/img_00122350.jpg,lower-body clothes,101,85,153,68,300,199
19878,img/img_00122367.jpg,upper-body clothes,463,286,286,0,463,0
19879,img/img_00122372.jpg,lower-body clothes,133,133,243,110,423,290
19880,img/img_00122373.jpg,lower-body clothes,185,199,255,56,436,251
19881,img/img_00122376.jpg,lower-body clothes,52,57,164,107,168,116
19882,img/img_00122385.jpg,lower-body clothes,136,143,232,89,151,15
19883,img/img_00122386.jpg,lower-body clothes,99,83,207,124,281,182
19884,img/img_00122388.jpg,lower-body clothes,90,108,213,105,322,232
19885,img/img_00122409.jpg,full-body clothes,335,135,224,89,450,115
19886,img/img_00122414.jpg,full-body clothes,212,112,221,109,314,102
19887,img/img_00122426.jpg,full-body clothes,306,195,195,0,306,0
19888,img/img_00122434.jpg,full-body clothes,275,424,424,0,275,0
19889,img/img_00122435.jpg,full-body clothes,187,106,179,73,273,86
19890,img/img_00122437.jpg,full-body clothes,385,120,263,143,504,119
19891,img/img_00122438.jpg,full-body clothes,132,68,227,159,193,61
19892,img/img_00122441.jpg,lower-body clothes,91,66,216,150,290,199
19893,img/img_00122452.jpg,lower-body clothes,109,103,162,59,309,200
19894,img/img_00122462.jpg,upper-body clothes,254,124,302,178,437,183
19895,img/img_00122464.jpg,upper-body clothes,174,125,227,102,285,111
19896,img/img_00122473.jpg,upper-body clothes,137,71,135,64,198,61
19897,img/img_00122476.jpg,upper-body clothes,408,255,255,0,408,0
19898,img/img_00122477.jpg,upper-body clothes,302,73,197,124,338,36
19899,img/img_00122479.jpg,upper-body clothes,101,44,88,44,155,54
19900,img/img_00122480.jpg,upper-body clothes,133,96,138,42,215,82
19901,img/img_00122491.jpg,upper-body clothes,266,255,295,40,403,137
19902,img/img_00122493.jpg,upper-body clothes,234,168,244,76,346,112
19903,img/img_00122497.jpg,upper-body clothes,185,142,209,67,264,79
19904,img/img_00122505.jpg,upper-body clothes,96,56,147,91,157,61
19905,img/img_00122509.jpg,upper-body clothes,193,118,235,117,307,114
19906,img/img_00122520.jpg,upper-body clothes,118,82,144,62,189,71
19907,img/img_00122523.jpg,upper-body clothes,421,309,309,0,421,0
19908,img/img_00122526.jpg,upper-body clothes,277,231,231,0,277,0
19909,img/img_00122527.jpg,upper-body clothes,168,48,145,97,235,67
19910,img/img_00122535.jpg,upper-body clothes,232,177,264,87,342,110
19911,img/img_00122544.jpg,upper-body clothes,280,53,205,152,442,162
19912,img/img_00122546.jpg,upper-body clothes,294,33,177,144,393,99
19913,img/img_00122548.jpg,upper-body clothes,48,11,31,20,73,25
19914,img/img_00122549.jpg,upper-body clothes,291,182,259,77,460,169
19915,img/img_00122577.jpg,lower-body clothes,80,77,152,75,119,39
19916,img/img_00122578.jpg,lower-body clothes,205,193,269,76,220,15
19917,img/img_00122584.jpg,lower-body clothes,205,144,278,134,223,18
19918,img/img_00122587.jpg,lower-body clothes,111,87,141,54,118,7
19919,img/img_00122588.jpg,lower-body clothes,409,302,418,116,448,39
19920,img/img_00122611.jpg,upper-body clothes,247,102,220,118,348,101
19921,img/img_00122623.jpg,upper-body clothes,453,346,346,0,453,0
19922,img/img_00122628.jpg,upper-body clothes,224,276,276,0,224,0
19923,img/img_00122629.jpg,upper-body clothes,227,78,168,90,344,117
19924,img/img_00122633.jpg,upper-body clothes,496,234,234,0,496,0
19925,img/img_00122649.jpg,upper-body clothes,149,29,168,139,216,67
19926,img/img_00122653.jpg,upper-body clothes,91,45,132,87,139,48
19927,img/img_00122657.jpg,upper-body clothes,182,129,176,47,215,33
19928,img/img_00122660.jpg,upper-body clothes,323,160,268,108,437,114
19929,img/img_00122666.jpg,upper-body clothes,251,155,240,85,364,113
19930,img/img_00122699.jpg,upper-body clothes,455,296,296,0,455,0
19931,img/img_00122719.jpg,upper-body clothes,269,187,259,72,436,167
19932,img/img_00122732.jpg,upper-body clothes,374,211,292,81,440,66
19933,img/img_00122738.jpg,upper-body clothes,143,72,224,152,222,79
19934,img/img_00122742.jpg,upper-body clothes,268,72,246,174,461,193
19935,img/img_00122748.jpg,upper-body clothes,93,69,128,59,155,62
19936,img/img_00122749.jpg,upper-body clothes,86,65,193,128,177,91
19937,img/img_00122755.jpg,upper-body clothes,177,98,198,100,265,88
19938,img/img_00122761.jpg,upper-body clothes,232,141,224,83,371,139
19939,img/img_00122763.jpg,upper-body clothes,418,308,308,0,418,0
19940,img/img_00122767.jpg,upper-body clothes,341,337,337,0,341,0
19941,img/img_00122769.jpg,upper-body clothes,277,181,267,86,410,133
19942,img/img_00122770.jpg,upper-body clothes,129,122,201,79,214,85
19943,img/img_00122784.jpg,upper-body clothes,240,217,261,44,387,147
19944,img/img_00122792.jpg,upper-body clothes,238,114,219,105,369,131
19945,img/img_00122804.jpg,full-body clothes,309,38,296,258,367,58
19946,img/img_00122805.jpg,full-body clothes,349,154,268,114,475,126
19947,img/img_00122817.jpg,upper-body clothes,200,156,261,105,331,131
19948,img/img_00122820.jpg,upper-body clothes,272,214,285,71,421,149
19949,img/img_00122821.jpg,upper-body clothes,180,129,221,92,321,141
19950,img/img_00122826.jpg,upper-body clothes,62,82,133,51,321,259
19951,img/img_00122830.jpg,upper-body clothes,244,189,257,68,382,138
19952,img/img_00122832.jpg,upper-body clothes,183,201,285,84,303,120
19953,img/img_00122835.jpg,upper-body clothes,260,53,246,193,376,116
19954,img/img_00122837.jpg,upper-body clothes,222,231,265,34,415,193
19955,img/img_00122838.jpg,upper-body clothes,287,225,336,111,442,155
19956,img/img_00122846.jpg,lower-body clothes,100,69,215,146,398,298
19957,img/img_00122848.jpg,lower-body clothes,123,178,194,16,444,321
19958,img/img_00122853.jpg,lower-body clothes,83,267,277,10,154,71
19959,img/img_00122872.jpg,upper-body clothes,488,380,380,0,488,0
19960,img/img_00122876.jpg,upper-body clothes,472,185,185,0,472,0
19961,img/img_00122880.jpg,upper-body clothes,125,61,98,37,193,68
19962,img/img_00122887.jpg,upper-body clothes,249,46,188,142,364,115
19963,img/img_00122891.jpg,upper-body clothes,223,201,327,126,359,136
19964,img/img_00122895.jpg,full-body clothes,308,184,286,102,449,141
19965,img/img_00122905.jpg,full-body clothes,380,310,310,0,380,0
19966,img/img_00122911.jpg,full-body clothes,500,250,250,0,500,0
19967,img/img_00122920.jpg,full-body clothes,393,378,378,0,393,0
19968,img/img_00122921.jpg,full-body clothes,277,300,300,0,277,0
19969,img/img_00122923.jpg,full-body clothes,216,223,223,0,216,0
19970,img/img_00122930.jpg,full-body clothes,285,82,147,65,386,101
19971,img/img_00122933.jpg,full-body clothes,402,117,239,122,482,80
19972,img/img_00122936.jpg,full-body clothes,362,40,217,177,468,106
19973,img/img_00122938.jpg,full-body clothes,133,19,116,97,178,45
19974,img/img_00122941.jpg,full-body clothes,363,156,336,180,476,113
19975,img/img_00122944.jpg,full-body clothes,355,129,250,121,443,88
19976,img/img_00122950.jpg,upper-body clothes,132,94,143,49,202,70
19977,img/img_00122962.jpg,upper-body clothes,126,107,320,213,217,91
19978,img/img_00122963.jpg,upper-body clothes,120,90,146,56,220,100
19979,img/img_00122979.jpg,full-body clothes,324,105,269,164,431,107
19980,img/img_00122995.jpg,upper-body clothes,287,202,277,75,373,86
19981,img/img_00123007.jpg,upper-body clothes,159,127,188,61,261,102
19982,img/img_00123009.jpg,upper-body clothes,114,69,150,81,179,65
19983,img/img_00123015.jpg,upper-body clothes,174,64,184,120,236,62
19984,img/img_00123020.jpg,upper-body clothes,357,178,204,26,457,100
19985,img/img_00123033.jpg,upper-body clothes,171,31,165,134,324,153
19986,img/img_00123036.jpg,upper-body clothes,141,66,249,183,263,122
19987,img/img_00123038.jpg,upper-body clothes,307,277,277,0,307,0
19988,img/img_00123046.jpg,full-body clothes,129,86,191,105,299,170
19989,img/img_00123047.jpg,full-body clothes,257,65,218,153,330,73
19990,img/img_00123051.jpg,full-body clothes,250,224,278,54,416,166
19991,img/img_00123052.jpg,full-body clothes,154,88,201,113,298,144
